    1126479289.9         1126480063.4         7.61845e-05               Z           
    1132440670.8         1132441289.3         1.46456e-05               Z           
    1132440355.1         1132440977.3         1.47112e-05               Z           
    1132440355.8         1132440977.4         1.47112e-05               Z           
    1129885799.6         1129886582.9         3.36736e-06               Y           
    1133509823.6         1133510622.0         4.03637e-05               Y           
    1133509824.5         1133510622.0         4.03637e-05               Y           
    1133509823.0         1133510622.2         4.03637e-05               Y           
    1133303117.1         1133304315.2         2.03780e-06               Z           
    1129413139.6         1129413901.6         3.92608e-06               Z           
    1131906681.6         1131907465.5         7.13584e-06               Z           
    1126480738.8         1126481512.0         7.24687e-05               Z           
    1133691727.4         1133692581.2         4.89444e-06               Y           
    1131245196.9         1131245963.0         4.70870e-06               Z           
    1131242095.5         1131242861.6         4.08019e-06               Z           
    1131242095.6         1131242861.7         4.08019e-06               Z           
    1133691725.5         1133692581.1         4.89444e-06               Y           
    1130916720.8         1130917488.9         1.50570e-06               Z           
    1132551935.3         1132552549.8         1.52879e-06               Z           
    1131483108.0         1131483843.0         1.06250e-05               Y           
    1126498244.8         1126499017.8         1.76034e-06               Z           
    1126167265.6         1126167571.6         4.66520e-05               Z           
    1135897539.1         1135898369.8         1.94056e-06               Z           
    1136777150.6         1136777788.7         1.14926e-06               Y           
    1136777150.0         1136777788.1         1.14926e-06               Y           
    1131036439.2         1131037346.8         1.70423e-06               Z           
    1127145224.7         1127146064.2         5.40345e-07               Z           
    1126892417.1         1126893190.0         1.54285e-06               Z           
    1134417010.2         1134417436.2         2.45606e-06               Z           
    1131779424.3         1131780193.4         2.16677e-06               Y           
    1131120243.1         1131120651.7         3.09115e-06               Z           
    1130643872.2         1130644755.6         7.66104e-07               Y           
    1126497323.9         1126498094.4         1.89776e-06               Z           
    1126497313.3         1126498085.1         1.89776e-06               Z           
    1126497332.4         1126498104.7         1.87741e-06               Z           
    1136565504.1         1136566341.0         1.79261e-06               Y           
    1136565502.9         1136566341.0         1.79261e-06               Y           
    1136565502.0         1136566340.1         1.79261e-06               Y           
    1126489282.9         1126490051.9         1.34737e-06               Z           
    1126479572.0         1126480345.0         7.49811e-05               Z           
    1127271095.8         1127271863.9         3.35653e-07               Z           
    1126424475.7         1126425317.6         3.57168e-07               Z           
    1135648856.9         1135649815.2         1.32357e-06               Z           
    1135106104.2         1135106890.1         1.36988e-07               Z           
    1132693240.0         1132693986.0         2.46753e-07               Z           
    1130915088.4         1130915853.6         1.72902e-06               Z           
    1129599623.3         1129600800.3         6.30724e-08               Z           
    1126702357.9         1126703134.4         3.78018e-07               Z           
    1126602661.7         1126603439.7         2.39595e-07               Z           
    1136567301.0         1136567913.6         1.52679e-06               Y           
    1135021460.1         1135022294.3         5.22229e-07               Y           
    1132131989.1         1132132847.6         5.45859e-08               Y           
    1128560324.2         1128561157.0         5.83267e-07               Y           
    1126849191.9         1126849964.2         2.61825e-07               Z           
    1126674424.5         1126675192.1         1.99477e-07               Z           
    1126480586.4         1126481357.8         7.30159e-05               Z           
    1126479853.6         1126480628.2         7.38965e-05               Z           
    1126447419.1         1126448216.2         7.45620e-07               Z           
    1134672472.5         1134673338.3         3.52710e-07               Z           
    1133701098.8         1133701859.6         7.10530e-07               Y           
    1132131990.5         1132132847.1         5.45859e-08               Y           
    1136777145.3         1136777831.9         1.24792e-06               Y           
    1134672473.6         1134673338.2         3.52710e-07               Z           
    1132406512.8         1132407181.9         1.08386e-07               N           
    1129608275.1         1129609478.0         9.83522e-08               N           
    1129220332.5         1129221056.5         1.07269e-06               Z           
    1128836605.3         1128837167.4         7.22501e-07               Z           
    1127338852.4         1127339700.4         1.87502e-07               Y           
    1126941197.5         1126941966.9         1.06604e-07               Z           
    1126627199.6         1126627858.0         6.14558e-07               Z           
    1134526270.3         1134527054.2         3.87218e-07               Y           
    1136021671.0         1136022503.2         3.40939e-07               Z           
    1136627128.6         1136628331.9         4.96120e-08               N           
    1136066407.2         1136067111.8         3.88609e-08               Z           
    1131727770.7         1131728339.7         1.90806e-07               Z           
    1129885789.0         1129886575.2         3.36736e-06               Y           
    1128098023.8         1128098790.8         1.35988e-07               Z           
    1127888832.8         1127889599.3         9.41283e-08               Y           
    1127489302.8         1127490033.3         1.70910e-07               Z           
    1136699779.2         1136700474.5         7.25152e-08               Y           
    1136627128.4         1136628331.8         4.96120e-08               N           
    1126531963.0         1126532739.5         6.03385e-08               Z           
    1126527291.9         1126528073.0         1.47990e-07               Z           
    1126481898.7         1126482674.0         3.81892e-05               Z           
    1126125164.0         1126125966.6         5.09644e-07               Z           
    1135995689.6         1135996414.4         3.44283e-08               Z           
    1135695752.6         1135696535.4         7.66066e-08               Z           
    1135389118.9         1135389903.0         3.55940e-07               Z           
    1135101502.0         1135102290.7         3.14126e-08               Z           
    1135033875.2         1135034730.5         2.49254e-08               Y           
    1134924926.9         1134925934.4         6.16545e-08               N           
    1134588322.5         1134589089.6         4.19066e-08               Y           
    1133024922.1         1133025650.6         1.68676e-07               Y           
    1132858386.5         1132859145.7         9.28999e-08               Z           
    1132182347.7         1132183116.3         9.41725e-08               Z           
    1132032729.5         1132033437.8         2.12489e-07               Z           
    1131669590.5         1131670064.9         4.01455e-07               Y           
    1131320196.2         1131321051.0         1.94035e-08               Y           
    1130487350.5         1130487761.0         3.48520e-07               Z           
    1130426194.5         1130426930.3         5.98693e-08               Z           
    1130100417.3         1130101167.8         3.90355e-07               Y           
    1129820354.7         1129821144.3         1.01422e-07               Y           
    1129673019.8         1129673845.0         7.73857e-08               Z           
    1129297858.6         1129298667.8         2.46637e-08               Z           
    1129116806.0         1129117572.3         5.95167e-08               Z           
    1127887439.1         1127888233.6         9.35701e-08               Y           
    1127145433.2         1127146212.8         5.02166e-07               Z           
    1137176675.4         1137177451.7         2.84802e-07               Y           
    1136804675.0         1136805408.6         3.69578e-07               Y           
    1135995688.3         1135996414.3         3.44283e-08               Z           
    1135695753.7         1135696535.8         7.66066e-08               Z           
    1135594635.1         1135595129.5         5.01879e-07               Z           
    1134924926.5         1134925933.8         6.16545e-08               N           
    1134588322.6         1134589089.6         4.19066e-08               Y           
    1126488799.6         1126489575.3         2.12035e-06               Z           
    1136664316.7         1136665098.6         8.87906e-09               Y           
    1135743756.7         1135744371.5         4.10960e-08               N           
    1135594637.5         1135595129.5         5.01879e-07               Z           
    1134747861.8         1134748632.8         1.26505e-08               Z           
    1133784331.7         1133785294.3         1.06535e-07               N           
    1133564032.1         1133564480.9         5.27808e-08               Z           
    1132513078.6         1132513923.5         5.37196e-08               N           
    1132251381.7         1132252179.7         2.13141e-08               Z           
    1131564038.4         1131564772.0         3.79137e-07               Z           
    1131017611.6         1131018019.2         4.12144e-07               Z           
    1131010514.3         1131011428.8         4.98223e-07               N           
    1131005634.4         1131006335.6         6.74775e-08               N           
    1130928841.2         1130929609.2         4.15019e-08               Z           
    1130621119.0         1130622003.7         2.27757e-08               Z           
    1129368565.8         1129369247.0         4.74804e-08               N           
    1128101771.9         1128102203.2         9.13876e-08               Z           
    1127664429.3         1127665366.6         4.79154e-07               Z           
    1127137755.5         1127137873.7         5.59248e-06               Y           
    1126688846.5         1126689617.6         7.59048e-08               Y           
    1136664316.0         1136665097.9         8.87906e-09               Y           
    1126534773.0         1126535545.3         8.67363e-08               Z           
    1126497747.0         1126498519.7         1.80890e-06               Z           
    1126481022.7         1126481793.0         7.29045e-05               Z           
    1126480183.2         1126480954.9         7.31554e-05               Z           
    1136463139.4         1136463994.9         1.22083e-07               Y           
    1136250738.0         1136251506.6         6.98298e-08               Z           
    1135320947.0         1135321522.3         4.35144e-08               Z           
    1134092775.8         1134093633.0         1.39487e-08               Z           
    1133614584.4         1133615354.4         5.10024e-08               N           
    1133456986.3         1133457677.5         1.51373e-08               N           
    1132724697.1         1132725466.8         8.60078e-08               Y           
    1132714284.8         1132714900.9         4.07873e-08               Y           
    1132660004.2         1132660472.0         5.31732e-08               N           
    1132346498.5         1132346900.7         8.50046e-07               Y           
    1131816593.3         1131817383.1         1.59969e-07               Y           
    1131429874.2         1131430655.9         6.05055e-08               Y           
    1131258410.7         1131258992.4         2.98918e-07               Y           
    1131236834.8         1131237601.8         4.07405e-08               Z           
    1131045304.4         1131046211.8         6.19206e-08               Z           
    1131014794.5         1131015202.3         3.33163e-07               Z           
    1130651565.4         1130652359.3         1.82183e-07               Z           
    1129595276.6         1129596116.6         9.13162e-08               Z           
    1129408409.1         1129409291.8         1.79848e-06               Z           
    1129139556.9         1129140359.2         1.72462e-08               Y           
    1129012723.2         1129013220.6         4.74522e-08               Z           
    1128672318.6         1128673159.4         4.30614e-08               N           
    1128654936.2         1128655708.1         4.51186e-08               N           
    1126900585.7         1126901359.3         1.43886e-07               Z           
    1126703354.8         1126704125.1         3.58115e-07               Z           
    1126599514.9         1126600292.4         3.54178e-07               Z           
    1137204824.2         1137205608.6         3.95518e-08               Y           
    1137021766.0         1137022630.5         8.62862e-08               Y           
    1136812506.2         1136813322.8         3.05703e-08               Y           
    1136804675.8         1136805409.3         3.69578e-07               Y           
    1126480163.8         1126480933.8         7.31554e-05               Z           
    1126166270.5         1126166577.8         1.91174e-06               Z           
    1134572633.0         1134573566.2         2.68540e-08               Y           
    1133998391.9         1133999177.6         2.68597e-08               N           
    1133741389.8         1133742179.5         7.34583e-08               Y           
    1133512273.7         1133513056.0         4.04321e-05               Z           
    1133509888.4         1133510658.6         4.00913e-05               Z           
    1132949962.3         1132950972.4         1.26690e-08               Y           
    1132858598.6         1132859357.9         9.29516e-08               Z           
    1132433119.3         1132433936.3         4.43825e-08               Z           
    1131277540.9         1131278460.6         8.67693e-08               Z           
    1131091986.6         1131092891.9         1.66047e-07               Y           
    1131014538.6         1131015446.7         5.38798e-07               Z           
    1130960430.5         1130961240.5         1.58106e-08               Z           
    1130776375.8         1130777166.4         5.29565e-08               Y           
    1130447397.8         1130448184.9         7.85971e-08               Z           
    1129743096.4         1129743857.3         1.05458e-08               N           
    1128502582.4         1128503554.4         1.50427e-07               Z           
    1128450473.7         1128451245.9         5.44679e-08               Z           
    1127965806.5         1127966576.8         2.16054e-08               N           
    1127357790.7         1127358645.5         1.23605e-08               Y           
    1127326661.9         1127327459.8         6.25395e-08               Z           
    1127323423.8         1127324210.6         1.28987e-08               Z           
    1126895830.5         1126896601.0         3.82659e-07               Z           
    1136808946.5         1136809864.2         3.09265e-08               Y           
    1131091983.0         1131092892.1         1.66047e-07               Y           
    1126557648.8         1126558418.1         2.05381e-08               Z           
    1126515541.7         1126516066.4         1.29091e-08               Z           
    1126503897.0         1126504672.5         2.43665e-07               Z           
    1126499216.0         1126499989.0         1.75663e-06               Z           
    1126493986.1         1126494755.6         2.80315e-07               Z           
    1126481320.1         1126482090.2         7.33649e-05               Z           
    1126131385.1         1126132192.1         3.55167e-08               Z           
    1136383974.1         1136384716.0         1.23287e-08               N           
    1136326909.4         1136327809.0         1.70427e-08               Z           
    1136021672.2         1136022504.5         3.40939e-07               Z           
    1135632595.9         1135633387.0         3.30791e-08               N           
    1135140212.2         1135141413.3         1.16099e-08               N           
    1134512233.5         1134513066.6         2.21982e-08               Z           
    1134474425.3         1134475252.3         5.26631e-08               Z           
    1134423116.6         1134423675.0         4.18973e-08               Z           
    1134024146.1         1134025002.7         5.68317e-08               Y           
    1133708235.0         1133709092.3         9.33333e-08               Z           
    1133705658.4         1133706515.4         8.66032e-08               Y           
    1133517915.3         1133518712.6         4.34898e-07               Z           
    1133488045.5         1133488834.1         2.77346e-08               Y           
    1133466712.5         1133467480.8         6.52309e-08               Y           
    1133238367.8         1133239085.1         5.00601e-08               Z           
    1133134046.9         1133134837.9         3.48213e-08               Z           
    1132785187.3         1132786023.8         2.60070e-08               N           
    1132757256.3         1132758184.1         6.26119e-09               N           
    1132751515.8         1132752422.1         2.49908e-08               N           
    1132648458.6         1132649298.8         5.08611e-08               Y           
    1132521455.5         1132522285.1         1.75399e-08               Z           
    1132368395.3         1132369162.1         1.14963e-07               Z           
    1131452514.0         1131453241.5         6.41562e-08               Y           
    1130834664.5         1130835433.4         3.63489e-08               Z           
    1130384944.5         1130385586.9         6.12179e-08               Y           
    1129979115.4         1129980299.7         7.70322e-09               N           
    1129336631.5         1129337379.0         8.21689e-09               Y           
    1129149910.9         1129150694.0         3.06191e-07               Z           
    1128938865.1         1128939466.5         1.09747e-08               Y           
    1128220238.6         1128220789.6         8.02632e-08               Y           
    1127900655.5         1127901851.8         2.21460e-08               Z           
    1127774987.6         1127775703.7         9.80334e-09               Z           
    1127669171.2         1127669555.8         3.80962e-07               Z           
    1127604067.8         1127604886.5         1.16762e-08               Z           
    1127436160.6         1127436799.9         6.75807e-08               Z           
    1127435571.5         1127436209.2         7.92454e-08               Z           
    1127423102.0         1127423873.8         2.04447e-08               Z           
    1127272864.6         1127273657.5         3.50335e-07               Z           
    1127060334.9         1127061271.1         1.26655e-08               Y           
    1126885045.0         1126885815.7         3.15328e-08               Z           
    1126686701.6         1126687470.4         4.78330e-08               N           
    1137122455.8         1137122920.8         1.33896e-07               Y           
    1136326908.4         1136327809.6         1.70427e-08               Z           
    1126498728.9         1126499498.5         1.75395e-06               Z           
    1126142011.6         1126142856.5         8.45737e-09               Z           
    1126100298.9         1126100937.4         2.27125e-08               Z           
    1136586013.3         1136586728.4         3.05453e-08               Y           
    1136325311.4         1136325673.8         1.38106e-07               Z           
    1136121552.6         1136121984.1         7.54555e-07               Y           
    1136091553.4         1136092385.9         2.41742e-08               Y           
    1135264806.1         1135265535.4         1.25770e-08               Y           
    1134391460.2         1134392259.8         1.10089e-08               N           
    1134333534.1         1134334273.8         2.42124e-08               Z           
    1134006754.7         1134007334.3         6.51713e-08               Y           
    1134006442.4         1134007280.8         6.16692e-08               Y           
    1133733179.2         1133734385.9         7.99754e-08               Z           
    1133703193.1         1133703882.9         8.38141e-07               Y           
    1133699968.2         1133700822.6         7.37844e-07               Y           
    1133510367.0         1133511164.4         3.98919e-05               Z           
    1133409805.2         1133410594.3         2.03479e-08               Z           
    1133316617.7         1133317376.6         1.86780e-08               Z           
    1133191765.5         1133192549.5         1.85734e-08               Y           
    1133086126.0         1133086906.8         2.42517e-08               Y           
    1132929941.3         1132930676.9         1.33115e-08               Y           
    1132170352.4         1132171083.4         1.49102e-07               Z           
    1131555228.3         1131556136.3         4.50618e-08               Z           
    1131513952.5         1131514690.8         1.31853e-07               Z           
    1131293524.3         1131294236.2         1.77082e-08               N           
    1131212920.1         1131213651.0         1.59304e-07               Y           
    1131084752.7         1131085659.1         1.67580e-08               Z           
    1131079604.7         1131080341.9         1.22550e-08               N           
    1130925991.8         1130926727.5         4.35734e-08               Z           
    1130914727.3         1130915304.7         2.68911e-07               Z           
    1130807413.5         1130807801.4         1.97140e-07               N           
    1130659950.9         1130660873.0         1.98408e-08               Y           
    1130644279.6         1130645164.3         7.45880e-07               Y           
    1130488292.3         1130488702.9         3.28861e-07               Z           
    1130391748.5         1130392581.7         9.79747e-08               Z           
    1130301852.8         1130302736.5         1.72152e-08               Z           
    1130122185.0         1130122627.3         9.43659e-09               Y           
    1129983338.3         1129984522.0         1.64594e-08               N           
    1129571279.1         1129572006.0         1.39485e-08               Z           
    1129511847.3         1129512771.1         2.20474e-08               Y           
    1129442706.2         1129443373.0         9.11562e-09               Z           
    1129256274.1         1129257052.3         4.90496e-08               Z           
    1129150967.5         1129151752.9         3.02740e-07               Z           
    1128005451.4         1128006147.7         2.35841e-08               Z           
    1127693117.8         1127694050.3         1.20635e-08               Y           
    1126948969.4         1126949722.2         1.63295e-08               Y           
    1126686892.6         1126687690.3         8.90475e-08               N           
    1137257680.8         1137258474.6         6.52386e-08               Y           
    1137204142.4         1137205063.6         4.27783e-08               Y           
    1136325308.3         1136325673.6         1.38106e-07               Z           
    1136121552.5         1136121983.9         7.54555e-07               Y           
    1134944915.5         1134945646.2         3.02053e-08               Y           
    1131084751.0         1131085659.2         1.67580e-08               Z           
    1126543954.9         1126544722.3         6.76278e-09               Z           
    1126541332.5         1126542102.0         5.48093e-09               Z           
    1126527001.0         1126527778.2         1.52728e-07               Z           
    1126482108.5         1126482877.8         3.57399e-05               Z           
    1126481806.6         1126482581.7         5.34616e-05               Z           
    1126481526.8         1126482291.8         7.59233e-05               Z           
    1126452161.1         1126452957.6         1.41477e-07               Z           
    1126381071.8         1126381851.6         4.02056e-08               Z           
    1126165253.6         1126165559.5         6.90464e-07               Z           
    1136590790.6         1136591633.1         2.12643e-08               Z           
    1136233436.8         1136233993.1         1.34122e-08               Z           
    1136061393.7         1136062211.5         4.25306e-08               Z           
    1136006927.2         1136007772.4         3.22559e-08               Y           
    1135953390.9         1135954191.9         9.66509e-09               Y           
    1135759059.5         1135759847.2         9.36820e-09               Z           
    1135355182.0         1135356035.9         1.63247e-08               Z           
    1135348784.8         1135349574.4         2.07009e-08               Z           
    1135203094.3         1135203908.0         8.60825e-09               Z           
    1135162870.0         1135163658.9         7.06311e-09               Y           
    1134944917.0         1134945646.3         3.02053e-08               Y           
    1134824727.8         1134825510.3         1.08790e-07               Z           
    1134638948.5         1134639751.0         1.26591e-08               Z           
    1134631768.0         1134632549.9         8.67345e-08               Z           
    1134221393.0         1134222170.3         6.91584e-08               Z           
    1134162738.8         1134163114.5         3.79997e-08               Y           
    1134092057.6         1134092914.8         1.28589e-08               Z           
    1133748300.7         1133749155.3         2.31587e-08               Z           
    1133698001.2         1133698856.5         6.96448e-07               Y           
    1133694946.2         1133695801.2         8.55876e-07               Y           
    1133511001.9         1133511801.7         3.96099e-05               Z           
    1133492096.7         1133492830.7         2.21396e-08               Y           
    1133146971.5         1133147708.7         7.77573e-09               Y           
    1132753180.3         1132754011.5         2.27713e-08               N           
    1131976201.7         1131977055.9         7.15379e-09               N           
    1131847144.0         1131847993.4         6.78746e-08               Z           
    1131531719.4         1131532373.0         2.77145e-08               Z           
    1131384536.1         1131384952.2         2.86558e-08               Z           
    1131315496.5         1131316330.6         1.46044e-08               Z           
    1131037177.8         1131038085.0         1.68299e-06               Z           
    1131032473.4         1131033038.4         1.42435e-07               Z           
    1131024244.8         1131025153.1         5.53444e-08               Z           
    1130972051.4         1130972894.4         1.08437e-08               Y           
    1130723979.4         1130724484.3         5.09609e-08               Y           
    1130517424.7         1130518278.3         1.96640e-08               N           
    1130468665.3         1130469348.7         2.61790e-08               N           
    1130239620.4         1130240444.0         7.87063e-08               N           
    1129819689.0         1129820070.9         6.78204e-08               Y           
    1129509165.4         1129510362.1         2.35408e-08               Y           
    1128669822.8         1128670743.7         4.74647e-08               N           
    1128659757.8         1128660315.1         1.92114e-08               N           
    1128503058.0         1128503987.9         1.50340e-07               Z           
    1128202070.0         1128202861.6         1.44222e-08               Z           
    1127836330.3         1127837170.2         4.57817e-09               Y           
    1127591618.3         1127592421.6         1.42941e-08               Z           
    1127576133.8         1127576924.7         1.26599e-07               Y           
    1127551627.6         1127552274.4         1.96350e-08               N           
    1127257137.3         1127257870.5         2.36723e-08               Z           
    1127146422.7         1127147191.0         4.75544e-07               Z           
    1127145456.5         1127146208.0         5.02664e-07               Z           
    1126929811.7         1126930724.9         2.44065e-08               Z           
    1126619494.0         1126620265.6         3.54041e-09               N           
    1137208939.4         1137209721.5         2.40095e-08               Y           
    1137180127.2         1137180972.0         5.40495e-08               Y           
    1137079820.5         1137080665.1         5.95695e-08               Y           
    1137054640.7         1137055131.8         6.42313e-08               Y           
    1137005690.7         1137006610.0         8.38476e-08               Y           
    1136998697.7         1136999216.1         5.61467e-08               Y           
    1136752515.8         1136753323.4         4.00984e-08               Y           
    1136636859.5         1136637698.3         8.79975e-09               N           
    1136627220.2         1136628423.6         4.96891e-08               N           
    1136061394.7         1136062211.6         4.25306e-08               Z           
    1135953390.5         1135954191.9         9.66509e-09               Y           
    1126564777.4         1126565548.4         2.15851e-08               Z           
    1126521103.1         1126521872.6         4.33538e-09               Z           
    1126503674.7         1126504449.1         2.52034e-07               Z           
    1126499905.1         1126500677.3         1.88107e-06               Z           
    1126494779.0         1126495547.5         3.78695e-07               Z           
    1126488125.7         1126488901.3         3.36821e-06               Z           
    1126484557.5         1126485333.1         6.28449e-06               Z           
    1126481561.8         1126482334.7         7.69197e-05               Z           
    1126480409.3         1126481177.4         7.30546e-05               Z           
    1126444156.1         1126444935.7         2.48640e-07               Z           
    1126168049.4         1126168354.8         3.93699e-05               Z           
    1126148163.7         1126148948.0         1.12046e-08               Z           
    1126111370.8         1126112133.4         4.23553e-09               Z           
    1136636865.3         1136637697.2         8.79975e-09               N           
    1136199048.9         1136199874.4         2.42501e-08               N           
    1136079018.5         1136079710.9         6.16084e-08               Z           
    1135508931.7         1135509680.8         8.08511e-08               Z           
    1135365872.5         1135366684.3         1.86949e-08               Y           
    1135064647.0         1135065411.3         1.38354e-08               N           
    1135023539.7         1135024328.9         8.22926e-06               Y           
    1134920230.5         1134921026.8         2.42137e-08               N           
    1134512066.2         1134512755.3         2.34826e-08               Z           
    1134234522.1         1134235475.1         2.28221e-07               Y           
    1134174050.5         1134174758.4         4.78881e-08               Z           
    1134021217.0         1134021887.2         5.01639e-08               Y           
    1133839265.8         1133840194.6         2.77422e-08               Y           
    1133795023.4         1133795784.2         1.29944e-08               N           
    1133188290.1         1133189075.8         6.22301e-09               Y           
    1133007278.8         1133008125.3         1.66526e-08               Z           
    1132985640.4         1132986422.4         1.91176e-08               Z           
    1132620791.5         1132621405.8         5.85771e-09               Z           
    1132581108.3         1132581796.6         1.04851e-08               Z           
    1132532259.8         1132533050.4         2.11486e-08               Z           
    1132261380.1         1132262151.5         1.33105e-07               Z           
    1132259928.5         1132260506.4         1.92462e-08               Z           
    1132097158.4         1132097930.1         6.18747e-09               Z           
    1132066257.3         1132067103.8         6.12779e-09               N           
    1132032855.2         1132033564.3         2.08719e-07               Z           
    1131992151.2         1131992918.2         1.36824e-08               Z           
    1131940068.8         1131940863.4         2.29646e-08               Z           
    1131908052.8         1131908837.3         7.18069e-06               Z           
    1131900444.9         1131901378.7         1.68672e-08               Z           
    1131856747.9         1131857478.7         1.41826e-07               Z           
    1131784437.8         1131785207.3         2.05508e-07               Y           
    1131679919.2         1131680390.7         2.92271e-08               Z           
    1131568486.3         1131569220.4         5.93568e-08               Z           
    1131454495.4         1131455223.8         4.62510e-08               Y           
    1131278948.1         1131279453.9         5.71226e-08               Z           
    1131246486.0         1131247252.4         7.13021e-07               Z           
    1131243836.3         1131244602.8         3.85028e-06               Z           
    1131242482.9         1131243249.4         3.96455e-06               Z           
    1131112673.4         1131113475.6         1.03337e-08               N           
    1131061680.7         1131062621.6         1.71121e-08               N           
    1131028462.4         1131029371.1         8.43033e-08               Z           
    1131018896.3         1131019804.3         1.95842e-07               Z           
    1130660114.8         1130660999.4         1.96327e-08               Y           
    1130652889.8         1130653825.2         4.80588e-08               Z           
    1130651008.5         1130651801.4         4.19730e-07               Z           
    1130548261.0         1130549005.7         1.37764e-08               Z           
    1130487879.5         1130488290.4         2.73670e-07               Z           
    1130470520.5         1130470999.3         2.30653e-08               N           
    1130236037.8         1130236884.0         7.53954e-08               N           
    1130210338.9         1130211255.2         9.99265e-09               Y           
    1129900335.8         1129901024.1         2.81808e-08               Y           
    1129889363.0         1129890296.3         3.97690e-06               Y           
    1129590476.0         1129590592.3         4.47813e-07               Z           
    1129227462.2         1129228186.5         5.86931e-08               Z           
    1129220634.8         1129221358.8         1.05308e-06               Z           
    1128826044.8         1128826876.0         6.64432e-09               N           
    1128679473.0         1128680263.6         1.34571e-07               Z           
    1128497484.6         1128498241.1         2.19819e-08               N           
    1128447307.7         1128448108.1         3.39280e-08               Z           
    1128443322.4         1128444171.6         2.19941e-08               Z           
    1128436772.0         1128437554.3         5.38294e-09               Z           
    1128297970.0         1128298351.7         6.67560e-08               Z           
    1128296620.2         1128297004.3         6.78989e-08               Z           
    1128158500.7         1128158977.5         1.26126e-08               Z           
    1127906478.7         1127907244.2         1.24264e-08               Z           
    1127703009.9         1127703942.6         8.84427e-09               Y           
    1127437342.4         1127437981.4         6.50673e-08               Z           
    1126902399.5         1126903138.5         5.68780e-08               Z           
    1126774969.5         1126775738.7         1.12302e-08               Z           
    1126764438.2         1126765212.7         1.08761e-08               Y           
    1126676179.4         1126676970.5         1.93277e-07               Z           
    1126658931.4         1126659767.8         1.33843e-08               N           
    1137159855.0         1137160643.3         2.03517e-08               Y           
    1137093933.8         1137095137.1         3.25260e-08               Y           
    1137019103.5         1137019892.5         1.22834e-07               Y           
    1136854625.0         1136855572.9         1.73274e-08               Y           
    1136785196.7         1136785907.6         3.97566e-08               Y           
    1136777915.1         1136778788.4         1.45770e-06               Y           
    1136755111.5         1136755886.0         3.67215e-08               Y           
    1136744960.9         1136745710.5         1.90995e-08               Y           
    1136699267.8         1136700205.5         7.77803e-08               Y           
    1136199048.4         1136199874.3         2.42501e-08               N           
    1136170372.7         1136170789.3         1.01893e-08               N           
    1135348788.6         1135349574.3         2.07009e-08               Z           
    1135143625.0         1135144379.5         9.80654e-09               Z           
    1131900444.4         1131901378.7         1.68672e-08               Z           
    1131112673.9         1131113475.5         1.03337e-08               N           
    1127316923.0         1127317759.4         3.02252e-08               N           
    1127234249.0         1127235097.2         6.34345e-09               Y           
    1126569317.7         1126570093.1         5.70217e-09               N           
    1126507011.3         1126507736.8         1.50490e-07               Z           
    1126499548.4         1126500321.5         1.80539e-06               Z           
    1126497921.0         1126498694.7         1.80190e-06               Z           
    1126489178.6         1126489950.4         1.30637e-06               Z           
    1126488148.9         1126488915.2         3.36821e-06               Z           
    1126485811.1         1126486584.3         5.26527e-06               Z           
    1126483594.4         1126484365.3         1.10050e-05               Z           
    1126482181.8         1126482954.5         2.86349e-05               Z           
    1126481638.2         1126482409.9         7.79307e-05               Z           
    1126481509.8         1126482281.2         7.59233e-05               Z           
    1126466490.3         1126467285.9         2.35111e-08               Z           
    1126376780.5         1126377509.8         3.96457e-08               Z           
    1136498874.7         1136499636.1         9.15054e-09               Y           
    1136481065.8         1136481762.3         1.21611e-08               Z           
    1136468031.3         1136468804.7         2.07240e-08               Y           
    1136279246.5         1136280030.7         1.67135e-08               N           
    1136254656.4         1136255352.5         1.63049e-08               Z           
    1136216460.1         1136217268.9         1.33822e-08               Y           
    1136170370.0         1136170788.6         1.01893e-08               N           
    1136061100.0         1136061912.9         4.46306e-08               Z           
    1135994319.9         1135994746.9         3.69294e-07               Z           
    1135724710.3         1135725402.5         1.17289e-08               Z           
    1135635754.3         1135636161.8         2.66332e-08               N           
    1135481152.3         1135481600.2         9.25660e-09               N           
    1135479533.5         1135480269.9         1.04059e-08               N           
    1135187905.2         1135188680.3         7.88067e-09               Y           
    1134922688.6         1134923295.5         1.76508e-08               N           
    1134900546.8         1134901331.1         4.15446e-08               N           
    1134888219.0         1134888776.9         1.29592e-08               Y           
    1134736649.3         1134737364.7         1.40754e-08               N           
    1134684291.9         1134685073.1         1.98163e-08               Y           
    1134534469.8         1134535030.4         4.09293e-08               Z           
    1134236947.2         1134237899.2         8.03631e-07               Y           
    1134168994.2         1134169779.5         1.90789e-08               N           
    1133968155.0         1133968939.6         2.62067e-08               Z           
    1133906753.8         1133907955.9         2.37298e-08               Z           
    1133808948.9         1133809781.7         1.20036e-07               Y           
    1133723875.3         1133724675.7         1.78302e-08               Z           
    1133714161.7         1133715016.7         2.98120e-07               Z           
    1133712387.4         1133713241.9         2.69287e-07               Z           
    1133698656.5         1133699510.9         6.74807e-07               Y           
    1133634936.4         1133635782.9         2.07855e-07               Z           
    1133464614.0         1133465589.6         6.68874e-08               Y           
    1133391600.9         1133392366.9         1.70123e-08               Z           
    1133295755.1         1133296759.2         9.63814e-09               Z           
    1133193332.1         1133194065.4         1.66567e-08               Y           
    1133137452.7         1133138189.6         2.63629e-08               Z           
    1133012412.1         1133013108.9         8.67227e-09               Z           
    1133006930.5         1133007697.3         1.40557e-08               Z           
    1132989991.1         1132990762.7         1.20817e-08               Z           
    1132789674.1         1132790174.7         2.73787e-08               N           
    1132674419.8         1132675334.3         4.10472e-09               N           
    1132659651.3         1132660467.7         7.01294e-08               N           
    1132485799.0         1132486623.3         3.70543e-08               N           
    1132462027.8         1132462711.0         3.93914e-08               Z           
    1132391673.0         1132392444.2         9.47101e-09               N           
    1132312750.6         1132313942.5         1.06513e-08               Z           
    1132241664.9         1132242626.9         1.51040e-08               Y           
    1132215092.8         1132215503.7         1.28063e-08               Y           
    1131941769.6         1131942603.8         2.41893e-08               Z           
    1131884155.0         1131884923.4         1.32468e-08               Z           
    1131878233.7         1131879152.2         1.61002e-08               Z           
    1131799880.6         1131800728.2         6.25746e-08               Y           
    1131725605.7         1131726369.9         2.39377e-07               Z           
    1131707085.6         1131708283.1         1.00110e-08               N           
    1131599532.1         1131600295.7         1.03271e-07               N           
    1131432906.1         1131433548.2         4.22289e-08               Y           
    1131301151.7         1131301704.8         7.86672e-09               Z           
    1131148471.4         1131148875.9         1.88194e-08               N           
    1131123803.9         1131124524.9         4.52122e-07               Z           
    1130965088.8         1130966019.5         1.39894e-08               Z           
    1130939101.7         1130939768.8         2.70225e-08               Z           
    1130898640.3         1130899465.5         1.67386e-08               N           
    1130876059.6         1130876474.7         1.64088e-08               Y           
    1130838247.9         1130838990.4         3.88509e-08               Z           
    1130825526.9         1130826326.5         5.38386e-09               Z           
    1130781791.0         1130782442.6         5.07286e-08               Y           
    1130775870.9         1130776754.0         5.53157e-08               Y           
    1130680087.3         1130680701.9         8.23599e-09               Z           
    1130656009.0         1130656802.8         8.84197e-09               Y           
    1130506853.2         1130507678.0         6.71486e-09               Y           
    1130488085.3         1130488495.7         2.78589e-07               Z           
    1130224718.9         1130225635.8         4.64644e-08               N           
    1130223554.3         1130224358.7         5.39042e-08               N           
    1129986922.0         1129987773.6         1.57755e-08               N           
    1129905555.3         1129906264.5         8.22188e-09               Y           
    1129858909.3         1129859634.0         8.48907e-09               Z           
    1129757102.3         1129757873.3         2.20511e-08               Z           
    1129535446.9         1129536643.7         1.36628e-08               N           
    1129370791.0         1129371558.9         6.23706e-09               N           
    1129300276.0         1129301222.1         2.76063e-08               Z           
    1129208437.0         1129209275.3         6.29651e-08               Z           
    1129117162.2         1129118111.7         6.33481e-08               Z           
    1128844056.0         1128844617.2         4.29037e-08               Z           
    1128837000.1         1128837562.1         6.45614e-07               Z           
    1128655909.3         1128656681.4         4.34013e-08               N           
    1128605539.9         1128606119.0         1.03591e-08               Z           
    1128393230.9         1128394189.8         1.00775e-08               Y           
    1128225050.4         1128225840.9         6.03731e-09               Y           
    1128042592.4         1128043403.6         4.40243e-09               Y           
    1127988733.0         1127989501.9         1.36054e-08               Z           
    1127895846.2         1127896528.9         1.08058e-08               Z           
    1127880866.7         1127881671.1         3.93778e-08               Y           
    1127614300.1         1127615089.1         5.63578e-09               Z           
    1127584231.5         1127585066.8         3.96489e-07               Z           
    1127574150.9         1127574536.9         2.52944e-07               Y           
    1127436282.3         1127436922.1         6.40190e-08               Z           
    1127426443.6         1127427081.5         1.30626e-08               Z           
    1127423997.0         1127424634.7         1.90023e-08               Z           
    1127296204.4         1127296839.8         3.61405e-09               Z           
    1127291309.0         1127292305.2         5.27630e-09               N           
    1127271817.5         1127272586.9         3.23058e-07               Z           
    1127206084.0         1127206943.9         4.31056e-09               Z           
    1127069288.3         1127070102.6         9.86727e-09               N           
    1127043177.2         1127043952.5         6.91402e-09               Z           
    1126911975.0         1126912771.6         1.15891e-08               Y           
    1126896405.0         1126897230.0         1.76395e-07               Z           
    1126870584.7         1126871538.0         1.24192e-08               N           
    1126804725.6         1126805493.4         3.66270e-08               Z           
    1126753339.0         1126754107.0         8.77506e-09               Y           
    1126672445.2         1126673213.7         2.72041e-07               Z           
    1126657701.3         1126658494.2         1.29600e-08               N           
    1126585459.1         1126586233.8         1.87040e-08               N           
    1137276264.3         1137277091.2         2.29841e-07               Y           
    1137085555.4         1137086307.5         2.31706e-08               Y           
    1137079736.0         1137080464.9         6.09376e-08               Y           
    1136954173.9         1136955067.6         3.02828e-08               Y           
    1136756274.0         1136757072.1         2.64746e-08               Y           
    1136706777.8         1136707582.1         1.35391e-08               Y           
    1136656950.9         1136657902.9         3.57832e-07               Y           
    1136498873.8         1136499635.2         9.15054e-09               Y           
    1136482866.5         1136483650.6         8.23283e-09               Y           
    1136468032.8         1136468804.6         2.07240e-08               Y           
    1136299545.8         1136300250.8         1.87956e-08               N           
    1136294961.0         1136295884.4         1.14777e-08               N           
    1136279246.5         1136280030.0         1.67135e-08               N           
    1136061097.9         1136061913.4         4.46306e-08               Z           
    1135994316.6         1135994746.2         3.69294e-07               Z           
    1135724709.3         1135725402.6         1.17289e-08               Z           
    1135635809.0         1135636812.3         4.31893e-08               N           
    1135508933.0         1135509680.6         8.08511e-08               Z           
    1135481151.0         1135481599.8         9.33413e-09               N           
    1135392863.0         1135393428.3         2.19756e-07               Z           
    1129665313.0         1129666314.1         2.33809e-07               Z           
    1127060385.0         1127061582.6         1.97787e-08               Y           
    1126556692.5         1126557469.5         2.25715e-08               Z           
    1126498123.6         1126498893.0         1.77887e-06               Z           
    1126491682.5         1126492457.4         5.46957e-07               Z           
    1126489602.7         1126490378.8         1.13230e-06               Z           
    1126486229.9         1126487004.7         3.84566e-06               Z           
    1126485791.6         1126486562.8         5.26527e-06               Z           
    1126485274.2         1126486048.5         5.79778e-06               Z           
    1126483295.9         1126484071.3         1.48475e-05               Z           
    1126483231.5         1126484007.0         1.47625e-05               Z           
    1126482518.0         1126483292.7         1.42050e-05               Z           
    1126447885.6         1126448681.6         7.28982e-07               Z           
    1126387297.9         1126388025.9         2.31073e-08               Z           
    1126380902.8         1126381617.9         3.76538e-08               Z           
    1126279190.4         1126279945.5         3.98860e-08               Z           
    1126277620.4         1126278424.8         4.23665e-08               Z           
    1126136375.6         1126137242.3         1.64992e-08               Z           
    1126086584.0         1126087436.1         4.44638e-09               Z           
    1126080846.1         1126081629.0         2.94472e-09               Z           
