951287668.3 8.8 951288456.9 951288957.9 951292812.2 951290607.7 951289725.9 3.84588e-04 951288400 951292900 -36.1 -72.9 1.028769e+07 28.1 951290784.2 2.96791e-04 951290782.4 2.42439e-04 -1.0 -1.00000e+00
938281706.5 8.1 938282422.4 938282974.0 938286028.6 938284176.3 938283435.4 1.39877e-04 938282400 938286100 -15.5 -171.9 8.644071e+06 18.5 938284164.3 2.42240e-04 938284865.2 1.32804e-04 -1.0 -1.00000e+00
954627317.1 7.8 954628233.7 954628659.4 954634067.8 954631174.6 954630017.4 5.09335e-05 954628200 954634100 2.4 97.1 1.350128e+07 33.4 954632142.3 5.80974e-05 954632178.5 2.17657e-05 -1.0 -1.00000e+00
938989148.9 7.8 938989914.2 938990424.0 938994061.0 938991955.8 938991113.8 7.06894e-05 938989900 938994100 -12.5 166.4 9.824240e+06 59.0 938991908.3 1.15678e-04 938991903.3 3.98021e-05 -1.0 -1.00000e+00
931684967.0 7.8 931685846.3 931686295.7 931691227.6 931688544.5 931687471.2 5.57099e-05 931685800 931691300 -45.8 166.6 1.252132e+07 20.9 931689551.1 6.31568e-05 931689547.0 2.31119e-05 -1.0 -1.00000e+00
963960688.0 7.7 963961465.1 963961880.7 963966424.7 963963966.1 963962982.7 3.46605e-05 963961400 963966500 6.4 123.6 1.147349e+07 584.7 963962236.7 6.10379e-05 -1.0 -1.00000e+00 -1.0 -1.00000e+00
938988209.4 7.6 938988979.3 938989490.8 938993140.0 938991026.9 938990181.6 5.01941e-05 938988900 938993200 -13.0 166.5 9.861269e+06 33.7 938991908.3 1.15662e-04 938991903.3 3.98021e-05 -1.0 -1.00000e+00
938340985.5 7.6 938341900.8 938342317.4 938347803.7 938344881.6 938343712.8 3.37002e-05 938341900 938347900 -0.7 100.0 1.363641e+07 90.2 938342217.5 3.74613e-05 938342222.3 2.38808e-05 -1.0 -1.00000e+00
963962124.8 7.5 963962897.1 963963308.5 963967856.7 963965400.2 963964417.6 2.10331e-05 963962800 963967900 6.7 123.3 1.146377e+07 633.7 963963658.4 2.45226e-05 963963656.6 1.24966e-05 -1.0 -1.00000e+00
960406025.0 7.5 960406930.4 960407362.9 960412630.9 960409799.8 960408667.4 3.05048e-05 960406900 960412700 7.9 92.0 1.321174e+07 31.4 960410679.2 3.07645e-05 960407264.3 1.65133e-05 -1.0 -1.00000e+00
933969354.8 7.5 933970233.6 933970681.4 933975626.7 933972938.8 933971863.6 3.23268e-05 933970200 933975700 14.1 92.9 1.254379e+07 30.7 933974304.5 4.07965e-05 933974317.2 1.39727e-05 -1.0 -1.00000e+00
951292898.5 7.4 951293688.6 951294187.2 951298074.1 951295856.0 951294968.7 3.32057e-05 951293600 951298100 -37.8 -75.2 1.035123e+07 35.0 951293952.4 9.65234e-05 951293664.1 3.85324e-05 -1.0 -1.00000e+00
938992444.0 7.4 938993214.3 938993725.7 938997378.0 938995263.5 938994417.6 3.50677e-05 938993200 938997400 -13.1 166.5 9.868060e+06 32.9 938993754.2 7.42456e-05 938993749.9 2.89589e-05 -1.0 -1.00000e+00
965453041.4 7.3 965453822.4 965454326.9 965458104.9 965455934.8 965455066.8 2.84094e-05 965453800 965458200 -17.5 168.0 1.012713e+07 33.5 965454638.2 2.13239e-05 965454635.6 7.37506e-06 -1.0 -1.00000e+00
963958106.2 7.3 963958880.3 963959294.0 963963833.8 963961379.1 963960397.2 1.31059e-05 963958800 963963900 6.7 123.5 1.145512e+07 610.2 963962236.7 6.10425e-05 -1.0 -1.00000e+00 -1.0 -1.00000e+00
963495315.9 7.3 963496110.2 963496604.8 963500553.4 963498308.7 963497410.9 2.70790e-05 963496100 963500600 -6.0 150.7 1.047495e+07 43.1 963498339.1 4.39828e-05 963498334.3 1.36534e-05 -1.0 -1.00000e+00
957419997.3 7.3 957420909.8 957421336.2 957426709.5 957423832.9 957422682.2 2.05406e-05 957420900 957426800 3.7 96.0 1.342432e+07 42.3 957424757.8 1.94118e-05 957424772.0 6.23901e-06 -1.0 -1.00000e+00
941798709.8 7.3 941799401.6 941799868.1 941803410.9 941801396.1 941800590.2 1.66539e-05 941799400 941803500 -17.3 178.5 9.402158e+06 591.3 941799404.5 1.39815e-05 -1.0 -1.00000e+00 -1.0 -1.00000e+00
959015701.9 7.2 959016473.4 959016983.7 959020652.9 959018531.1 959017682.3 2.42193e-05 959016400 959020700 -13.7 166.7 9.902012e+06 34.7 959018302.5 1.17957e-05 959019335.8 4.33958e-06 -1.0 -1.00000e+00
954456058.6 7.2 954456267.6 954456432.4 954456877.6 954456526.6 954456386.2 1.72772e-04 954456200 954456900 32.3 -115.3 1.637912e+06 5.2 954456657.0 3.08643e-04 954456655.5 3.80356e-04 -1.0 -1.00000e+00
965649270.0 7.1 965649857.7 965650121.2 965652629.6 965651189.8 965650613.9 2.43521e-05 965649800 965652700 -1.3 -77.4 6.719243e+06 206.5 965649918.5 1.00191e-05 965649916.8 1.12188e-05 -1.0 -1.00000e+00
946593404.6 7.1 946594188.8 946594692.1 946598499.7 946596316.1 946595442.6 1.96282e-05 946594100 946598500 -8.9 157.4 1.019026e+07 29.8 946596175.1 2.58059e-05 -1.0 -1.00000e+00 -1.0 -1.00000e+00
933850571.3 7.1 933851235.5 933851770.0 933854698.0 933852929.4 933852222.0 1.70014e-05 933851200 933854700 33.1 138.1 8.253411e+06 302.2 933851827.8 1.32718e-05 933851245.5 1.46484e-05 -1.0 -1.00000e+00
969815500.0 7.0 969816345.7 969816814.4 969821339.4 969818836.8 969817835.7 1.41490e-05 969816300 969821400 -5.0 133.8 1.167883e+07 20.5 969819268.5 8.29401e-06 969816630.0 2.85539e-06 -1.0 -1.00000e+00
967566961.5 7.0 967567824.1 967568286.8 967572978.0 967570399.5 967569368.1 1.40275e-05 967567800 967573000 -43.4 171.9 1.203314e+07 4.0 967570561.0 3.42777e-05 967569153.1 2.09176e-05 -1.0 -1.00000e+00
960693404.1 7.0 960694232.1 960694710.7 960699024.5 960696615.8 960695652.3 1.47462e-05 960694200 960699100 -2.2 136.6 1.124072e+07 22.1 960696670.7 1.51540e-05 960696686.1 4.52849e-06 -1.0 -1.00000e+00
952354544.2 7.0 952355328.1 952355832.7 952359625.3 952357447.7 952356576.6 1.64824e-05 952355300 952359700 -34.3 -71.8 1.016234e+07 24.4 952357661.6 2.23868e-05 -1.0 -1.00000e+00 -1.0 -1.00000e+00
951251501.9 7.0 951252255.7 951252779.6 951256232.6 951254205.2 951253394.2 1.78743e-05 951252200 951256300 26.0 128.5 9.461555e+06 24.2 951255005.5 9.52687e-06 951252263.5 8.98460e-06 -1.0 -1.00000e+00
947368405.4 7.0 947368921.2 947369243.9 947371056.4 947369920.3 947369465.8 3.43923e-05 947368900 947371100 18.4 -72.6 5.301972e+06 15.0 947370228.6 2.16359e-04 947370225.1 9.21960e-05 -1.0 -1.00000e+00
935913316.8 7.0 935914242.9 935914658.9 935920223.1 935917263.3 935916079.3 1.09909e-05 935914200 935920300 -7.7 107.4 1.381250e+07 57.8 935914557.5 1.16634e-05 935914556.2 7.47080e-06 -1.0 -1.00000e+00
965769589.2 6.9 965770353.7 965770872.4 965774426.1 965772353.1 965771524.0 1.46634e-05 965770300 965774500 12.5 141.6 9.673720e+06 16.4 965770377.3 1.57832e-05 -1.0 -1.00000e+00 -1.0 -1.00000e+00
964994519.0 6.9 964995311.8 964995806.8 964999743.3 964997504.3 964996608.7 1.27478e-05 964995300 964999800 -5.8 150.8 1.044858e+07 46.0 964997622.6 1.20536e-05 964997617.4 4.02266e-06 -1.0 -1.00000e+00
963493466.5 6.9 963494260.7 963494754.9 963498706.9 963496461.0 963495562.7 1.27076e-05 963494200 963498800 -6.0 150.5 1.048079e+07 45.8 963498339.1 4.40144e-05 963498334.3 1.36534e-05 -1.0 -1.00000e+00
955237792.0 6.9 955238589.2 955239088.0 955243013.6 955240775.8 955239880.6 1.34951e-05 955238500 955243100 33.2 96.7 1.044315e+07 13.8 955241155.1 1.79160e-05 955241169.4 7.77738e-06 -1.0 -1.00000e+00
955014044.9 6.9 955014821.3 955015324.9 955019083.3 955016924.0 955016060.2 1.30972e-05 955014800 955019100 -10.9 161.2 1.007688e+07 54.3 955016793.6 1.59880e-05 955014834.2 7.46351e-06 -1.0 -1.00000e+00
952353600.7 6.9 952354385.3 952354890.6 952358681.1 952356503.8 952355632.9 1.37932e-05 952354300 952358700 -34.4 -72.0 1.016071e+07 19.3 952357661.6 2.23846e-05 -1.0 -1.00000e+00 -1.0 -1.00000e+00
950490813.4 6.9 950491436.5 950491949.4 950494784.1 950493082.4 950492401.7 6.91073e-06 950491400 950494800 42.6 130.7 7.941339e+06 573.7 950491441.6 5.52674e-06 950491444.5 5.15220e-06 -1.0 -1.00000e+00
940430459.8 6.9 940431304.7 940431752.8 940436471.2 940433894.8 940432864.3 9.18839e-06 940431300 940436500 -6.1 130.4 1.202277e+07 140.3 940432196.8 4.86733e-06 940432194.8 4.03412e-06 -1.0 -1.00000e+00
935459494.9 6.9 935460313.2 935460697.4 935465810.4 935463103.7 935462021.1 3.61630e-06 935460300 935465900 -7.2 123.5 1.263098e+07 640.1 935463025.2 6.51167e-06 -1.0 -1.00000e+00 -1.0 -1.00000e+00
933357611.4 6.9 933357865.5 933358071.4 933358629.3 933358193.1 933358018.6 8.12797e-05 933357800 933358700 29.1 -112.9 2.035815e+06 7.8 933358335.6 3.11598e-04 933358334.1 3.75235e-04 -1.0 -1.00000e+00
946728949.4 6.8 946729734.1 946730238.2 946734041.8 946731859.3 946730986.3 1.12740e-05 946729700 946734100 -9.0 157.6 1.018480e+07 24.7 946731842.7 1.43865e-05 946731838.4 5.98906e-06 -1.0 -1.00000e+00
946702553.9 6.8 946703535.2 946703923.5 946710068.6 946706848.0 946705559.8 7.31308e-06 946703500 946710100 -58.5 -14.9 1.502940e+07 10.0 946707498.8 5.41239e-06 946703892.5 2.67224e-06 -1.0 -1.00000e+00
943102050.7 6.8 943102795.7 943103326.9 943106674.7 943104693.0 943103900.3 1.27578e-05 943102700 943106700 -20.7 -174.0 9.248021e+06 18.4 943104658.0 3.13677e-05 943104653.6 1.01331e-05 -1.0 -1.00000e+00
940921434.1 6.8 940922169.8 940922703.9 940925983.1 940924033.5 940923253.7 1.26097e-05 940922100 940926000 29.2 130.0 9.097921e+06 33.9 940924291.3 5.86502e-06 940922185.8 2.78530e-06 -1.0 -1.00000e+00
938991034.4 6.8 938991803.4 938992314.2 938995963.7 938993851.1 938993006.1 1.13602e-05 938991800 938996000 -12.6 166.0 9.858632e+06 40.0 938991908.3 1.15656e-04 938991903.3 3.98021e-05 -1.0 -1.00000e+00
938986889.6 6.8 938987677.3 938988086.5 938992763.0 938990245.8 938989238.9 3.16415e-06 938987600 938992800 4.1 122.5 1.174687e+07 586.8 938991908.3 1.15645e-04 -1.0 -1.00000e+00 -1.0 -1.00000e+00
963467820.8 6.7 963468209.3 963468523.5 963469623.9 963468851.2 963468542.1 3.00353e-05 963468200 963469700 52.8 -169.8 3.606202e+06 21.5 963469080.6 3.98198e-05 963469046.6 1.97256e-05 -1.0 -1.00000e+00
961565434.8 6.7 961566210.7 961566717.2 961570446.9 961568298.8 961567439.6 9.15967e-06 961566200 961570500 -10.6 161.5 1.002412e+07 40.3 961568190.7 1.12065e-05 -1.0 -1.00000e+00 -1.0 -1.00000e+00
952741333.0 6.7 952742122.6 952742625.0 952746472.0 952744269.6 952743388.6 9.33071e-06 952742100 952746500 -36.3 -73.4 1.027784e+07 18.6 952744352.3 8.75985e-06 952744690.4 3.73385e-06 -1.0 -1.00000e+00
951840435.0 6.7 951841367.8 951841786.0 951847372.1 951844399.0 951843209.8 6.43292e-06 951841300 951847400 -3.8 100.9 1.387415e+07 24.2 951845415.1 8.66204e-06 -1.0 -1.00000e+00 -1.0 -1.00000e+00
939025743.4 6.7 939026514.9 939027024.2 939030702.9 939028577.4 939027727.2 9.27749e-06 939026500 939030800 -13.3 166.0 9.919083e+06 40.1 939028818.8 7.63519e-06 939028813.9 2.93804e-06 -1.0 -1.00000e+00
934502764.0 6.7 934503540.9 934504050.4 934507757.4 934505617.4 934504761.3 9.58247e-06 934503500 934507800 23.5 123.6 9.986889e+06 21.8 934505783.1 3.44305e-06 -1.0 -1.00000e+00 -1.0 -1.00000e+00
934443520.2 6.7 934444445.4 934444865.0 934450388.9 934447445.2 934446267.7 6.28717e-06 934444400 934450400 -1.5 99.5 1.373741e+07 40.1 934447940.0 5.22513e-06 -1.0 -1.00000e+00 -1.0 -1.00000e+00
964423931.7 6.6 964424706.1 964425118.8 964429670.2 964427210.8 964426227.1 1.53894e-06 964424700 964429700 6.6 123.4 1.147713e+07 615.8 964425468.5 1.30182e-06 964425492.4 8.82107e-07 -1.0 -1.00000e+00
963984916.8 6.6 963985696.6 963986113.6 963990665.0 963988201.5 963987216.1 1.74267e-06 963985600 963990700 6.2 123.6 1.149634e+07 564.7 963986463.4 1.93693e-06 -1.0 -1.00000e+00 -1.0 -1.00000e+00
963131556.9 6.6 963132352.4 963132849.6 963136780.9 963134542.0 963133646.5 7.41088e-06 963132300 963136800 -38.1 -73.5 1.044810e+07 25.7 963134570.1 4.13570e-06 963133886.0 3.07979e-06 -1.0 -1.00000e+00
960695905.1 6.6 960696733.8 960697212.3 960701531.0 960699119.9 960698155.5 6.86632e-06 960696700 960701600 -2.4 136.6 1.125168e+07 20.6 960696923.5 1.10931e-05 960696938.0 4.09439e-06 -1.0 -1.00000e+00
954003302.4 6.6 954004181.8 954004627.7 954009596.4 954006899.0 954005820.0 5.73068e-06 954004100 954009600 13.6 92.9 1.258809e+07 38.5 954006564.9 3.43209e-06 954006563.0 3.04207e-06 -1.0 -1.00000e+00
953128865.4 6.6 953129604.2 953130067.7 953133934.1 953131761.8 953130892.9 2.90615e-06 953129600 953134000 -3.4 152.3 1.013724e+07 418.9 953130323.7 1.87073e-06 953129608.6 2.57064e-06 -1.0 -1.00000e+00
951824842.5 6.6 951825633.1 951826134.2 951829999.7 951827789.5 951826905.4 7.59871e-06 951825600 951830000 -36.7 -73.4 1.031443e+07 21.8 951827868.9 9.23960e-06 951827881.4 3.50053e-06 -1.0 -1.00000e+00
946590500.0 6.6 946591285.4 946591790.5 946595588.3 946593407.6 946592535.3 7.79819e-06 946591200 946595600 -8.8 157.5 1.017672e+07 17.8 946594944.2 9.06506e-06 -1.0 -1.00000e+00 -1.0 -1.00000e+00
942507061.8 6.6 942507198.3 942507306.0 942507587.8 942507362.4 942507272.2 9.63928e-05 942507100 942507600 52.0 -131.6 1.051941e+06 8.7 942507472.3 2.98017e-04 942507470.6 2.66087e-04 -1.0 -1.00000e+00
941744520.9 6.6 941745420.5 941745856.1 941751056.6 941748255.5 941747135.1 5.55837e-06 941745400 941751100 -8.3 118.7 1.307138e+07 32.1 941749125.3 3.83025e-06 -1.0 -1.00000e+00 -1.0 -1.00000e+00
938689096.0 6.6 938689867.9 938690279.3 938694824.5 938692369.4 938691387.4 1.47069e-06 938689800 938694900 6.7 123.5 1.145704e+07 635.0 938690628.8 1.10164e-06 938690652.5 1.34816e-06 -1.0 -1.00000e+00
938397164.7 6.6 938398091.5 938398513.8 938404021.1 938401082.6 938399907.3 5.37848e-06 938398000 938404100 -2.5 101.6 1.371274e+07 21.4 938402037.8 3.45143e-06 938402182.1 1.56361e-06 -1.0 -1.00000e+00
935679108.9 6.6 935679825.7 935680377.6 935683434.3 935681580.5 935680839.0 9.52539e-06 935679800 935683500 -15.2 -172.5 8.650829e+06 14.3 935682305.4 8.22799e-06 935679828.5 7.57259e-06 -1.0 -1.00000e+00
934152547.1 6.6 934153230.6 934153793.3 934156609.2 934154868.3 934154171.9 9.11165e-06 934153200 934156700 32.8 140.4 8.124210e+06 61.8 934153235.6 4.21560e-06 934153235.0 3.48201e-06 -1.0 -1.00000e+00
967547783.1 6.5 967548203.1 967548542.1 967549807.5 967548939.9 967548592.9 1.71089e-05 967548200 967549900 51.6 -176.0 4.048824e+06 45.8 967548909.2 1.21693e-05 -1.0 -1.00000e+00 -1.0 -1.00000e+00
964941348.4 6.5 964942132.4 964942602.2 964946710.1 964944412.3 964943493.1 3.43744e-06 964942100 964946800 -5.5 146.9 1.072342e+07 219.7 964942970.1 1.35247e-06 964942389.3 1.04915e-06 -1.0 -1.00000e+00
959370722.7 6.5 959371599.5 959372031.0 959377120.8 959374378.8 959373282.0 3.52828e-06 959371500 959377200 11.2 93.7 1.279632e+07 131.6 959372471.7 1.73489e-06 959371896.2 1.19507e-06 -1.0 -1.00000e+00
958753123.8 6.5 958753733.3 958754234.4 958756973.0 958755323.4 958754663.5 1.86657e-06 958753700 958757000 -8.1 -71.6 7.698435e+06 582.1 958753737.4 3.59106e-06 -1.0 -1.00000e+00 -1.0 -1.00000e+00
957112158.1 6.5 957113091.3 957113508.9 957119103.4 957116126.9 957114936.2 4.26023e-06 957113000 957119200 -4.1 101.1 1.389062e+07 26.3 957117251.8 5.24508e-06 957117281.9 2.08465e-06 -1.0 -1.00000e+00
956704318.7 6.5 956704738.7 956705077.6 956706316.7 956705460.4 956705117.9 1.89929e-05 956704700 956706400 60.5 -177.9 3.996114e+06 13.3 956706093.1 3.74164e-05 956705947.8 2.12152e-05 -1.0 -1.00000e+00
956286007.3 6.5 956286788.0 956287294.9 956291049.0 956288888.3 956288024.0 6.38808e-06 956286700 956291100 22.2 123.8 1.008352e+07 23.2 956290249.9 2.13194e-06 -1.0 -1.00000e+00 -1.0 -1.00000e+00
952589300.0 6.5 952589960.7 952590502.6 952593130.1 952591488.6 952590832.0 8.44389e-06 952589900 952593200 37.8 141.7 7.660119e+06 40.1 952589978.7 5.59257e-06 952589977.8 4.58690e-06 -1.0 -1.00000e+00
952563481.2 6.5 952564327.5 952564787.9 952569396.8 952566861.6 952565847.4 4.69771e-06 952564300 952569400 -1.6 128.1 1.183138e+07 63.6 952567315.4 1.85756e-06 952568952.9 1.69680e-06 -1.0 -1.00000e+00
951746563.9 6.5 951747315.5 951747810.5 951751492.8 951749380.4 951748535.4 4.13753e-06 951747300 951751500 -13.6 167.2 9.857957e+06 189.6 951747318.9 3.07854e-06 951747322.6 3.37933e-06 -1.0 -1.00000e+00
947118476.9 6.5 947118577.3 947118656.6 947118862.7 947118697.3 947118631.2 1.08134e-04 947118500 947118900 40.7 -124.5 7.716273e+05 20.6 947118790.2 2.72997e-04 947118778.5 2.28700e-04 -1.0 -1.00000e+00
942116773.3 6.5 942117495.7 942118038.7 942121187.8 942119295.9 942118539.1 7.22741e-06 942117400 942121200 -19.5 -70.4 8.828980e+06 36.0 942119702.9 6.22368e-06 942117507.5 3.32624e-06 -1.0 -1.00000e+00
933912406.2 6.5 933913171.1 933913684.5 933917287.2 933915195.4 933914358.6 6.33448e-06 933913100 933917300 -11.6 166.2 9.762099e+06 40.3 933915053.5 4.45892e-06 933915069.6 1.30806e-06 -1.0 -1.00000e+00
970543589.2 6.4 970544008.8 970544347.4 970545594.7 970544735.2 970544391.4 1.51923e-05 970544000 970545600 51.3 -175.3 4.011078e+06 24.4 970545271.0 1.45590e-05 -1.0 -1.00000e+00 -1.0 -1.00000e+00
964961920.4 6.4 964962355.0 964962705.5 964964031.8 964963126.9 964962765.0 1.39540e-05 964962300 964964100 51.4 -178.5 4.222661e+06 33.3 964963091.9 8.87859e-06 964962369.5 5.70606e-06 -1.0 -1.00000e+00
961907476.7 6.4 961908190.6 961908645.8 961912419.5 961910301.1 961909453.8 9.68237e-07 961908100 961912500 -23.3 179.2 9.885604e+06 572.8 961908865.4 1.87412e-06 -1.0 -1.00000e+00 -1.0 -1.00000e+00
958899203.4 6.4 958899955.9 958900483.6 958903898.0 958901886.0 958901081.2 5.90675e-06 958899900 958903900 25.7 130.0 9.389087e+06 12.0 958901910.2 1.98695e-06 958899960.7 1.77470e-06 -1.0 -1.00000e+00
956704604.2 6.4 956705022.8 956705360.5 956706595.6 956705742.1 956705400.8 1.57192e-05 956705000 956706600 60.5 -177.6 3.982739e+06 16.0 956706093.1 3.74205e-05 956705947.8 2.12152e-05 -1.0 -1.00000e+00
945262951.4 6.4 945263728.4 945264232.4 945267990.8 945265831.0 945264967.1 4.81124e-06 945263700 945268000 23.8 121.7 1.007876e+07 50.1 945263762.9 3.11856e-06 -1.0 -1.00000e+00 -1.0 -1.00000e+00
944409658.2 6.4 944410467.1 944410959.7 944415015.5 944412719.5 944411801.1 5.05463e-06 944410400 944415100 -0.7 -21.1 1.071453e+07 10.0 944410429.8 1.86492e-06 944410428.2 1.83813e-06 -1.0 -1.00000e+00
944387183.5 6.4 944387966.4 944388460.2 944392345.2 944390133.0 944389248.1 4.16966e-06 944387900 944392400 -22.2 170.9 1.032338e+07 86.6 944390055.6 4.31507e-06 944390069.2 2.08941e-06 -1.0 -1.00000e+00
939500527.9 6.4 939500904.0 939501208.6 939502245.7 939501509.5 939501215.0 1.86199e-05 939500900 939502300 52.5 -167.2 3.435670e+06 14.1 939502025.4 2.17125e-05 939502022.3 1.10585e-05 -1.0 -1.00000e+00
939447457.4 6.4 939447831.9 939448135.3 939449167.8 939448434.8 939448141.5 1.85601e-05 939447800 939449200 52.7 -167.0 3.420820e+06 16.7 939448954.7 1.14501e-05 -1.0 -1.00000e+00 -1.0 -1.00000e+00
937811798.0 6.4 937812160.1 937812454.2 937813442.5 937812737.7 937812455.8 1.85831e-05 937812100 937813500 18.8 -107.2 3.289154e+06 30.2 937812936.3 4.11645e-05 937812972.2 3.05358e-05 -1.0 -1.00000e+00
936821201.3 6.4 936821781.2 936822076.2 936824336.6 936822992.9 936822455.4 9.29950e-06 936821700 936824400 10.7 -67.9 6.270586e+06 19.6 936823416.6 3.15772e-05 936823412.7 1.10988e-05 -1.0 -1.00000e+00
970234133.9 6.3 970234902.2 970235414.9 970239044.3 970236939.9 970236098.1 4.26114e-06 970234900 970239100 24.2 125.2 9.820712e+06 32.8 970238556.7 1.53512e-06 970234927.5 2.34021e-06 -1.0 -1.00000e+00
967981072.7 6.3 967981857.4 967982356.7 967986204.4 967984005.1 967983125.4 3.79758e-06 967981800 967986300 -20.8 170.0 1.026338e+07 50.0 967984286.8 2.96008e-06 967981883.2 1.37292e-06 -1.0 -1.00000e+00
967911228.5 6.3 967911968.5 967912504.0 967915792.8 967913836.6 967913054.2 4.96885e-06 967911900 967915800 -15.9 -179.2 9.128506e+06 14.7 967913582.3 2.99684e-06 967912233.4 1.32602e-06 -1.0 -1.00000e+00
965964669.2 6.3 965965854.8 965966067.7 965973054.4 965969460.8 965968023.3 2.24863e-06 965965800 965973100 -17.8 65.6 1.677045e+07 14.7 965970572.8 7.62947e-07 965965910.5 7.68859e-07 -1.0 -1.00000e+00
965920184.6 6.3 965920969.1 965921445.4 965925498.9 965923221.3 965922310.3 2.30151e-06 965920900 965925500 -5.8 148.4 1.062859e+07 180.8 965921776.0 8.63489e-07 965921204.5 7.03199e-07 -1.0 -1.00000e+00
965862081.0 6.3 965862844.8 965863361.3 965866931.9 965864852.9 965864021.3 4.39317e-06 965862800 965867000 12.2 141.5 9.701801e+06 28.4 965862990.8 3.21046e-06 965862989.3 2.59620e-06 -1.0 -1.00000e+00
964872522.5 6.3 964873365.8 964873830.3 964878381.2 964875870.3 964874866.0 3.20289e-06 964873300 964878400 1.3 126.3 1.171726e+07 50.6 964875744.4 1.58208e-06 964874216.1 7.59829e-07 -1.0 -1.00000e+00
964497389.6 6.3 964497920.6 964498233.6 964500166.5 964498976.4 964498500.4 8.49632e-06 964497900 964500200 52.4 159.9 5.553621e+06 30.3 964498993.0 5.20205e-06 964499537.7 1.68823e-06 -1.0 -1.00000e+00
963688717.8 6.3 963689511.8 963690006.9 963693949.3 963691707.2 963690810.4 3.82371e-06 963689500 963694000 -6.0 150.7 1.046299e+07 41.1 963692113.9 5.25373e-06 963692127.0 2.07009e-06 -1.0 -1.00000e+00
962797428.0 6.3 962798182.1 962798707.5 962802149.1 962800125.8 962799316.4 4.72953e-06 962798100 962802200 11.2 146.1 9.442132e+06 16.9 962799989.2 2.63950e-06 962798192.0 3.22032e-06 -1.0 -1.00000e+00
962315767.4 6.3 962316417.9 962316950.6 962319497.1 962317898.7 962317259.3 6.01413e-06 962316400 962319500 39.7 142.6 7.459558e+06 30.1 962316432.9 2.49933e-06 -1.0 -1.00000e+00 -1.0 -1.00000e+00
962085858.6 6.3 962086629.9 962087140.3 962090807.6 962088686.6 962087838.2 4.19606e-06 962086600 962090900 -13.6 166.7 9.898026e+06 34.4 962089031.9 1.90108e-06 962089026.6 7.15373e-07 -1.0 -1.00000e+00
961917762.7 6.3 961918174.5 961918507.0 961919720.6 961918881.5 961918545.9 1.27473e-05 961918100 961919800 16.3 -98.0 3.915845e+06 27.8 961919118.8 2.86868e-05 -1.0 -1.00000e+00 -1.0 -1.00000e+00
958817361.3 6.3 958817976.3 958818259.3 958820771.6 958819310.0 958818725.4 7.04187e-06 958817900 958820800 35.3 -35.9 6.820577e+06 15.4 958819542.5 1.49113e-06 958818120.1 1.26377e-06 -1.0 -1.00000e+00
955058906.3 6.3 955059566.9 955060050.3 955063291.5 955061412.1 955060660.4 6.31136e-07 955059500 955063300 37.0 -3.5 8.770359e+06 619.6 955059569.4 1.36194e-06 -1.0 -1.00000e+00 -1.0 -1.00000e+00
951777580.7 6.3 951778312.5 951778835.4 951782180.5 951780209.2 951779420.6 3.54812e-06 951778300 951782200 -22.3 -68.5 9.199640e+06 108.4 951778315.7 3.44099e-06 951778314.3 5.81920e-06 -1.0 -1.00000e+00
951697147.3 6.3 951697932.8 951698435.9 951702252.6 951700064.6 951699189.4 4.14182e-06 951697900 951702300 22.9 120.8 1.021064e+07 27.0 951700964.7 2.60538e-06 951700858.2 1.81830e-06 -1.0 -1.00000e+00
951320754.2 6.3 951321513.2 951322032.1 951325555.2 951323497.6 951322674.6 4.39746e-06 951321500 951325600 -24.8 -65.5 9.601953e+06 31.8 951323777.4 1.62444e-06 -1.0 -1.00000e+00 -1.0 -1.00000e+00
949558215.4 6.3 949558992.1 949559501.5 949563208.8 949561068.7 949560212.7 4.31818e-06 949558900 949563300 23.4 123.7 9.986831e+06 23.0 949561424.6 3.12022e-06 949561422.9 2.41103e-06 -1.0 -1.00000e+00
945649428.9 6.3 945650056.6 945650572.6 945653297.8 945651639.7 945650976.5 1.60561e-06 945650000 945653300 42.2 134.8 7.737712e+06 395.7 945650062.8 3.18116e-06 945650062.5 3.70536e-06 -1.0 -1.00000e+00
944447467.1 6.3 944447967.1 944448199.5 944450426.5 944449158.2 944448650.9 8.96357e-07 944447900 944450500 53.4 152.8 5.918712e+06 653.2 944448104.5 2.18724e-06 944448095.4 1.84165e-06 -1.0 -1.00000e+00
942911316.1 6.3 942912006.8 942912484.1 942915940.2 942913958.4 942913165.7 8.17691e-07 942912000 942916000 -17.8 -178.4 9.248199e+06 526.8 942912601.7 2.34030e-06 -1.0 -1.00000e+00 -1.0 -1.00000e+00
935459541.5 6.3 935460321.6 935460831.4 935464553.7 935462405.6 935461546.4 4.46466e-06 935460300 935464600 37.7 95.8 1.002452e+07 12.1 935463025.2 6.50649e-06 -1.0 -1.00000e+00 -1.0 -1.00000e+00
934665663.5 6.3 934666410.2 934666892.9 934670648.6 934668512.2 934667657.6 1.78472e-06 934666400 934670700 -26.0 -178.3 9.970248e+06 276.6 934667049.8 9.55170e-07 934666414.4 1.41569e-06 -1.0 -1.00000e+00
931543517.6 6.3 931544295.7 931544804.0 931548529.3 931546381.5 931545522.3 4.27756e-06 931544200 931548600 24.1 122.2 1.002335e+07 24.4 931547243.3 2.44552e-06 -1.0 -1.00000e+00 -1.0 -1.00000e+00
970551805.0 6.2 970552627.2 970553088.3 970557531.8 970555077.5 970554095.7 1.85249e-06 970552600 970557600 2.8 128.2 1.145354e+07 140.8 970554170.9 1.17137e-06 970554169.8 9.79061e-07 -1.0 -1.00000e+00
969815467.1 6.2 969816312.9 969816782.0 969821302.6 969818801.7 969817801.3 2.92087e-06 969816300 969821400 -4.9 133.8 1.167093e+07 18.3 969819268.5 8.29401e-06 969816630.0 2.85539e-06 -1.0 -1.00000e+00
968786490.2 6.2 968787274.9 968787745.0 968791855.6 968789556.2 968788636.4 1.50532e-06 968787200 968791900 36.5 71.0 1.073086e+07 215.4 968787594.3 8.11961e-07 968787597.4 8.64809e-07 -1.0 -1.00000e+00
968052496.9 6.2 968053289.3 968053789.9 968057670.8 968055453.4 968054566.4 3.41070e-06 968053200 968057700 -37.1 -73.5 1.034785e+07 18.6 968055768.6 2.03331e-06 968055923.4 1.00843e-06 -1.0 -1.00000e+00
966651134.9 6.2 966651499.3 966651795.0 966652793.0 966652082.4 966651798.2 1.25396e-05 966651400 966652800 18.6 -107.2 3.316250e+06 30.0 966652254.4 9.75415e-06 -1.0 -1.00000e+00 -1.0 -1.00000e+00
966184112.1 6.2 966184877.2 966185395.0 966188959.9 966186882.2 966186051.2 3.71031e-06 966184800 966189000 12.2 141.5 9.695600e+06 18.3 966184901.0 1.99469e-06 966184899.3 1.69674e-06 -1.0 -1.00000e+00
966022563.5 6.2 966023260.4 966023722.2 966027334.1 966025289.6 966024471.7 3.86314e-07 966023200 966027400 -20.8 -178.8 9.541373e+06 600.8 966023911.2 1.31895e-06 966023263.8 2.38277e-06 -1.0 -1.00000e+00
962928695.1 6.2 962929427.2 962929949.6 962933299.5 962931326.2 962930536.8 2.77073e-06 962929400 962933300 -22.3 -68.3 9.208846e+06 109.4 962929429.7 2.70238e-06 962929428.7 4.90981e-06 -1.0 -1.00000e+00
961392763.4 6.2 961393553.5 961394049.3 961397960.8 961395733.4 961394842.4 2.98907e-06 961393500 961398000 -5.6 151.2 1.039480e+07 50.8 961395762.7 1.87453e-06 -1.0 -1.00000e+00 -1.0 -1.00000e+00
960863002.6 6.2 960863607.9 960863889.5 960866364.7 960864923.8 960864347.5 5.26776e-06 960863600 960866400 44.5 148.7 6.724225e+06 43.7 960864944.0 2.09170e-06 960863628.2 1.71638e-06 -1.0 -1.00000e+00
960692780.0 6.2 960693608.1 960694086.2 960698406.1 960695994.9 960695030.4 2.99282e-06 960693600 960698500 -2.4 136.7 1.125229e+07 24.3 960696670.7 1.51404e-05 960696686.1 4.52849e-06 -1.0 -1.00000e+00
957148983.5 6.2 957149697.8 957150244.5 957153328.8 957151466.5 957150721.6 3.80664e-06 957149600 957153400 -18.1 -70.6 8.690761e+06 46.8 957149699.5 5.25215e-06 957149699.0 6.89281e-06 -1.0 -1.00000e+00
956963400.1 6.2 956964196.0 956964693.7 956968622.5 956966384.3 956965489.0 3.32548e-06 956964100 956968700 -38.1 -73.7 1.044484e+07 22.0 956966599.1 1.91241e-06 956966593.7 1.39478e-06 -1.0 -1.00000e+00
955581338.3 6.2 955582142.5 955582627.1 955586730.2 955584419.4 955583495.1 2.68697e-06 955582100 955586800 -6.7 147.3 1.078383e+07 65.9 955584568.5 1.88231e-06 955584566.9 9.88392e-07 -1.0 -1.00000e+00
952686527.5 6.2 952687312.8 952687814.3 952691644.5 952689451.5 952688574.3 3.24403e-06 952687300 952691700 -35.9 -73.5 1.023410e+07 35.0 952690263.4 4.86297e-06 952690233.8 2.74350e-06 -1.0 -1.00000e+00
951980739.9 6.2 951981364.4 951981831.8 951984231.6 951982735.2 951982136.6 5.56953e-06 951981300 951984300 -16.3 -115.3 6.983389e+06 17.9 951982584.2 2.96558e-06 -1.0 -1.00000e+00 -1.0 -1.00000e+00
951391550.2 6.2 951392335.0 951392835.7 951396670.0 951394475.8 951393598.2 3.15905e-06 951392300 951396700 -35.0 -71.6 1.023961e+07 41.6 951395712.2 1.67615e-06 951392350.0 2.18047e-06 -1.0 -1.00000e+00
951332420.6 6.2 951333201.6 951333709.2 951337457.0 951335298.6 951334435.2 3.52487e-06 951333200 951337500 -33.5 -72.0 1.007284e+07 19.0 951334058.2 2.03558e-06 951334056.6 1.85538e-06 -1.0 -1.00000e+00
951288766.8 6.2 951289552.1 951290057.3 951293854.0 951291673.7 951290801.7 3.49366e-06 951289500 951293900 -34.8 -72.7 1.017437e+07 18.0 951290784.2 2.96749e-04 951290782.4 2.42439e-04 -1.0 -1.00000e+00
950305923.2 6.2 950306777.5 950307221.2 950312043.7 950309420.6 950308371.4 1.73805e-06 950306700 950312100 -7.3 128.8 1.224110e+07 134.7 950309915.1 1.82220e-06 950308341.6 1.86134e-06 -1.0 -1.00000e+00
949388362.4 6.2 949389551.9 949389764.3 949396906.6 949393244.8 949391780.1 1.74482e-06 949389500 949397000 -47.9 99.5 1.708850e+07 16.0 949393299.0 1.97633e-06 949392020.3 1.81071e-06 -1.0 -1.00000e+00
949098512.8 6.2 949099295.0 949099797.1 949103603.5 949101421.8 949100549.1 3.16982e-06 949099200 949103700 -6.1 154.6 1.018140e+07 42.6 949101259.5 5.94301e-06 -1.0 -1.00000e+00 -1.0 -1.00000e+00
947764816.6 6.2 947765699.9 947766149.5 947771104.3 947768409.6 947767331.7 2.73328e-06 947765600 947771200 -57.7 -66.0 1.257551e+07 10.0 947766217.7 2.04654e-06 947766216.4 2.09149e-06 -1.0 -1.00000e+00
947051508.5 6.2 947052292.1 947052795.3 947056599.3 947054417.5 947053544.8 3.30797e-06 947052200 947056600 -9.1 157.8 1.018179e+07 31.7 947054399.8 4.99740e-06 947054454.3 2.52426e-06 -1.0 -1.00000e+00
942965262.7 6.2 942966018.6 942966469.2 942970559.4 942968289.4 942967381.4 6.47613e-07 942966000 942970600 -31.6 179.6 1.059332e+07 434.9 942968232.1 2.56235e-06 942968241.9 2.89577e-06 -1.0 -1.00000e+00
942263084.4 6.2 942263812.0 942264318.1 942267769.0 942265761.3 942264958.2 1.79743e-06 942263800 942267800 -23.0 -66.6 9.369250e+06 214.3 942264992.7 1.79395e-06 942266688.2 1.96679e-06 -1.0 -1.00000e+00
940873487.1 6.2 940874272.8 940874742.6 940878862.1 940876558.5 940875637.1 1.51071e-06 940874200 940878900 36.4 70.8 1.074996e+07 213.9 940875093.8 1.46534e-06 940874352.6 1.47387e-06 -1.0 -1.00000e+00
939578438.0 6.2 939579160.9 939579709.0 939582821.1 939580942.6 939580191.2 4.31099e-06 939579100 939582900 -14.9 -174.8 8.766279e+06 12.3 939580867.1 6.74751e-06 939580956.4 2.80676e-06 -1.0 -1.00000e+00
939375457.6 6.2 939376222.4 939376732.9 939380360.8 939378259.5 939377418.9 3.14383e-06 939376200 939380400 -12.5 166.6 9.806441e+06 56.9 939379119.9 1.70903e-06 -1.0 -1.00000e+00 -1.0 -1.00000e+00
939352562.8 6.2 939353747.3 939353960.4 939360905.8 939357330.3 939355900.0 1.81917e-06 939353700 939361000 -17.2 66.7 1.668606e+07 14.1 939353765.6 1.59786e-06 -1.0 -1.00000e+00 -1.0 -1.00000e+00
937264914.0 6.2 937265620.2 937266180.9 937269128.2 937267322.1 937266599.7 4.56738e-06 937265600 937269200 -29.2 -112.3 8.428569e+06 10.0 937267230.6 5.56297e-06 937267267.1 2.20638e-06 -1.0 -1.00000e+00
936375158.6 6.2 936376087.1 936376506.2 936382056.4 936379100.2 936377917.7 2.21193e-06 936376000 936382100 -10.1 110.7 1.379561e+07 32.1 936376416.6 9.98713e-07 -1.0 -1.00000e+00 -1.0 -1.00000e+00
936019593.2 6.2 936020305.0 936020830.7 936024051.5 936022140.8 936021376.5 2.30028e-06 936020300 936024100 31.2 130.2 8.916427e+06 167.2 936020351.6 1.28465e-06 936020350.4 1.79141e-06 -1.0 -1.00000e+00
933360064.9 6.2 933360312.4 933360511.6 933361053.3 933360629.7 933360460.3 2.39385e-05 933360300 933361100 29.4 -113.8 1.976844e+06 10.0 933360809.3 8.03719e-05 933360816.3 3.98220e-05 -1.0 -1.00000e+00
966362190.1 6.1 966362977.5 966363480.2 966367311.0 966365116.3 966364238.5 2.73934e-06 966362900 966367400 -6.5 154.2 1.024168e+07 23.5 966366039.9 3.54599e-06 966366051.5 1.49223e-06 -1.0 -1.00000e+00
965806233.4 6.1 965806997.6 965807515.3 965811077.0 965809001.2 965808170.8 2.96989e-06 965806900 965811100 12.3 141.5 9.687358e+06 21.6 965807048.6 1.91589e-06 965807047.4 1.81218e-06 -1.0 -1.00000e+00
963738980.0 6.1 963739804.9 963740269.4 963744698.3 963742247.6 963741267.3 1.60452e-06 963739800 963744700 3.0 128.2 1.143656e+07 111.9 963740606.1 5.42320e-07 -1.0 -1.00000e+00 -1.0 -1.00000e+00
959028495.0 6.1 959029266.3 959029777.0 959033441.8 959031321.7 959030473.7 2.74604e-06 959029200 959033500 -13.7 166.8 9.893715e+06 33.2 959029638.3 6.38335e-07 959029329.8 5.02674e-07 -1.0 -1.00000e+00
958690026.7 6.1 958690703.8 958691261.7 958694071.4 958692338.0 958691644.6 2.61648e-06 958690700 958694100 -14.0 -74.4 8.089526e+06 102.6 958690731.2 1.93364e-06 958690705.3 3.15189e-06 -1.0 -1.00000e+00
956917680.8 6.1 956918372.1 956918927.2 956921847.0 956920061.5 956919347.3 2.66929e-06 956918300 956921900 29.7 141.0 8.332440e+06 89.6 956918400.8 1.81089e-06 956918406.0 2.58864e-06 -1.0 -1.00000e+00
955905644.6 6.1 955906360.8 955906908.1 955909996.6 955908131.5 955907385.4 3.19472e-06 955906300 955910000 -15.3 -173.2 8.704053e+06 36.2 955908137.9 2.26253e-06 955906383.6 2.90216e-06 -1.0 -1.00000e+00
955243531.5 6.1 955244329.5 955244828.2 955248760.1 955246519.2 955245622.9 2.80120e-06 955244300 955248800 33.1 96.5 1.045729e+07 12.2 955247169.5 2.47455e-06 955247057.9 1.32854e-06 -1.0 -1.00000e+00
954497159.6 6.1 954498013.8 954498476.1 954503119.0 954500565.0 954499543.4 2.19371e-06 954498000 954503200 -0.1 125.1 1.191882e+07 28.1 954501851.7 8.54263e-06 954501849.8 8.22393e-06 -1.0 -1.00000e+00
953650342.0 6.1 953651100.2 953651617.8 953655148.6 953653088.6 953652264.6 2.74955e-06 953651100 953655200 -28.1 -70.9 9.613205e+06 41.4 953651119.6 2.54884e-06 953651118.5 2.86489e-06 -1.0 -1.00000e+00
952076845.6 6.1 952077526.9 952078023.5 952081288.4 952079384.3 952078622.7 5.11484e-07 952077500 952081300 19.4 144.8 8.885577e+06 446.9 952079310.9 1.82589e-06 952077531.4 2.67759e-06 -1.0 -1.00000e+00
952050770.0 6.1 952051562.7 952052064.7 952055933.6 952053720.7 952052835.5 2.84768e-06 952051500 952056000 38.8 40.0 1.032716e+07 12.2 952054466.8 2.39852e-06 952055305.7 1.63230e-06 -1.0 -1.00000e+00
951815991.8 6.1 951816780.8 951817280.2 951821152.0 951818940.5 951818055.9 2.58625e-06 951816700 951821200 -36.6 -73.2 1.032037e+07 34.3 951819011.7 1.98247e-06 -1.0 -1.00000e+00 -1.0 -1.00000e+00
951673481.1 6.1 951674270.8 951674771.3 951678636.8 951676427.2 951675543.4 2.67363e-06 951674200 951678700 -36.6 -73.3 1.031152e+07 27.0 951676776.8 2.46980e-06 951675278.8 1.66112e-06 -1.0 -1.00000e+00
951326686.5 6.1 951327476.1 951327977.1 951331837.6 951329630.0 951328746.9 2.70050e-06 951327400 951331900 -36.4 -73.1 1.030209e+07 25.0 951329721.4 2.15953e-06 -1.0 -1.00000e+00 -1.0 -1.00000e+00
951294344.2 6.1 951295127.4 951295630.4 951299434.7 951297253.1 951296380.4 2.63393e-06 951295100 951299500 -34.8 -72.4 1.018097e+07 34.2 951295401.9 6.36418e-05 951295398.0 2.41679e-05 -1.0 -1.00000e+00
949712640.4 6.1 949713358.9 949713909.5 949716982.6 949715121.7 949714377.3 3.51686e-06 949713300 949717000 -15.1 -173.3 8.684276e+06 15.0 949715337.6 2.17944e-06 949715809.2 1.71609e-06 -1.0 -1.00000e+00
945853060.1 6.1 945853908.9 945854367.7 945859009.7 945856459.9 945855439.9 1.87010e-06 945853900 945859100 -5.4 131.3 1.189938e+07 64.9 945856132.8 1.76231e-06 945856493.6 1.46677e-06 -1.0 -1.00000e+00
943467039.4 6.1 943467866.5 943468337.5 943472720.0 943470285.4 943469311.6 1.97381e-06 943467800 943472800 5.4 126.4 1.136133e+07 66.8 943468530.1 1.73255e-06 943467980.1 1.74897e-06 -1.0 -1.00000e+00
941194049.0 6.1 941194811.5 941195332.1 941198858.9 941196797.5 941195973.0 3.10015e-06 941194800 941198900 -24.1 -175.1 9.619860e+06 13.9 941197088.7 7.95589e-06 -1.0 -1.00000e+00 -1.0 -1.00000e+00
940276302.6 6.1 940277090.4 940277563.3 940281668.7 940279368.9 940278449.0 1.24645e-06 940277000 940281700 36.5 71.0 1.073219e+07 188.6 940281470.1 2.87689e-06 940281482.9 2.76785e-06 -1.0 -1.00000e+00
939721987.6 6.1 939722915.5 939723331.0 939728911.3 939725944.0 939724757.1 1.58757e-06 939722900 939729000 -6.5 105.2 1.384736e+07 54.6 939724835.6 3.52423e-06 -1.0 -1.00000e+00 -1.0 -1.00000e+00
939031881.2 6.1 939032646.5 939033160.3 939036762.1 939034670.3 939033833.6 2.74811e-06 939032600 939036800 -11.3 165.9 9.761738e+06 37.0 939034512.3 2.35105e-06 939035432.1 1.18794e-06 -1.0 -1.00000e+00
938480875.9 6.1 938481600.7 938482147.0 938485281.0 938483393.1 938482638.0 3.46696e-06 938481600 938485300 -16.4 -173.4 8.810121e+06 14.1 938483308.1 3.57445e-06 938481605.1 2.89897e-06 -1.0 -1.00000e+00
937558401.2 6.1 937559229.9 937559709.4 937564018.3 937561611.0 937560648.1 2.50404e-06 937559200 937564100 27.4 91.5 1.123424e+07 16.1 937562318.7 2.46395e-06 937562328.8 1.36412e-06 -1.0 -1.00000e+00
935949625.2 6.1 935950386.9 935950862.8 935954771.7 935952566.1 935951683.8 9.52049e-07 935950300 935954800 -29.2 -178.8 1.029288e+07 262.4 935950392.2 9.17906e-07 -1.0 -1.00000e+00 -1.0 -1.00000e+00
934539071.6 6.1 934539849.3 934540359.3 934544067.0 934541926.1 934541069.8 2.90132e-06 934539800 934544100 23.4 123.6 9.990860e+06 17.8 934543032.1 2.02681e-06 934543043.9 9.06917e-07 -1.0 -1.00000e+00
933970042.1 6.1 933970728.5 933971293.5 933974091.7 933972356.2 933971661.9 3.64577e-06 933970700 933974100 34.8 138.5 8.099285e+06 26.8 933974004.1 3.49422e-05 933973999.8 1.26128e-05 -1.0 -1.00000e+00
933496316.9 6.1 933497196.8 933497647.4 933502571.1 933499890.8 933498818.6 2.18260e-06 933497100 933502600 -45.5 166.4 1.250836e+07 14.3 933499550.4 3.02853e-05 -1.0 -1.00000e+00 -1.0 -1.00000e+00
933466694.6 6.1 933467463.1 933467976.0 933471603.9 933469499.9 933468658.3 2.79919e-06 933467400 933471700 24.3 125.2 9.818582e+06 31.1 933467497.1 9.64608e-07 -1.0 -1.00000e+00 -1.0 -1.00000e+00
933238490.9 6.1 933239321.8 933239795.5 933244176.5 933241739.8 933240765.1 2.23175e-06 933239300 933244200 -0.5 133.0 1.137123e+07 38.6 933241773.7 9.48454e-07 933239583.9 6.00114e-07 -1.0 -1.00000e+00
931723858.8 6.1 931724647.1 931725149.5 931728988.8 931726790.2 931725910.8 2.75225e-06 931724600 931729000 -3.3 150.6 1.026007e+07 21.9 931726564.0 2.09519e-06 931726583.3 6.80441e-07 -1.0 -1.00000e+00
931414382.4 6.1 931415065.4 931415605.7 931418586.3 931416784.6 931416063.9 1.63369e-06 931415000 931418600 -15.0 -70.5 8.407843e+06 198.7 931415648.2 1.24007e-06 931415067.9 1.32404e-06 -1.0 -1.00000e+00
970544966.2 6.0 970545383.8 970545721.0 970546966.3 970546109.1 970545766.2 6.72601e-06 970545300 970547000 51.4 -175.2 4.000202e+06 32.4 970545302.4 1.13492e-05 -1.0 -1.00000e+00 -1.0 -1.00000e+00
969538375.1 6.0 969539221.5 969539689.8 969544222.5 969541716.5 969540714.1 1.86586e-06 969539200 969544300 -5.3 133.9 1.169489e+07 20.4 969541456.9 1.97001e-06 969542192.5 1.55547e-06 -1.0 -1.00000e+00
967625538.7 6.0 967626263.3 967626799.3 967630009.7 967628093.6 967627327.1 2.14815e-06 967626200 967630100 -17.5 -173.9 8.942031e+06 64.9 967626265.1 1.41849e-06 -1.0 -1.00000e+00 -1.0 -1.00000e+00
966404589.1 6.0 966405507.2 966405932.1 966411357.9 966408457.0 966407296.7 1.42457e-06 966405500 966411400 2.2 96.7 1.353762e+07 33.2 966409378.6 5.90793e-07 966405825.6 4.66633e-07 -1.0 -1.00000e+00
965000897.6 6.0 965001480.0 965001771.8 965004065.9 965002708.0 965002164.9 3.90231e-06 965001400 965004100 46.0 153.3 6.336597e+06 32.0 965002152.8 9.89020e-06 965002135.0 1.05903e-05 -1.0 -1.00000e+00
963517703.7 6.0 963518089.3 963518401.5 963519500.4 963518730.4 963518422.4 7.49103e-06 963518000 963519600 52.8 -169.6 3.593298e+06 35.6 963519323.4 5.24428e-06 963519320.8 3.25575e-06 -1.0 -1.00000e+00
960815226.4 6.0 960816011.4 960816482.0 960820589.2 960818290.8 960817371.5 8.19658e-07 960816000 960820600 -33.2 179.8 1.072562e+07 211.2 960819867.1 4.28063e-06 -1.0 -1.00000e+00 -1.0 -1.00000e+00
960161013.5 6.0 960161796.8 960162303.7 960166071.1 960163903.6 960163036.5 2.32786e-06 960161700 960166100 -18.6 169.5 1.011529e+07 15.6 960163902.3 1.68137e-06 960164026.1 8.58974e-07 -1.0 -1.00000e+00
959397992.2 6.0 959398507.6 959398827.9 959400654.4 959399513.4 959399057.1 4.90338e-06 959398500 959400700 9.3 -84.2 5.324455e+06 28.4 959400392.6 2.94291e-06 959400390.0 1.36198e-06 -1.0 -1.00000e+00
959336177.6 6.0 959337010.3 959337483.7 959341879.0 959339435.5 959338458.2 1.80420e-06 959337000 959341900 6.9 124.0 1.140268e+07 34.3 959339298.3 5.45809e-07 959341403.7 4.61974e-07 -1.0 -1.00000e+00
958301478.6 6.0 958302311.9 958302790.2 958307140.9 958304714.2 958303743.5 2.05326e-06 958302300 958307200 -54.6 -135.4 1.132459e+07 10.0 958304840.2 1.53404e-06 958304718.6 8.73936e-07 -1.0 -1.00000e+00
958300226.0 6.0 958301059.7 958301537.7 958305893.2 958303464.4 958302492.9 2.05081e-06 958301000 958305900 -54.7 -135.3 1.133437e+07 10.0 958304840.2 1.55644e-06 958304718.6 8.73936e-07 -1.0 -1.00000e+00
958277757.6 6.0 958278374.8 958278879.2 958281294.8 958279778.9 958279172.5 2.11063e-06 958278300 958281300 -5.1 -77.5 7.074332e+06 129.0 958278377.8 1.41937e-06 958278376.2 1.81586e-06 -1.0 -1.00000e+00
956130076.8 6.0 956130926.8 956131389.4 956136001.7 956133462.5 956132446.8 1.67394e-06 956130900 956136100 -1.9 128.1 1.184988e+07 38.7 956133634.8 1.13174e-06 -1.0 -1.00000e+00 -1.0 -1.00000e+00
956052201.9 6.0 956052994.1 956053490.4 956057410.4 956055178.2 956054285.3 1.97723e-06 956052900 956057500 -37.5 -72.9 1.041696e+07 40.7 956053437.9 8.90928e-07 956053436.3 8.71728e-07 -1.0 -1.00000e+00
954685998.8 6.0 954686814.0 954687297.8 954691479.6 954689130.7 954688191.1 1.91104e-06 954686800 954691500 -3.8 142.0 1.096151e+07 33.6 954689631.0 1.32393e-06 954688320.1 1.28960e-06 -1.0 -1.00000e+00
954284304.2 6.0 954285092.3 954285592.3 954289453.7 954287246.8 954286364.0 2.07219e-06 954285000 954289500 -36.3 -72.9 1.029894e+07 34.3 954286085.1 5.42965e-06 954288494.9 5.35767e-06 -1.0 -1.00000e+00
953847528.0 6.0 953848313.4 953848816.4 953852633.4 953850445.3 953849570.1 2.16876e-06 953848300 953852700 -35.4 -73.1 1.021088e+07 27.4 953849418.2 3.01265e-06 953849416.6 2.42344e-06 -1.0 -1.00000e+00
953530181.3 6.0 953531002.1 953531484.4 953535715.2 953533343.5 953532394.9 1.97167e-06 953531000 953535800 13.8 120.0 1.106769e+07 24.6 953532915.8 1.22635e-06 953532898.8 1.07659e-06 -1.0 -1.00000e+00
952355177.6 6.0 952355960.5 952356464.0 952360261.8 952358082.9 952357211.3 2.12157e-06 952355900 952360300 -34.5 -72.0 1.016829e+07 33.0 952357661.6 2.23915e-05 952357675.0 9.36831e-06 -1.0 -1.00000e+00
951703204.3 6.0 951703982.2 951704489.4 951708224.8 951706073.2 951705212.5 2.18653e-06 951703900 951708300 -33.2 -72.2 1.004107e+07 30.3 951706188.4 2.28290e-06 951705009.9 1.97725e-06 -1.0 -1.00000e+00
951347567.6 6.0 951348354.5 951348859.1 951352668.9 951350482.6 951349608.1 2.29670e-06 951348300 951352700 -34.7 -71.8 1.020274e+07 16.0 951348486.4 1.88038e-06 951352201.1 1.78850e-06 -1.0 -1.00000e+00
951301849.7 6.0 951302630.5 951303139.2 951306876.0 951304721.9 951303860.2 2.35432e-06 951302600 951306900 -33.2 -72.0 1.005270e+07 15.0 951303189.4 6.36015e-06 951302651.3 2.80915e-06 -1.0 -1.00000e+00
951291453.1 6.0 951292243.5 951292741.1 951296637.6 951294415.7 951293526.9 1.99940e-06 951292200 951296700 -36.9 -72.8 1.036895e+07 39.7 951292543.8 2.10618e-04 951292540.0 7.94354e-05 -1.0 -1.00000e+00
951289962.8 6.0 951290743.6 951291248.7 951295018.8 951292852.0 951291985.2 2.15429e-06 951290700 951295100 -33.9 -72.0 1.011191e+07 31.4 951290784.2 2.97260e-04 951290782.4 2.42439e-04 -1.0 -1.00000e+00
951288691.5 6.0 951289469.3 951289976.3 951293712.8 951291560.8 951290700.0 2.17638e-06 951289400 951293800 -31.7 -69.2 1.004269e+07 31.2 951290784.2 2.96765e-04 951290782.4 2.42439e-04 -1.0 -1.00000e+00
950063684.4 6.0 950064436.7 950064963.4 950068384.7 950066370.3 950065564.5 2.55568e-06 950064400 950068400 -22.0 -174.8 9.400709e+06 16.4 950066783.4 1.08394e-05 950066761.5 5.61167e-06 -1.0 -1.00000e+00
949466715.0 6.0 949467295.1 949467585.8 949469875.9 949468521.2 949467979.4 3.68336e-06 949467200 949469900 46.8 152.8 6.321688e+06 44.3 949467340.3 2.37776e-06 -1.0 -1.00000e+00 -1.0 -1.00000e+00
947368855.7 6.0 947369372.1 947369696.5 947371501.1 947370367.4 947369913.9 5.51831e-06 947369300 947371600 18.3 -72.8 5.290835e+06 6.0 947370228.6 2.16299e-04 947370225.1 9.21960e-05 -1.0 -1.00000e+00
946732318.0 6.0 946733100.4 946733604.2 946737397.1 946735220.3 946734349.7 2.12234e-06 946733100 946737400 -9.0 158.0 1.015803e+07 33.2 946733221.3 4.39720e-06 946734070.8 3.03992e-06 -1.0 -1.00000e+00
946457150.4 6.0 946457912.3 946458431.0 946461971.3 946459905.2 946459078.7 2.38067e-06 946457900 946462000 12.4 142.1 9.641741e+06 24.0 946459760.1 2.68067e-06 -1.0 -1.00000e+00 -1.0 -1.00000e+00
946286619.8 6.0 946287484.9 946287944.8 946292679.9 946290082.7 946289043.8 1.86876e-06 946287400 946292700 -59.6 -150.8 1.212022e+07 10.0 946291571.1 3.54602e-06 946291863.1 2.97884e-06 -1.0 -1.00000e+00
945299972.2 6.0 945300961.0 945301346.3 945307589.9 945304325.1 945303019.2 1.31704e-06 945300900 945307600 -10.0 33.8 1.523540e+07 14.0 945304708.5 1.80903e-06 -1.0 -1.00000e+00 -1.0 -1.00000e+00
943855968.0 6.0 943856804.7 943857281.0 943861672.7 943859227.8 943858249.9 2.03229e-06 943856800 943861700 -56.3 -122.4 1.140953e+07 10.0 943858927.1 2.77393e-06 943858932.3 2.55353e-06 -1.0 -1.00000e+00
943423480.3 6.0 943424385.4 943424816.7 943430095.4 943427260.4 943426126.4 1.43292e-06 943424300 943430100 -10.4 118.8 1.323021e+07 38.7 943427735.1 1.68138e-06 -1.0 -1.00000e+00 -1.0 -1.00000e+00
941856541.4 6.0 941857447.3 941857881.3 941863138.4 941860311.1 941859180.2 1.55674e-06 941857400 941863200 8.0 92.0 1.319394e+07 22.7 941862135.9 1.21785e-06 941862134.4 1.30625e-06 -1.0 -1.00000e+00
941449416.5 6.0 941450329.0 941450760.9 941456079.9 941453224.2 941452081.9 1.59629e-06 941450300 941456100 -52.4 160.7 1.332689e+07 14.7 941453242.8 1.28967e-06 941452787.8 1.19143e-06 -1.0 -1.00000e+00
940637102.8 6.0 940637994.5 940638438.0 940643508.2 940640763.0 940639665.0 1.67885e-06 940637900 940643600 -60.0 -65.1 1.281096e+07 15.9 940640924.2 2.20227e-06 940642087.0 2.35107e-06 -1.0 -1.00000e+00
940492446.9 6.0 940493170.4 940493644.4 940497325.9 940495234.9 940494398.5 3.43874e-07 940493100 940497400 -23.0 -179.1 9.758028e+06 413.0 940494049.7 1.04778e-06 940494048.5 1.10002e-06 -1.0 -1.00000e+00
940207915.0 6.0 940208454.0 940208765.2 940210742.4 940209530.6 940209045.9 4.72417e-06 940208400 940210800 6.8 -82.7 5.654937e+06 21.3 940210182.4 3.16731e-06 -1.0 -1.00000e+00 -1.0 -1.00000e+00
940027792.9 6.0 940028509.0 940029061.4 940032111.1 940030260.4 940029520.2 2.88318e-06 940028500 940032200 -15.3 -172.1 8.636382e+06 14.4 940030324.5 3.14980e-06 940028511.9 2.85161e-06 -1.0 -1.00000e+00
939664116.5 6.0 939664614.6 939664946.7 939666636.3 939665556.4 939665124.4 5.73324e-06 939664600 939666700 3.3 -103.9 5.039454e+06 10.0 939665779.1 2.93046e-06 939665783.3 3.02734e-06 -1.0 -1.00000e+00
939643891.7 6.0 939644703.0 939645175.7 939649437.3 939647060.6 939646109.9 1.29005e-06 939644700 939649500 -3.1 139.5 1.109127e+07 110.0 939648115.9 3.92857e-06 939648114.3 3.78490e-06 -1.0 -1.00000e+00
939469101.8 6.0 939469934.7 939470406.5 939474818.2 939472368.3 939471388.3 1.72807e-06 939469900 939474900 3.0 128.3 1.143282e+07 42.3 939472274.4 1.70198e-06 939473055.3 1.53276e-06 -1.0 -1.00000e+00
939265952.4 6.0 939266742.9 939267241.3 939271131.3 939268911.7 939268023.9 2.05433e-06 939266700 939271200 -22.1 170.2 1.035771e+07 34.5 939269645.8 8.11243e-07 939269644.4 7.73002e-07 -1.0 -1.00000e+00
939071787.3 6.0 939072559.8 939073073.1 939076720.3 939074606.1 939073760.5 2.38201e-06 939072500 939076800 -12.9 166.3 9.865896e+06 17.7 939075387.9 1.40647e-06 939076087.9 8.41653e-07 -1.0 -1.00000e+00
939026091.7 6.0 939026857.9 939027370.6 939030987.3 939028889.2 939028049.9 2.15659e-06 939026800 939031000 -12.3 166.7 9.791097e+06 39.9 939028818.8 7.66394e-06 939028813.9 2.93804e-06 -1.0 -1.00000e+00
938533647.5 6.0 938534408.0 938534925.8 938538467.4 938536401.7 938535575.4 2.28684e-06 938534400 938538500 -17.1 174.6 9.639997e+06 32.2 938536119.0 1.32511e-06 938536685.2 8.75530e-07 -1.0 -1.00000e+00
938303119.4 6.0 938303839.3 938304388.9 938307476.0 938305608.9 938304862.0 2.84886e-06 938303800 938307500 -15.9 -172.5 8.713305e+06 14.5 938305408.7 2.66188e-06 938303874.2 1.79451e-06 -1.0 -1.00000e+00
938282183.9 6.0 938282901.3 938283449.3 938286537.2 938284671.5 938283925.2 2.65480e-06 938282900 938286600 -15.4 -173.2 8.706683e+06 29.0 938284164.3 2.42284e-04 938284865.2 1.32804e-04 -1.0 -1.00000e+00
937709986.9 6.0 937710902.3 937711332.0 937716692.7 937713818.8 937712669.2 1.56167e-06 937710900 937716700 -53.1 160.0 1.341174e+07 17.3 937713594.4 8.07415e-07 937715267.9 9.23494e-07 -1.0 -1.00000e+00
936586027.8 6.0 936586594.0 936586887.8 936589092.6 936587779.1 936587253.7 3.56265e-06 936586500 936589100 48.3 154.4 6.129558e+06 58.7 936586610.9 1.44329e-06 -1.0 -1.00000e+00 -1.0 -1.00000e+00
936398512.2 6.0 936399289.9 936399800.6 936403501.8 936401363.4 936400508.0 2.38213e-06 936399200 936403600 42.6 43.5 9.979352e+06 14.6 936401758.1 2.53905e-06 936401752.7 1.05666e-06 -1.0 -1.00000e+00
934785320.2 6.0 934785886.8 934786188.9 934788339.8 934787045.7 934786528.1 4.62439e-06 934785800 934788400 72.2 1.0 6.039194e+06 9.5 934787282.2 7.75981e-06 -1.0 -1.00000e+00 -1.0 -1.00000e+00
933168825.8 6.0 933169663.1 933170139.0 933174536.8 933172089.2 933171110.2 2.02926e-06 933169600 933174600 -56.3 -124.1 1.142185e+07 10.0 933172157.9 6.91042e-07 933171897.6 3.71541e-07 -1.0 -1.00000e+00
931116233.6 6.0 931116981.4 931117511.3 931120884.0 931118890.9 931118093.7 2.59698e-06 931116900 931120900 -35.9 -102.7 9.300786e+06 16.0 931117048.8 1.21566e-06 931117047.6 7.41785e-07 -1.0 -1.00000e+00
