    1129885799.6         1129886582.9         3.36736e-06               1           
    1133509823.6         1133510622.0         4.03637e-05               1           
    1133509824.5         1133510622.0         4.03637e-05               1           
    1133509823.0         1133510622.2         4.03637e-05               1           
    1133691727.4         1133692581.2         4.89444e-06               1           
    1133691725.5         1133692581.1         4.89444e-06               1           
    1131483108.0         1131483843.0          1.0625e-05               1           
    1136777150.6         1136777788.7         1.14926e-06               1           
    1136777150.0         1136777788.1         1.14926e-06               1           
    1131779424.3         1131780193.4         2.16677e-06               1           
    1130643872.2         1130644755.6         7.66104e-07               1           
    1136565504.1         1136566341.0         1.79261e-06               1           
    1136565502.9         1136566341.0         1.79261e-06               1           
    1136565502.0         1136566340.1         1.79261e-06               1           
    1136567301.0         1136567913.6         1.52679e-06               1           
    1135021460.1         1135022294.3         5.22229e-07               1           
    1132131989.1         1132132847.6         5.45859e-08               1           
    1128560324.2         1128561157.0         5.83267e-07               1           
    1133701098.8         1133701859.6          7.1053e-07               1           
    1132131990.5         1132132847.1         5.45859e-08               1           
    1136777145.3         1136777831.9         1.24792e-06               1           
    1132406512.8         1132407181.9         1.08386e-07               0           
    1129608275.1         1129609478.0         9.83522e-08               0           
    1127338852.4         1127339700.4         1.87502e-07               1           
    1134526270.3         1134527054.2         3.87218e-07               1           
    1136627128.6         1136628331.9          4.9612e-08               0           
    1129885789.0         1129886575.2         3.36736e-06               1           
    1127888832.8         1127889599.3         9.41283e-08               1           
    1136699779.2         1136700474.5         7.25152e-08               1           
    1136627128.4         1136628331.8          4.9612e-08               0           
    1135033875.2         1135034730.5         2.49254e-08               1           
    1134924926.9         1134925934.4         6.16545e-08               0           
    1134588322.5         1134589089.6         4.19066e-08               1           
    1133024922.1         1133025650.6         1.68676e-07               1           
    1131669590.5         1131670064.9         4.01455e-07               1           
    1131320196.2         1131321051.0         1.94035e-08               1           
    1130100417.3         1130101167.8         3.90355e-07               1           
    1129820354.7         1129821144.3         1.01422e-07               1           
    1127887439.1         1127888233.6         9.35701e-08               1           
    1137176675.4         1137177451.7         2.84802e-07               1           
    1136804675.0         1136805408.6         3.69578e-07               1           
    1134924926.5         1134925933.8         6.16545e-08               0           
    1134588322.6         1134589089.6         4.19066e-08               1           
    1136664316.7         1136665098.6         8.87906e-09               1           
    1135743756.7         1135744371.5          4.1096e-08               0           
    1133784331.7         1133785294.3         1.06535e-07               0           
    1132513078.6         1132513923.5         5.37196e-08               0           
    1131010514.3         1131011428.8         4.98223e-07               0           
    1131005634.4         1131006335.6         6.74775e-08               0           
    1129368565.8         1129369247.0         4.74804e-08               0           
    1127137755.5         1127137873.7         5.59248e-06               1           
    1126688846.5         1126689617.6         7.59048e-08               1           
    1136664316.0         1136665097.9         8.87906e-09               1           
    1136463139.4         1136463994.9         1.22083e-07               1           
    1133614584.4         1133615354.4         5.10024e-08               0           
    1133456986.3         1133457677.5         1.51373e-08               0           
    1132724697.1         1132725466.8         8.60078e-08               1           
    1132714284.8         1132714900.9         4.07873e-08               1           
    1132660004.2         1132660472.0         5.31732e-08               0           
    1132346498.5         1132346900.7         8.50046e-07               1           
    1131816593.3         1131817383.1         1.59969e-07               1           
    1131429874.2         1131430655.9         6.05055e-08               1           
    1131258410.7         1131258992.4         2.98918e-07               1           
    1129139556.9         1129140359.2         1.72462e-08               1           
    1128672318.6         1128673159.4         4.30614e-08               0           
    1128654936.2         1128655708.1         4.51186e-08               0           
    1137204824.2         1137205608.6         3.95518e-08               1           
    1137021766.0         1137022630.5         8.62862e-08               1           
    1136812506.2         1136813322.8         3.05703e-08               1           
    1136804675.8         1136805409.3         3.69578e-07               1           
    1134572633.0         1134573566.2          2.6854e-08               1           
    1133998391.9         1133999177.6         2.68597e-08               0           
    1133741389.8         1133742179.5         7.34583e-08               1           
    1132949962.3         1132950972.4          1.2669e-08               1           
    1131091986.6         1131092891.9         1.66047e-07               1           
    1130776375.8         1130777166.4         5.29565e-08               1           
    1129743096.4         1129743857.3         1.05458e-08               0           
    1127965806.5         1127966576.8         2.16054e-08               0           
    1127357790.7         1127358645.5         1.23605e-08               1           
    1136808946.5         1136809864.2         3.09265e-08               1           
    1131091983.0         1131092892.1         1.66047e-07               1           
    1136383974.1         1136384716.0         1.23287e-08               0           
    1135632595.9         1135633387.0         3.30791e-08               0           
    1135140212.2         1135141413.3         1.16099e-08               0           
    1134024146.1         1134025002.7         5.68317e-08               1           
    1133705658.4         1133706515.4         8.66032e-08               1           
    1133488045.5         1133488834.1         2.77346e-08               1           
    1133466712.5         1133467480.8         6.52309e-08               1           
    1132785187.3         1132786023.8          2.6007e-08               0           
    1132757256.3         1132758184.1         6.26119e-09               0           
    1132751515.8         1132752422.1         2.49908e-08               0           
    1132648458.6         1132649298.8         5.08611e-08               1           
    1131452514.0         1131453241.5         6.41562e-08               1           
    1130384944.5         1130385586.9         6.12179e-08               1           
    1129979115.4         1129980299.7         7.70322e-09               0           
    1129336631.5         1129337379.0         8.21689e-09               1           
    1128938865.1         1128939466.5         1.09747e-08               1           
    1128220238.6         1128220789.6         8.02632e-08               1           
    1127060334.9         1127061271.1         1.26655e-08               1           
    1126686701.6         1126687470.4          4.7833e-08               0           
    1137122455.8         1137122920.8         1.33896e-07               1           
    1136586013.3         1136586728.4         3.05453e-08               1           
    1136121552.6         1136121984.1         7.54555e-07               1           
    1136091553.4         1136092385.9         2.41742e-08               1           
    1135264806.1         1135265535.4          1.2577e-08               1           
    1134391460.2         1134392259.8         1.10089e-08               0           
    1134006754.7         1134007334.3         6.51713e-08               1           
    1134006442.4         1134007280.8         6.16692e-08               1           
    1133703193.1         1133703882.9         8.38141e-07               1           
    1133699968.2         1133700822.6         7.37844e-07               1           
    1133191765.5         1133192549.5         1.85734e-08               1           
    1133086126.0         1133086906.8         2.42517e-08               1           
    1132929941.3         1132930676.9         1.33115e-08               1           
    1131293524.3         1131294236.2         1.77082e-08               0           
    1131212920.1         1131213651.0         1.59304e-07               1           
    1131079604.7         1131080341.9          1.2255e-08               0           
    1130807413.5         1130807801.4          1.9714e-07               0           
    1130659950.9         1130660873.0         1.98408e-08               1           
    1130644279.6         1130645164.3          7.4588e-07               1           
    1130122185.0         1130122627.3         9.43659e-09               1           
    1129983338.3         1129984522.0         1.64594e-08               0           
    1129511847.3         1129512771.1         2.20474e-08               1           
    1127693117.8         1127694050.3         1.20635e-08               1           
    1126948969.4         1126949722.2         1.63295e-08               1           
    1126686892.6         1126687690.3         8.90475e-08               0           
    1137257680.8         1137258474.6         6.52386e-08               1           
    1137204142.4         1137205063.6         4.27783e-08               1           
    1136121552.5         1136121983.9         7.54555e-07               1           
    1134944915.5         1134945646.2         3.02053e-08               1           
    1136006927.2         1136007772.4         3.22559e-08               1           
    1135953390.9         1135954191.9         9.66509e-09               1           
    1135162870.0         1135163658.9         7.06311e-09               1           
    1134944917.0         1134945646.3         3.02053e-08               1           
    1134162738.8         1134163114.5         3.79997e-08               1           
    1133698001.2         1133698856.5         6.96448e-07               1           
    1133694946.2         1133695801.2         8.55876e-07               1           
    1133492096.7         1133492830.7         2.21396e-08               1           
    1133146971.5         1133147708.7         7.77573e-09               1           
    1132753180.3         1132754011.5         2.27713e-08               0           
    1131976201.7         1131977055.9         7.15379e-09               0           
    1130972051.4         1130972894.4         1.08437e-08               1           
    1130723979.4         1130724484.3         5.09609e-08               1           
    1130517424.7         1130518278.3          1.9664e-08               0           
    1130468665.3         1130469348.7          2.6179e-08               0           
    1130239620.4         1130240444.0         7.87063e-08               0           
    1129819689.0         1129820070.9         6.78204e-08               1           
    1129509165.4         1129510362.1         2.35408e-08               1           
    1128669822.8         1128670743.7         4.74647e-08               0           
    1128659757.8         1128660315.1         1.92114e-08               0           
    1127836330.3         1127837170.2         4.57817e-09               1           
    1127576133.8         1127576924.7         1.26599e-07               1           
    1127551627.6         1127552274.4          1.9635e-08               0           
    1126619494.0         1126620265.6         3.54041e-09               0           
    1137208939.4         1137209721.5         2.40095e-08               1           
    1137180127.2         1137180972.0         5.40495e-08               1           
    1137079820.5         1137080665.1         5.95695e-08               1           
    1137054640.7         1137055131.8         6.42313e-08               1           
    1137005690.7         1137006610.0         8.38476e-08               1           
    1136998697.7         1136999216.1         5.61467e-08               1           
    1136752515.8         1136753323.4         4.00984e-08               1           
    1136636859.5         1136637698.3         8.79975e-09               0           
    1136627220.2         1136628423.6         4.96891e-08               0           
    1135953390.5         1135954191.9         9.66509e-09               1           
    1136636865.3         1136637697.2         8.79975e-09               0           
    1136199048.9         1136199874.4         2.42501e-08               0           
    1135365872.5         1135366684.3         1.86949e-08               1           
    1135064647.0         1135065411.3         1.38354e-08               0           
    1135023539.7         1135024328.9         8.22926e-06               1           
    1134920230.5         1134921026.8         2.42137e-08               0           
    1134234522.1         1134235475.1         2.28221e-07               1           
    1134021217.0         1134021887.2         5.01639e-08               1           
    1133839265.8         1133840194.6         2.77422e-08               1           
    1133795023.4         1133795784.2         1.29944e-08               0           
    1133188290.1         1133189075.8         6.22301e-09               1           
    1132066257.3         1132067103.8         6.12779e-09               0           
    1131784437.8         1131785207.3         2.05508e-07               1           
    1131454495.4         1131455223.8          4.6251e-08               1           
    1131112673.4         1131113475.6         1.03337e-08               0           
    1131061680.7         1131062621.6         1.71121e-08               0           
    1130660114.8         1130660999.4         1.96327e-08               1           
    1130470520.5         1130470999.3         2.30653e-08               0           
    1130236037.8         1130236884.0         7.53954e-08               0           
    1130210338.9         1130211255.2         9.99265e-09               1           
    1129900335.8         1129901024.1         2.81808e-08               1           
    1129889363.0         1129890296.3          3.9769e-06               1           
    1128826044.8         1128826876.0         6.64432e-09               0           
    1128497484.6         1128498241.1         2.19819e-08               0           
    1127703009.9         1127703942.6         8.84427e-09               1           
    1126764438.2         1126765212.7         1.08761e-08               1           
    1126658931.4         1126659767.8         1.33843e-08               0           
    1137159855.0         1137160643.3         2.03517e-08               1           
    1137093933.8         1137095137.1          3.2526e-08               1           
    1137019103.5         1137019892.5         1.22834e-07               1           
    1136854625.0         1136855572.9         1.73274e-08               1           
    1136785196.7         1136785907.6         3.97566e-08               1           
    1136777915.1         1136778788.4          1.4577e-06               1           
    1136755111.5         1136755886.0         3.67215e-08               1           
    1136744960.9         1136745710.5         1.90995e-08               1           
    1136699267.8         1136700205.5         7.77803e-08               1           
    1136199048.4         1136199874.3         2.42501e-08               0           
    1136170372.7         1136170789.3         1.01893e-08               0           
    1131112673.9         1131113475.5         1.03337e-08               0           
    1127316923.0         1127317759.4         3.02252e-08               0           
    1127234249.0         1127235097.2         6.34345e-09               1           
    1126569317.7         1126570093.1         5.70217e-09               0           
    1136498874.7         1136499636.1         9.15054e-09               1           
    1136468031.3         1136468804.7          2.0724e-08               1           
    1136279246.5         1136280030.7         1.67135e-08               0           
    1136216460.1         1136217268.9         1.33822e-08               1           
    1136170370.0         1136170788.6         1.01893e-08               0           
    1135635754.3         1135636161.8         2.66332e-08               0           
    1135481152.3         1135481600.2          9.2566e-09               0           
    1135479533.5         1135480269.9         1.04059e-08               0           
    1135187905.2         1135188680.3         7.88067e-09               1           
    1134922688.6         1134923295.5         1.76508e-08               0           
    1134900546.8         1134901331.1         4.15446e-08               0           
    1134888219.0         1134888776.9         1.29592e-08               1           
    1134736649.3         1134737364.7         1.40754e-08               0           
    1134684291.9         1134685073.1         1.98163e-08               1           
    1134236947.2         1134237899.2         8.03631e-07               1           
    1134168994.2         1134169779.5         1.90789e-08               0           
    1133808948.9         1133809781.7         1.20036e-07               1           
    1133698656.5         1133699510.9         6.74807e-07               1           
    1133464614.0         1133465589.6         6.68874e-08               1           
    1133193332.1         1133194065.4         1.66567e-08               1           
    1132789674.1         1132790174.7         2.73787e-08               0           
    1132674419.8         1132675334.3         4.10472e-09               0           
    1132659651.3         1132660467.7         7.01294e-08               0           
    1132485799.0         1132486623.3         3.70543e-08               0           
    1132391673.0         1132392444.2         9.47101e-09               0           
    1132241664.9         1132242626.9          1.5104e-08               1           
    1132215092.8         1132215503.7         1.28063e-08               1           
    1131799880.6         1131800728.2         6.25746e-08               1           
    1131707085.6         1131708283.1          1.0011e-08               0           
    1131599532.1         1131600295.7         1.03271e-07               0           
    1131432906.1         1131433548.2         4.22289e-08               1           
    1131148471.4         1131148875.9         1.88194e-08               0           
    1130898640.3         1130899465.5         1.67386e-08               0           
    1130876059.6         1130876474.7         1.64088e-08               1           
    1130781791.0         1130782442.6         5.07286e-08               1           
    1130775870.9         1130776754.0         5.53157e-08               1           
    1130656009.0         1130656802.8         8.84197e-09               1           
    1130506853.2         1130507678.0         6.71486e-09               1           
    1130224718.9         1130225635.8         4.64644e-08               0           
    1130223554.3         1130224358.7         5.39042e-08               0           
    1129986922.0         1129987773.6         1.57755e-08               0           
    1129905555.3         1129906264.5         8.22188e-09               1           
    1129535446.9         1129536643.7         1.36628e-08               0           
    1129370791.0         1129371558.9         6.23706e-09               0           
    1128655909.3         1128656681.4         4.34013e-08               0           
    1128393230.9         1128394189.8         1.00775e-08               1           
    1128225050.4         1128225840.9         6.03731e-09               1           
    1128042592.4         1128043403.6         4.40243e-09               1           
    1127880866.7         1127881671.1         3.93778e-08               1           
    1127574150.9         1127574536.9         2.52944e-07               1           
    1127291309.0         1127292305.2          5.2763e-09               0           
    1127069288.3         1127070102.6         9.86727e-09               0           
    1126911975.0         1126912771.6         1.15891e-08               1           
    1126870584.7         1126871538.0         1.24192e-08               0           
    1126753339.0         1126754107.0         8.77506e-09               1           
    1126657701.3         1126658494.2          1.296e-08                0           
    1126585459.1         1126586233.8          1.8704e-08               0           
    1137276264.3         1137277091.2         2.29841e-07               1           
    1137085555.4         1137086307.5         2.31706e-08               1           
    1137079736.0         1137080464.9         6.09376e-08               1           
    1136954173.9         1136955067.6         3.02828e-08               1           
    1136756274.0         1136757072.1         2.64746e-08               1           
    1136706777.8         1136707582.1         1.35391e-08               1           
    1136656950.9         1136657902.9         3.57832e-07               1           
    1136498873.8         1136499635.2         9.15054e-09               1           
    1136482866.5         1136483650.6         8.23283e-09               1           
    1136468032.8         1136468804.6          2.0724e-08               1           
    1136299545.8         1136300250.8         1.87956e-08               0           
    1136294961.0         1136295884.4         1.14777e-08               0           
    1136279246.5         1136280030.0         1.67135e-08               0           
    1135635809.0         1135636812.3         4.31893e-08               0           
    1135481151.0         1135481599.8         9.33413e-09               0           
    1127060385.0         1127061582.6         1.97787e-08               1           
