    1126479289.9         1126480063.4         1126482212.7        2326.03857422              Z           
    1132440670.8         1132441289.3         1132441836.5        1662.12988281              Z           
    1132440355.1         1132440977.3         1132441836.5        2613.83789062              Z           
    1132440355.8         1132440977.4         1132441836.5        2613.83789062              Z           
    1129885799.6         1129886582.9         1129886907.0        1104.42529297              Y           
    1133509823.6         1133510622.0         1133513275.5         1096.8795166              Y           
    1133509824.5         1133510622.0         1133513275.5         1096.8795166              Y           
    1133509823.0         1133510622.2         1133513275.5         1096.8795166              Y           
    1133303117.1         1133304315.2         1133309363.7        1427.22607422              Z           
    1129413139.6         1129413901.6         1129415618.0        1361.57275391              Z           
    1131906681.6         1131907465.5         1131909560.6        3309.07324219              Z           
    1126480738.8         1126481512.0         1126482212.7        1580.79296875              Z           
    1133691727.4         1133692581.2         1133694948.5        1120.25463867              Y           
    1131245196.9         1131245963.0         1131246562.8        1190.76611328              Z           
    1131242095.5         1131242861.6         1131245443.1        1264.59545898              Z           
    1131242095.6         1131242861.7         1131245443.1        1264.59545898              Z           
    1133691725.5         1133692581.1         1133694948.5        1120.25463867              Y           
    1130916720.8         1130917488.9         1130919626.8        1239.58911133              Z           
    1132551935.3         1132552549.8         1132553068.0        1346.94433594              Z           
    1131483108.0         1131483843.0         1131486369.4        2559.33886719              Y           
    1126498244.8         1126499017.8         1126501144.8        1369.89648438              Z           
    1126167265.6         1126167571.6         1126168311.7        1244.94335938              Z           
    1135897539.1         1135898369.8         1135901138.2        1258.43029785              Z           
    1136777150.6         1136777788.7         1136779086.5        1151.64257812              Y           
    1136777150.0         1136777788.1         1136779086.5        1151.64257812              Y           
    1131036439.2         1131037346.8         1131041183.9        1193.41699219              Z           
    1127145224.7         1127146064.2         1127148122.5        1642.66040039              Z           
    1126892417.1         1126893190.0         1126895341.0        1395.90942383              Z           
    1134417010.2         1134417436.2         1134418519.7        1652.74731445              Z           
    1131779424.3         1131780193.4         1131782692.0        1503.84619141              Y           
    1131120243.1         1131120651.7         1131121573.4        3500.84057617              Z           
    1130643872.2         1130644755.6         1130647285.9        1117.41625977              Y           
    1126497323.9         1126498094.4         1126501144.8         1426.3729248              Z           
    1126497313.3         1126498085.1         1126501144.8         1426.3729248              Z           
    1126497332.4         1126498104.7         1126501144.8         1426.3729248              Z           
    1136565504.1         1136566341.0         1136568648.0        2201.50585938              Y           
    1136565502.9         1136566341.0         1136568648.0        2201.50585938              Y           
    1136565502.0         1136566340.1         1136568648.0        2201.50585938              Y           
    1126489282.9         1126490051.9         1126490131.5        1561.38769531              Z           
    1126479572.0         1126480345.0         1126482212.7         3750.1171875              Z           
    1127271095.8         1127271863.9         1127274019.5        1617.56091309              Z           
    1126424475.7         1126425317.6         1126427598.5        1238.98400879              Z           
    1135648856.9         1135649815.2         1135652539.0        1135.45874023              Z           
    1135106104.2         1135106890.1         1135107757.8        1084.34130859              Z           
    1132693240.0         1132693986.0         1132694000.1         1168.4095459              Z           
    1130915088.4         1130915853.6         1130919626.8        1264.67272949              Z           
    1129599623.3         1129600800.3         1129603945.1        1124.51733398              Z           
    1126702357.9         1126703134.4         1126705636.3        1334.89379883              Z           
    1126602661.7         1126603439.7         1126606242.1        1422.73657227              Z           
    1136567301.0         1136567913.6         1136568648.0        2035.79382324              Y           
    1135021460.1         1135022294.3         1135024480.5        1221.43005371              Y           
    1132131989.1         1132132847.6         1132137604.1        1219.41577148              Y           
    1128560324.2         1128561157.0         1128563533.8        1954.29162598              Y           
    1126849191.9         1126849964.2         1126852111.5        1501.05554199              Z           
    1126674424.5         1126675192.1         1126677836.9        1505.58105469              Z           
    1126480586.4         1126481357.8         1126482212.7        1377.20507812              Z           
    1126479853.6         1126480628.2         1126482212.7         3750.1171875              Z           
    1126447419.1         1126448216.2         1126450482.7        1410.71118164              Z           
    1134672472.5         1134673338.3         1134675351.4        1065.52148438              Z           
    1133701098.8         1133701859.6         1133703696.1         1496.1842041              Y           
    1132131990.5         1132132847.1         1132137604.1        1219.41577148              Y           
    1136777145.3         1136777831.9         1136779086.5        1151.64257812              Y           
    1134672473.6         1134673338.2         1134675351.4        1065.52148438              Z           
    1132406512.8         1132407181.9         1132408811.8        1242.35864258              N           
    1129608275.1         1129609478.0         1129611770.1        1116.52807617              N           
    1129220332.5         1129221056.5         1129222878.3        1376.12133789              Z           
    1128836605.3         1128837167.4         1128838971.0        1215.87854004              Z           
    1127338852.4         1127339700.4         1127341915.1        1547.49243164              Y           
    1126941197.5         1126941966.9         1126941967.9        1545.21313477              Z           
    1126627199.6         1126627858.0         1126629767.3        1278.97875977              Z           
    1134526270.3         1134527054.2         1134530316.8        1267.26293945              Y           
    1136021671.0         1136022503.2         1136024926.5        1237.26000977              Z           
    1136627128.6         1136628331.9         1136628620.3        1059.92419434              N           
    1136066407.2         1136067111.8         1136070634.4        4962.06152344              Z           
    1131727770.7         1131728339.7         1131729415.4        2011.00341797              Z           
    1129885789.0         1129886575.2         1129886907.0        1104.42529297              Y           
    1128098023.8         1128098790.8         1128098803.6        2215.54394531              Z           
    1127888832.8         1127889599.3         1127891744.3        1428.00097656              Y           
    1127489302.8         1127490033.3         1127490090.2        1427.24511719              Z           
    1136699779.2         1136700474.5         1136702657.0        1347.40283203              Y           
    1136627128.4         1136628331.8         1136628620.3        1059.92419434              N           
    1126531963.0         1126532739.5         1126534867.9        1371.01428223              Z           
    1126527291.9         1126528073.0         1126530857.2        1906.62573242              Z           
    1126481898.7         1126482674.0         1126482614.8        1666.66796875              Z           
    1126125164.0         1126125966.6         1126128362.9        1245.26403809              Z           
    1135995689.6         1135996414.4         1135998790.4        1215.74414062              Z           
    1135695752.6         1135696535.4         1135697137.7        1002.30700684              Z           
    1135389118.9         1135389903.0         1135392248.2        1060.55273438              Z           
    1135101502.0         1135102290.7         1135104893.3        1088.48242188              Z           
    1135033875.2         1135034730.5         1135036386.9         1074.6730957              Y           
    1134924926.9         1134925934.4         1134931987.0        1532.89868164              N           
    1134588322.5         1134589089.6         1134590518.6        1086.28393555              Y           
    1133024922.1         1133025650.6         1133028370.2        2674.85864258              Y           
    1132858386.5         1132859145.7         1132862293.1        1032.06835938              Z           
    1132182347.7         1132183116.3         1132185318.8        1175.89257812              Z           
    1132032729.5         1132033437.8         1132035270.4        1230.41943359              Z           
    1131669590.5         1131670064.9         1131670164.2        1172.42041016              Y           
    1131320196.2         1131321051.0         1131322876.9        1714.92675781              Y           
    1130487350.5         1130487761.0         1130488652.9        1060.35510254              Z           
    1130426194.5         1130426930.3         1130430345.9        1087.69787598              Z           
    1130100417.3         1130101167.8         1130102231.7        1445.18896484              Y           
    1129820354.7         1129821144.3         1129824796.5        1122.31652832              Y           
    1129673019.8         1129673845.0         1129674581.0        1900.09643555              Z           
    1129297858.6         1129298667.8         1129302599.8        2395.93017578              Z           
    1129116806.0         1129117572.3         1129117581.0        1284.35046387              Z           
    1127887439.1         1127888233.6         1127891744.3        1454.74804688              Y           
    1127145433.2         1127146212.8         1127148122.5        1338.52416992              Z           
    1137176675.4         1137177451.7         1137179912.9        1930.64331055              Y           
    1136804675.0         1136805408.6         1136807256.5        1144.57629395              Y           
    1135995688.3         1135996414.3         1135998790.4        1215.74414062              Z           
    1135695753.7         1135696535.8         1135697137.7        1002.30700684              Z           
    1135594635.1         1135595129.5         1135596689.9         1092.828125               Z           
    1134924926.5         1134925933.8         1134931987.0        1532.89868164              N           
    1134588322.6         1134589089.6         1134590518.6        1086.28393555              Y           
    1126488799.6         1126489575.3         1126490131.5        1561.38769531              Z           
    1136664316.7         1136665098.6         1136669466.7        1253.25183105              Y           
    1135743756.7         1135744371.5         1135746365.2        1066.97363281              N           
    1135594637.5         1135595129.5         1135596689.9         1092.828125               Z           
    1134747861.8         1134748632.8         1134752872.4        3314.41015625              Z           
    1133784331.7         1133785294.3         1133786444.1        1328.18859863              N           
    1133564032.1         1133564480.9         1133565686.2         1171.078125               Z           
    1132513078.6         1132513923.5         1132515708.7        1406.96118164              N           
    1132251381.7         1132252179.7         1132256412.0        1212.03735352              Z           
    1131564038.4         1131564772.0         1131567629.5         1110.1484375              Z           
    1131017611.6         1131018019.2         1131019163.3        1152.06835938              Z           
    1131010514.3         1131011428.8         1131012749.8        1224.20397949              N           
    1131005634.4         1131006335.6         1131009104.8        1176.70458984              N           
    1130928841.2         1130929609.2         1130933745.2        1245.69641113              Z           
    1130621119.0         1130622003.7         1130622127.3        2093.50463867              Z           
    1129368565.8         1129369247.0         1129369832.7        1235.90136719              N           
    1128101771.9         1128102203.2         1128102918.3        1339.90722656              Z           
    1127664429.3         1127665366.6         1127670403.8        1505.17993164              Z           
    1127137755.5         1127137873.7         1127138060.1         1320.1887207              Y           
    1126688846.5         1126689617.6         1126691753.9        1490.57263184              Y           
    1136664316.0         1136665097.9         1136669466.7        1253.25183105              Y           
    1126534773.0         1126535545.3         1126535511.5        1373.14575195              Z           
    1126497747.0         1126498519.7         1126501144.8        1436.40429688              Z           
    1126481022.7         1126481793.0         1126482212.7        1580.79296875              Z           
    1126480183.2         1126480954.9         1126482212.7        1937.75976562              Z           
    1136463139.4         1136463994.9         1136465773.4        1031.72436523              Y           
    1136250738.0         1136251506.6         1136254092.8        2242.47802734              Z           
    1135320947.0         1135321522.3         1135321780.1        1096.33496094              Z           
    1134092775.8         1134093633.0         1134095229.8        1179.76660156              Z           
    1133614584.4         1133615354.4         1133617986.1        1655.50427246              N           
    1133456986.3         1133457677.5         1133459545.1        1223.94091797              N           
    1132724697.1         1132725466.8         1132728275.8        1114.33093262              Y           
    1132714284.8         1132714900.9         1132716593.8        1121.23828125              Y           
    1132660004.2         1132660472.0         1132661543.2        1146.16931152              N           
    1132346498.5         1132346900.7         1132347850.4         1169.0423584              Y           
    1131816593.3         1131817383.1         1131819466.7        2673.62011719              Y           
    1131429874.2         1131430655.9         1131433888.7        1373.83105469              Y           
    1131258410.7         1131258992.4         1131260248.6        1233.25500488              Y           
    1131236834.8         1131237601.8         1131240007.0        1173.06762695              Z           
    1131045304.4         1131046211.8         1131049374.1        1095.09521484              Z           
    1131014794.5         1131015202.3         1131016391.0        1276.03222656              Z           
    1130651565.4         1130652359.3         1130652318.8        1206.55541992              Z           
    1129595276.6         1129596116.6         1129598997.1        1314.58605957              Z           
    1129408409.1         1129409291.8         1129413941.4        1527.83972168              Z           
    1129139556.9         1129140359.2         1129142574.8        2023.95861816              Y           
    1129012723.2         1129013220.6         1129013289.0        1061.16308594              Z           
    1128672318.6         1128673159.4         1128676469.2        1417.64196777              N           
    1128654936.2         1128655708.1         1128658146.0        1318.38183594              N           
    1126900585.7         1126901359.3         1126901409.2        1805.57324219              Z           
    1126703354.8         1126704125.1         1126705636.3        1311.66345215              Z           
    1126599514.9         1126600292.4         1126603463.4        1409.07177734              Z           
    1137204824.2         1137205608.6         1137209141.5        1469.17126465              Y           
    1137021766.0         1137022630.5         1137026505.7        1480.48925781              Y           
    1136812506.2         1136813322.8         1136816716.5        1130.28759766              Y           
    1136804675.8         1136805409.3         1136807256.5        1144.57629395              Y           
    1126480163.8         1126480933.8         1126482212.7        1937.75976562              Z           
    1126166270.5         1126166577.8         1126167580.2        1260.32458496              Z           
    1134572633.0         1134573566.2         1134574943.2        1362.69067383              Y           
    1133998391.9         1133999177.6         1134001188.5        954.003662109              N           
    1133741389.8         1133742179.5         1133745907.3        1535.14575195              Y           
    1133512273.7         1133513056.0         1133513275.5        1130.50683594              Z           
    1133509888.4         1133510658.6         1133513275.5         1096.8795166              Z           
    1132949962.3         1132950972.4         1132951523.9        1408.06799316              Y           
    1132858598.6         1132859357.9         1132862293.1         1053.7322998              Z           
    1132433119.3         1132433936.3         1132434289.7        3590.15039062              Z           
    1131277540.9         1131278460.6         1131283317.5         1205.4453125              Z           
    1131091986.6         1131092891.9         1131095268.4        1220.27294922              Y           
    1131014538.6         1131015446.7         1131019163.3        1230.95410156              Z           
    1130960430.5         1130961240.5         1130965437.5        2271.84277344              Z           
    1130776375.8         1130777166.4         1130779270.0        1357.03979492              Y           
    1130447397.8         1130448184.9         1130451902.3        1051.43408203              Z           
    1129743096.4         1129743857.3         1129746451.9        1148.49145508              N           
    1128502582.4         1128503554.4         1128505522.3        1311.62231445              Z           
    1128450473.7         1128451245.9         1128453413.7        1750.56713867              Z           
    1127965806.5         1127966576.8         1127968454.3        1759.27905273              N           
    1127357790.7         1127358645.5         1127363750.9        1558.90405273              Y           
    1127326661.9         1127327459.8         1127329747.3        1526.02539062              Z           
    1127323423.8         1127324210.6         1127324547.2        1527.54760742              Z           
    1126895830.5         1126896601.0         1126898508.7        2242.28173828              Z           
    1136808946.5         1136809864.2         1136810632.8         1362.8137207              Y           
    1131091983.0         1131092892.1         1131095268.4        1220.27294922              Y           
    1126557648.8         1126558418.1         1126561928.7        1451.74743652              Z           
    1126515541.7         1126516066.4         1126516031.3        2397.66333008              Z           
    1126503897.0         1126504672.5         1126507263.2        1557.21679688              Z           
    1126499216.0         1126499989.0         1126501144.8        1410.43640137              Z           
    1126493986.1         1126494755.6         1126498834.9        1406.30981445              Z           
    1126481320.1         1126482090.2         1126482212.7         1635.984375               Z           
    1126131385.1         1126132192.1         1126132343.3        1280.13427734              Z           
    1136383974.1         1136384716.0         1136388174.5        1198.32080078              N           
    1136326909.4         1136327809.0         1136328728.1        1821.27197266              Z           
    1136021672.2         1136022504.5         1136024926.5        1237.26000977              Z           
    1135632595.9         1135633387.0         1135635729.1        1733.28588867              N           
    1135140212.2         1135141413.3         1135148001.5        1001.95251465              N           
    1134512233.5         1134513066.6         1134513380.4        1846.02099609              Z           
    1134474425.3         1134475252.3         1134478518.3        1520.21972656              Z           
    1134423116.6         1134423675.0         1134425976.2        1537.88623047              Z           
    1134024146.1         1134025002.7         1134026157.5        1093.73339844              Y           
    1133708235.0         1133709092.3         1133711994.0         1656.5423584              Z           
    1133705658.4         1133706515.4         1133708016.5        1279.06433105              Y           
    1133517915.3         1133518712.6         1133519589.7        1084.20385742              Z           
    1133488045.5         1133488834.1         1133489995.1         1186.3638916              Y           
    1133466712.5         1133467480.8         1133469892.8        1358.59936523              Y           
    1133238367.8         1133239085.1         1133242503.9        1202.86279297              Z           
    1133134046.9         1133134837.9         1133137561.0        1306.46459961              Z           
    1132785187.3         1132786023.8         1132788416.1        1078.60559082              N           
    1132757256.3         1132758184.1         1132763323.0        1103.13598633              N           
    1132751515.8         1132752422.1         1132756433.0        1102.29699707              N           
    1132648458.6         1132649298.8         1132652381.7        1087.80761719              Y           
    1132521455.5         1132522285.1         1132525768.5         1126.2479248              Z           
    1132368395.3         1132369162.1         1132373160.8        1634.91271973              Z           
    1131452514.0         1131453241.5         1131456027.8        1283.00048828              Y           
    1130834664.5         1130835433.4         1130839141.6        1244.85705566              Z           
    1130384944.5         1130385586.9         1130388016.5        1164.87353516              Y           
    1129979115.4         1129980299.7         1129983822.8        1171.40124512              N           
    1129336631.5         1129337379.0         1129339596.6        1217.15698242              Y           
    1129149910.9         1129150694.0         1129152688.9        1177.68920898              Z           
    1128938865.1         1128939466.5         1128939566.7        1182.08789062              Y           
    1128220238.6         1128220789.6         1128221629.2        1292.18908691              Y           
    1127900655.5         1127901851.8         1127903215.4        1266.81787109              Z           
    1127774987.6         1127775703.7         1127776556.0        1258.65942383              Z           
    1127669171.2         1127669555.8         1127670403.8        1098.27648926              Z           
    1127604067.8         1127604886.5         1127608543.5        1298.96337891              Z           
    1127436160.6         1127436799.9         1127438412.8        1498.92358398              Z           
    1127435571.5         1127436209.2         1127438412.8        1500.05664062              Z           
    1127423102.0         1127423873.8         1127426284.0        1636.50256348              Z           
    1127272864.6         1127273657.5         1127274019.5        1473.64282227              Z           
    1127060334.9         1127061271.1         1127067183.0        1853.41821289              Y           
    1126885045.0         1126885815.7         1126887948.4        1402.80078125              Z           
    1126686701.6         1126687470.4         1126689616.8        1300.68688965              N           
    1137122455.8         1137122920.8         1137124287.3        1319.88195801              Y           
    1136326908.4         1136327809.6         1136328728.1        1821.27197266              Z           
    1126498728.9         1126499498.5         1126501144.8        1383.46936035              Z           
    1126142011.6         1126142856.5         1126146410.0        1322.55432129              Z           
    1126100298.9         1126100937.4         1126102232.7        1403.61645508              Z           
    1132648454.8         1132649299.0         1132652381.7        1087.80761719              Y           
    1136586013.3         1136586728.4         1136588993.0        2205.68920898              Y           
    1136325311.4         1136325673.8         1136326679.2        5147.50097656              Z           
    1136121552.6         1136121984.1         1136123031.2        1249.19921875              Y           
    1136091553.4         1136092385.9         1136093944.8        992.423095703              Y           
    1135264806.1         1135265535.4         1135267759.3        1393.29467773              Y           
    1134391460.2         1134392259.8         1134395205.3        1251.10229492              N           
    1134333534.1         1134334273.8         1134335823.5        3311.35351562              Z           
    1134006754.7         1134007334.3         1134008526.6        993.334350586              Y           
    1134006442.4         1134007280.8         1134011697.9        1057.78759766              Y           
    1133733179.2         1133734385.9         1133736455.3        1445.33618164              Z           
    1133703193.1         1133703882.9         1133703907.0        13807.6640625              Y           
    1133699968.2         1133700822.6         1133703696.1        1347.49475098              Y           
    1133510367.0         1133511164.4         1133513275.5        1216.16650391              Z           
    1133409805.2         1133410594.3         1133410633.9        1354.05285645              Z           
    1133316617.7         1133317376.6         1133318314.8        1254.94580078              Z           
    1133191765.5         1133192549.5         1133196973.2        1499.26049805              Y           
    1133086126.0         1133086906.8         1133088259.2        1182.62426758              Y           
    1132929941.3         1132930676.9         1132933616.1        1590.40844727              Y           
    1132170352.4         1132171083.4         1132173474.9        1304.24291992              Z           
    1131555228.3         1131556136.3         1131561567.0        1338.82775879              Z           
    1131513952.5         1131514690.8         1131517282.9        1329.48168945              Z           
    1131293524.3         1131294236.2         1131296752.2        1517.92871094              N           
    1131212920.1         1131213651.0         1131213695.4         319171.90625              Y           
    1131084752.7         1131085659.1         1131087791.5        1322.19763184              Z           
    1131079604.7         1131080341.9         1131083152.8        1344.55236816              N           
    1130925991.8         1130926727.5         1130930226.2        1235.97705078              Z           
    1130914727.3         1130915304.7         1130917505.4        1290.36083984              Z           
    1130807413.5         1130807801.4         1130808597.3        1361.37121582              N           
    1130659950.9         1130660873.0         1130665529.4        1294.69970703              Y           
    1130644279.6         1130645164.3         1130647285.9        1253.58886719              Y           
    1130488292.3         1130488702.9         1130489214.1        1222.88293457              Z           
    1130391748.5         1130392581.7         1130395458.4          1110.3125                Z           
    1130301852.8         1130302736.5         1130307223.4        1033.67993164              Z           
    1130122185.0         1130122627.3         1130124149.7        1033.34106445              Y           
    1129983338.3         1129984522.0         1129991135.7        1086.51464844              N           
    1129571279.1         1129572006.0         1129575167.1         1413.796875               Z           
    1129511847.3         1129512771.1         1129516770.1        1171.10913086              Y           
    1129442706.2         1129443373.0         1129445268.5        1293.19702148              Z           
    1129256274.1         1129257052.3         1129257339.9        1328.68225098              Z           
    1129150967.5         1129151752.9         1129152688.9        1236.03759766              Z           
    1128005451.4         1128006147.7         1128007446.2        1283.92834473              Z           
    1127693117.8         1127694050.3         1127700032.0        1722.52319336              Y           
    1126948969.4         1126949722.2         1126952037.7        1471.95349121              Y           
    1126686892.6         1126687690.3         1126691753.9        1382.58251953              N           
    1137257680.8         1137258474.6         1137260187.9        3129.15429688              Y           
    1137204142.4         1137205063.6         1137205573.0        1233.59204102              Y           
    1136325308.3         1136325673.6         1136326679.2        5147.50097656              Z           
    1136121552.5         1136121983.9         1136123031.2        1249.19921875              Y           
    1134944915.5         1134945646.2         1134949255.4        4627.05273438              Y           
    1131084751.0         1131085659.2         1131087791.5        1322.19763184              Z           
    1126543954.9         1126544722.3         1126547634.5        1608.48510742              Z           
    1126541332.5         1126542102.0         1126545487.8        1548.62268066              Z           
    1126527001.0         1126527778.2         1126530857.2        1495.37646484              Z           
    1126482108.5         1126482877.8         1126482834.7        1666.66796875              Z           
    1126481806.6         1126482581.7         1126482614.8        1666.66796875              Z           
    1126481526.8         1126482291.8         1126482212.6         1635.984375               Z           
    1126452161.1         1126452957.6         1126452970.0        2130.23535156              Z           
    1126381071.8         1126381851.6         1126384142.7          2165.4375                Z           
    1126165253.6         1126165559.5         1126166236.2         1258.3145752              Z           
    1133741389.4         1133742180.4         1133745907.3        1535.14575195              Y           
    1130747000.5         1130747686.4         1130750592.3        1347.08703613              N           
    1136590790.6         1136591633.1         1136592471.7        1628.63427734              Z           
    1136233436.8         1136233993.1         1136234299.5        5000.79931641              Z           
    1136061393.7         1136062211.5         1136064166.6         1572.0534668              Z           
    1136006927.2         1136007772.4         1136011538.1        1140.42346191              Y           
    1135953390.9         1135954191.9         1135955631.5        8973.93066406              Y           
    1135759059.5         1135759847.2         1135761010.3        1084.38037109              Z           
    1135355182.0         1135356035.9         1135360720.0        1080.23901367              Z           
    1135348784.8         1135349574.4         1135353234.8         1437.3269043              Z           
    1135203094.3         1135203908.0         1135206460.8        1254.55444336              Z           
    1135162870.0         1135163658.9         1135164255.8        1075.05395508              Y           
    1134944917.0         1134945646.3         1134949255.4        4627.05273438              Y           
    1134824727.8         1134825510.3         1134826301.3        1528.37316895              Z           
    1134638948.5         1134639751.0         1134641223.5         1255.5435791              Z           
    1134631768.0         1134632549.9         1134634495.2        1784.61987305              Z           
    1134221393.0         1134222170.3         1134223513.6        1922.99633789              Z           
    1134162738.8         1134163114.5         1134163725.1        1561.74963379              Y           
    1134092057.6         1134092914.8         1134095229.8        1472.96679688              Z           
    1133748300.7         1133749155.3         1133749754.2        1162.91259766              Z           
    1133698001.2         1133698856.5         1133703696.1         1436.3951416              Y           
    1133694946.2         1133695801.2         1133695859.1        1228.19506836              Y           
    1133511001.9         1133511801.7         1133513275.5        1135.64135742              Z           
    1133492096.7         1133492830.7         1133493609.2        1202.40112305              Y           
    1133146971.5         1133147708.7         1133150392.1        1354.08056641              Y           
    1132753180.3         1132754011.5         1132756433.0        1126.26123047              N           
    1131976201.7         1131977055.9         1131981448.9        1455.23266602              N           
    1131847144.0         1131847993.4         1131849551.6        1364.28112793              Z           
    1131531719.4         1131532373.0         1131532618.8        1136.61645508              Z           
    1131384536.1         1131384952.2         1131386002.0         2592.203125               Z           
    1131315496.5         1131316330.6         1131316344.5        2705.58544922              Z           
    1131037177.8         1131038085.0         1131041183.9        1171.00854492              Z           
    1131032473.4         1131033038.4         1131034701.8        1171.99462891              Z           
    1131024244.8         1131025153.1         1131029778.2         1148.4765625              Z           
    1130972051.4         1130972894.4         1130973095.1         1171.0994873              Y           
    1130723979.4         1130724484.3         1130725068.1        1112.50280762              Y           
    1130517424.7         1130518278.3         1130518236.4        1339.46411133              N           
    1130468665.3         1130469348.7         1130470470.5        1142.93896484              N           
    1130239620.4         1130240444.0         1130244553.5        975.505249023              N           
    1129819689.0         1129820070.9         1129821450.1        1132.56201172              Y           
    1129509165.4         1129510362.1         1129516770.1        1306.09338379              Y           
    1128669822.8         1128670743.7         1128676469.2         1275.1796875              N           
    1128659757.8         1128660315.1         1128661918.1        1108.47229004              N           
    1128503058.0         1128503987.9         1128505522.3        1508.14489746              Z           
    1128202070.0         1128202861.6         1128206045.5        2113.40820312              Z           
    1127836330.3         1127837170.2         1127841420.4        1333.31030273              Y           
    1127591618.3         1127592421.6         1127593748.1        1785.74328613              Z           
    1127576133.8         1127576924.7         1127579025.2         1861.5859375              Y           
    1127551627.6         1127552274.4         1127554902.1        1533.94775391              N           
    1127257137.3         1127257870.5         1127258233.4        1731.92980957              Z           
    1127146422.7         1127147191.0         1127148122.5        1501.27099609              Z           
    1127145456.5         1127146208.0         1127148122.5        1338.52416992              Z           
    1126929811.7         1126930724.9         1126934902.9        1389.00720215              Z           
    1126619494.0         1126620265.6         1126621367.9        1361.40393066              N           
    1137208939.4         1137209721.5         1137213196.4        1061.93823242              Y           
    1137180127.2         1137180972.0         1137183627.6        1228.05163574              Y           
    1137079820.5         1137080665.1         1137083424.5        1448.81323242              Y           
    1137054640.7         1137055131.8         1137055270.9        1072.05761719              Y           
    1137005690.7         1137006610.0         1137007118.8        1219.15136719              Y           
    1136998697.7         1136999216.1         1137000176.0        1100.25305176              Y           
    1136752515.8         1136753323.4         1136754778.9           1601.75                 Y           
    1136636859.5         1136637698.3         1136639834.6        1200.20825195              N           
    1136627220.2         1136628423.6         1136628620.3        1135.63500977              N           
    1136061394.7         1136062211.6         1136064166.6         1572.0534668              Z           
    1135953390.5         1135954191.9         1135955631.5        8973.93066406              Y           
    1126564777.4         1126565548.4         1126567752.9        1681.30639648              Z           
    1126521103.1         1126521872.6         1126524732.5        1459.96643066              Z           
    1126503674.7         1126504449.1         1126507263.2        1557.21679688              Z           
    1126499905.1         1126500677.3         1126501144.8        1417.11743164              Z           
    1126494779.0         1126495547.5         1126499032.1        1431.54907227              Z           
    1126488125.7         1126488901.3         1126489008.2         1494.2331543              Z           
    1126484557.5         1126485333.1         1126485813.9        1642.25488281              Z           
    1126481561.8         1126482334.7         1126482309.4         1635.984375               Z           
    1126480409.3         1126481177.4         1126482212.7        1937.75976562              Z           
    1126444156.1         1126444935.7         1126448997.9        1393.68969727              Z           
    1126168049.4         1126168354.8         1126168311.7        1329.46582031              Z           
    1126148163.7         1126148948.0         1126152507.5        1316.31762695              Z           
    1126111370.8         1126112133.4         1126112811.9        1303.55273438              Z           
    1136744969.0         1136745717.5         1136746503.3        2137.90429688              Y           
    1133166783.1         1133167547.5         1133169752.1        1491.12976074              Z           
    1126650938.1         1126651706.4         1126655086.9        1507.78942871              Y           
    1136636865.3         1136637697.2         1136639834.6        1200.20825195              N           
    1136199048.9         1136199874.4         1136200141.1        1188.51647949              N           
    1136079018.5         1136079710.9         1136081949.0         1074.8223877              Z           
    1135508931.7         1135509680.8         1135510823.7         1176.4630127              Z           
    1135365872.5         1135366684.3         1135370433.9        1222.27490234              Y           
    1135064647.0         1135065411.3         1135065904.1        1089.07409668              N           
    1135023539.7         1135024328.9         1135024480.5        1210.41015625              Y           
    1134920230.5         1134921026.8         1134921587.8        1251.29101562              N           
    1134512066.2         1134512755.3         1134513380.4        1693.81481934              Z           
    1134234522.1         1134235475.1         1134235804.4        3000.61499023              Y           
    1134174050.5         1134174758.4         1134175048.1        1319.83081055              Z           
    1134021217.0         1134021887.2         1134023297.2         1110.0065918              Y           
    1133839265.8         1133840194.6         1133840661.8         1186.0435791              Y           
    1133795023.4         1133795784.2         1133799235.4        1123.76000977              N           
    1133188290.1         1133189075.8         1133191793.9        1273.01147461              Y           
    1133007278.8         1133008125.3         1133008597.5        1047.73217773              Z           
    1132985640.4         1132986422.4         1132987439.5        1213.78356934              Z           
    1132620791.5         1132621405.8         1132623235.2        1118.20593262              Z           
    1132581108.3         1132581796.6         1132582824.7        1199.91772461              Z           
    1132532259.8         1132533050.4         1132535651.9        1318.28137207              Z           
    1132261380.1         1132262151.5         1132262863.1        1316.95080566              Z           
    1132259928.5         1132260506.4         1132261706.0        1363.35351562              Z           
    1132097158.4         1132097930.1         1132098260.4        2206.45898438              Z           
    1132066257.3         1132067103.8         1132071933.6        1417.14453125              N           
    1132032855.2         1132033564.3         1132035270.4         1461.1184082              Z           
    1131992151.2         1131992918.2         1131995116.7          1396.6875                Z           
    1131940068.8         1131940863.4         1131941547.7        1154.71960449              Z           
    1131908052.8         1131908837.3         1131909560.6        3578.66357422              Z           
    1131900444.9         1131901378.7         1131907483.0        2455.12719727              Z           
    1131856747.9         1131857478.7         1131859394.9        1156.61401367              Z           
    1131784437.8         1131785207.3         1131786957.3        1144.14624023              Y           
    1131679919.2         1131680390.7         1131681495.3        1277.94152832              Z           
    1131568486.3         1131569220.4         1131570362.8        1175.12841797              Z           
    1131454495.4         1131455223.8         1131457254.0        1268.50671387              Y           
    1131278948.1         1131279453.9         1131281476.3        1400.85375977              Z           
    1131246486.0         1131247252.4         1131248504.0        1410.10205078              Z           
    1131243836.3         1131244602.8         1131245443.1        1228.23535156              Z           
    1131242482.9         1131243249.4         1131245443.1        1288.09484863              Z           
    1131112673.4         1131113475.6         1131116455.5        2034.87414551              N           
    1131061680.7         1131062621.6         1131064733.7         1230.8515625              N           
    1131028462.4         1131029371.1         1131029778.2        1442.74829102              Z           
    1131018896.3         1131019804.3         1131024525.6        1138.28369141              Z           
    1130660114.8         1130660999.4         1130665529.4        1294.69970703              Y           
    1130652889.8         1130653825.2         1130658895.9        1301.38232422              Z           
    1130651008.5         1130651801.4         1130651811.1        1223.11889648              Z           
    1130548261.0         1130549005.7         1130551854.6        1254.59484863              Z           
    1130487879.5         1130488290.4         1130488652.9        1084.91125488              Z           
    1130470520.5         1130470999.3         1130472408.1        1191.15209961              N           
    1130236037.8         1130236884.0         1130240200.5        1017.50585938              N           
    1130210338.9         1130211255.2         1130213313.8        925.994628906              Y           
    1129900335.8         1129901024.1         1129903445.4        1892.96459961              Y           
    1129889363.0         1129890296.3         1129890200.0        1096.97607422              Y           
    1129590476.0         1129590592.3         1129590779.2        1060.81115723              Z           
    1129227462.2         1129228186.5         1129228281.5         1088.171875               Z           
    1129220634.8         1129221358.8         1129222878.3        1168.85961914              Z           
    1128826044.8         1128826876.0         1128829920.4        1240.47570801              N           
    1128679473.0         1128680263.6         1128682183.4        1066.74890137              Z           
    1128497484.6         1128498241.1         1128499006.5        1276.42944336              N           
    1128447307.7         1128448108.1         1128452135.1        1744.15087891              Z           
    1128443322.4         1128444171.6         1128447877.4        1232.74072266              Z           
    1128436772.0         1128437554.3         1128440041.6        3743.76855469              Z           
    1128297970.0         1128298351.7         1128298758.8        1346.77697754              Z           
    1128296620.2         1128297004.3         1128297958.6        1356.11486816              Z           
    1128158500.7         1128158977.5         1128159703.5        1263.35461426              Z           
    1127906478.7         1127907244.2         1127909551.3        1143.45227051              Z           
    1127703009.9         1127703942.6         1127709302.9        1324.78686523              Y           
    1127437342.4         1127437981.4         1127438412.8         1543.9909668              Z           
    1126902399.5         1126903138.5         1126903468.0        1650.87670898              Z           
    1126774969.5         1126775738.7         1126778523.4         1638.6583252              Z           
    1126764438.2         1126765212.7         1126767200.6        1504.14782715              Y           
    1126676179.4         1126676970.5         1126677836.9        1421.08447266              Z           
    1126658931.4         1126659767.8         1126660079.4         1377.2565918              N           
    1137159855.0         1137160643.3         1137163689.1        1138.35595703              Y           
    1137093933.8         1137095137.1         1137095560.2        1178.33178711              Y           
    1137019103.5         1137019892.5         1137020375.5        1069.23181152              Y           
    1136854625.0         1136855572.9         1136855884.9        1375.84436035              Y           
    1136785196.7         1136785907.6         1136787626.5        1365.38842773              Y           
    1136777915.1         1136778788.4         1136779086.5        1101.91113281              Y           
    1136755111.5         1136755886.0         1136758552.8        1535.73876953              Y           
    1136744960.9         1136745710.5         1136746503.3        2137.90429688              Y           
    1136699267.8         1136700205.5         1136704372.4        1235.82714844              Y           
    1136199048.4         1136199874.3         1136200141.1        1188.51647949              N           
    1136170372.7         1136170789.3         1136172159.0        1173.92077637              N           
    1135348788.6         1135349574.3         1135353234.8         1437.3269043              Z           
    1135143625.0         1135144379.5         1135148001.5        1180.35571289              Z           
    1131900444.4         1131901378.7         1131907483.0        2455.12719727              Z           
    1131112673.9         1131113475.5         1131116455.5        2034.87414551              N           
    1127316923.0         1127317759.4         1127318556.5         1481.984375               N           
    1127234249.0         1127235097.2         1127237101.4        2965.42578125              Y           
    1126569317.7         1126570093.1         1126572571.0        1431.59216309              N           
    1126507011.3         1126507736.8         1126508098.6        1441.14807129              Z           
    1126499548.4         1126500321.5         1126501144.8        1410.43640137              Z           
    1126497921.0         1126498694.7         1126501144.8        1436.40429688              Z           
