    1126479289.9         1126480063.4         1.18145e-04               Z           
    1132440670.8         1132441289.3         1.58906e-05               Z           
    1132440355.1         1132440977.3         1.59438e-05               Z           
    1132440355.8         1132440977.4         1.59438e-05               Z           
    1129885799.6         1129886582.9         9.03589e-06               Y           
    1133509823.6         1133510622.0         3.24587e-05               Y           
    1133509824.5         1133510622.0         3.24587e-05               Y           
    1133509823.0         1133510622.2         3.24587e-05               Y           
    1133303117.1         1133304315.2         2.57690e-06               Z           
    1129413139.6         1129413901.6         2.66474e-06               Z           
    1131906681.6         1131907465.5         4.79761e-06               Z           
    1126480738.8         1126481512.0         1.14681e-04               Z           
    1133691727.4         1133692581.2         2.87996e-06               Y           
    1131245196.9         1131245963.0         5.25889e-06               Z           
    1131242095.5         1131242861.6         5.85497e-06               Z           
    1131242095.6         1131242861.7         5.85497e-06               Z           
    1133691725.5         1133692581.1         2.87996e-06               Y           
    1130916720.8         1130917488.9         3.31448e-06               Z           
    1132551935.3         1132552549.8         1.63354e-06               Z           
    1131483108.0         1131483843.0         5.08451e-06               Y           
    1126498244.8         1126499017.8         2.92358e-06               Z           
    1126167265.6         1126167571.6         2.73496e-05               Z           
    1135897539.1         1135898369.8         1.18925e-06               Z           
    1136777150.6         1136777788.7         1.78718e-06               Y           
    1136777150.0         1136777788.1         1.78718e-06               Y           
    1131036439.2         1131037346.8         6.07773e-07               Z           
    1127145224.7         1127146064.2         4.98589e-07               Z           
    1126892417.1         1126893190.0         2.78149e-06               Z           
    1134417010.2         1134417436.2         1.53304e-06               Z           
    1131779424.3         1131780193.4         2.35823e-06               Y           
    1131120243.1         1131120651.7         2.97872e-06               Z           
    1130643872.2         1130644755.6         4.82887e-07               Y           
    1126497323.9         1126498094.4         3.08314e-06               Z           
    1126497313.3         1126498085.1         3.08314e-06               Z           
    1126497332.4         1126498104.7         3.05548e-06               Z           
    1136565504.1         1136566341.0         1.80792e-06               Y           
    1136565502.9         1136566341.0         1.80792e-06               Y           
    1136565502.0         1136566340.1         1.80792e-06               Y           
    1126489282.9         1126490051.9         1.44284e-06               Z           
    1126479572.0         1126480345.0         1.16434e-04               Z           
    1127271095.8         1127271863.9         8.34627e-07               Z           
    1126424475.7         1126425317.6         4.17619e-07               Z           
    1135648856.9         1135649815.2         4.79097e-07               Z           
    1135106104.2         1135106890.1         2.42987e-07               Z           
    1132693240.0         1132693986.0         1.55929e-07               Z           
    1130915088.4         1130915853.6         3.61688e-06               Z           
    1129599623.3         1129600800.3         1.02536e-07               Z           
    1126702357.9         1126703134.4         6.95653e-07               Z           
    1126602661.7         1126603439.7         5.02808e-07               Z           
    1136567301.0         1136567913.6         1.58110e-06               Y           
    1135021460.1         1135022294.3         3.37411e-07               Y           
    1132131989.1         1132132847.6         4.55816e-08               Y           
    1128560324.2         1128561157.0         3.89567e-07               Y           
    1126849191.9         1126849964.2         4.85310e-07               Z           
    1126674424.5         1126675192.1         2.00221e-07               Z           
    1126480586.4         1126481357.8         1.15372e-04               Z           
    1126479853.6         1126480628.2         1.15577e-04               Z           
    1126447419.1         1126448216.2         3.47367e-07               Z           
    1134672472.5         1134673338.3         4.84485e-07               Z           
    1133701098.8         1133701859.6         3.16256e-07               Y           
    1132131990.5         1132132847.1         4.55816e-08               Y           
    1136777145.3         1136777831.9         1.88033e-06               Y           
    1134672473.6         1134673338.2         4.84485e-07               Z           
    1132406512.8         1132407181.9         6.47105e-08               N           
    1129608275.1         1129609478.0         8.15660e-08               N           
    1129220332.5         1129221056.5         4.96635e-07               Z           
    1128836605.3         1128837167.4         3.85866e-07               Z           
    1127338852.4         1127339700.4         1.66748e-07               Y           
    1126941197.5         1126941966.9         1.81121e-07               Z           
    1126627199.6         1126627858.0         5.31169e-07               Z           
    1134526270.3         1134527054.2         1.95576e-07               Y           
    1136021671.0         1136022503.2         3.09606e-07               Z           
    1136627128.6         1136628331.9         7.36029e-08               N           
    1136066407.2         1136067111.8         3.66990e-08               Z           
    1131727770.7         1131728339.7         2.81365e-07               Z           
    1129885789.0         1129886575.2         9.03589e-06               Y           
    1128098023.8         1128098790.8         2.87287e-07               Z           
    1127888832.8         1127889599.3         2.22044e-07               Y           
    1127489302.8         1127490033.3         1.54152e-07               Z           
    1136699779.2         1136700474.5         1.02850e-07               Y           
    1136627128.4         1136628331.8         7.36029e-08               N           
    1126531963.0         1126532739.5         1.18444e-07               Z           
    1126527291.9         1126528073.0         1.91053e-07               Z           
    1126481898.7         1126482674.0         1.08687e-04               Z           
    1126125164.0         1126125966.6         3.69635e-07               Z           
    1135995689.6         1135996414.4         5.92170e-08               Z           
    1135695752.6         1135696535.4         2.62926e-08               Z           
    1135389118.9         1135389903.0         2.65258e-07               Z           
    1135101502.0         1135102290.7         2.79411e-08               Z           
    1135033875.2         1135034730.5         1.32622e-08               Y           
    1134924926.9         1134925934.4         1.03650e-07               N           
    1134588322.5         1134589089.6         1.23420e-07               Y           
    1133024922.1         1133025650.6         2.81185e-07               Y           
    1132858386.5         1132859145.7         5.10244e-08               Z           
    1132182347.7         1132183116.3         1.68291e-07               Z           
    1132032729.5         1132033437.8         2.14102e-07               Z           
    1131669590.5         1131670064.9         4.25311e-07               Y           
    1131320196.2         1131321051.0         1.20437e-08               Y           
    1130487350.5         1130487761.0         3.84078e-07               Z           
    1130426194.5         1130426930.3         1.31118e-07               Z           
    1130100417.3         1130101167.8         6.73375e-07               Y           
    1129820354.7         1129821144.3         1.02029e-07               Y           
    1129673019.8         1129673845.0         5.65501e-08               Z           
    1129297858.6         1129298667.8         3.90602e-08               Z           
    1129116806.0         1129117572.3         8.03408e-08               Z           
    1127887439.1         1127888233.6         2.08354e-07               Y           
    1127145433.2         1127146212.8         4.60356e-07               Z           
    1137176675.4         1137177451.7         1.80968e-07               Y           
    1136804675.0         1136805408.6         1.98882e-07               Y           
    1135995688.3         1135996414.3         5.92170e-08               Z           
    1135695753.7         1135696535.8         2.62926e-08               Z           
    1135594635.1         1135595129.5         4.33800e-07               Z           
    1134924926.5         1134925933.8         1.03650e-07               N           
    1134588322.6         1134589089.6         1.23420e-07               Y           
    1126488799.6         1126489575.3         2.08008e-06               Z           
    1136664316.7         1136665098.6         1.51093e-08               Y           
    1135743756.7         1135744371.5         9.47844e-08               N           
    1135594637.5         1135595129.5         4.33800e-07               Z           
    1134747861.8         1134748632.8         2.73170e-08               Z           
    1133784331.7         1133785294.3         1.14675e-07               N           
    1133564032.1         1133564480.9         4.10162e-08               Z           
    1132513078.6         1132513923.5         5.17040e-08               N           
    1132251381.7         1132252179.7         2.23350e-08               Z           
    1131564038.4         1131564772.0         1.69552e-07               Z           
    1131017611.6         1131018019.2         3.52638e-07               Z           
    1131010514.3         1131011428.8         4.70388e-07               N           
    1131005634.4         1131006335.6         2.28826e-08               N           
    1130928841.2         1130929609.2         9.79358e-08               Z           
    1130621119.0         1130622003.7         4.05547e-08               Z           
    1129368565.8         1129369247.0         1.58084e-08               N           
    1128101771.9         1128102203.2         8.62179e-08               Z           
    1127664429.3         1127665366.6         2.06621e-07               Z           
    1127137755.5         1127137873.7         4.36046e-06               Y           
    1126688846.5         1126689617.6         1.48580e-07               Y           
    1136664316.0         1136665097.9         1.51093e-08               Y           
    1126534773.0         1126535545.3         1.22167e-07               Z           
    1126497747.0         1126498519.7         2.97702e-06               Z           
    1126481022.7         1126481793.0         1.15561e-04               Z           
    1126480183.2         1126480954.9         1.15085e-04               Z           
    1136463139.4         1136463994.9         1.46752e-07               Y           
    1136250738.0         1136251506.6         1.30995e-07               Z           
    1135320947.0         1135321522.3         7.30470e-08               Z           
    1134092775.8         1134093633.0         2.86388e-08               Z           
    1133614584.4         1133615354.4         7.43366e-08               N           
    1133456986.3         1133457677.5         1.90961e-08               N           
    1132724697.1         1132725466.8         1.11190e-07               Y           
    1132714284.8         1132714900.9         1.98065e-08               Y           
    1132660004.2         1132660472.0         1.09139e-07               N           
    1132346498.5         1132346900.7         6.39242e-07               Y           
    1131816593.3         1131817383.1         2.53712e-07               Y           
    1131429874.2         1131430655.9         2.78389e-07               Y           
    1131258410.7         1131258992.4         3.78401e-07               Y           
    1131236834.8         1131237601.8         2.49897e-08               Z           
    1131045304.4         1131046211.8         4.25451e-08               Z           
    1131014794.5         1131015202.3         3.34766e-07               Z           
    1130651565.4         1130652359.3         2.07849e-07               Z           
    1129595276.6         1129596116.6         8.70820e-08               Z           
    1129408409.1         1129409291.8         1.18189e-06               Z           
    1129139556.9         1129140359.2         1.27354e-08               Y           
    1129012723.2         1129013220.6         4.24200e-08               Z           
    1128672318.6         1128673159.4         5.28266e-08               N           
    1128654936.2         1128655708.1         6.49206e-08               N           
    1126900585.7         1126901359.3         2.17099e-07               Z           
    1126703354.8         1126704125.1         6.80653e-07               Z           
    1126599514.9         1126600292.4         1.84950e-07               Z           
    1137204824.2         1137205608.6         4.22633e-08               Y           
    1137021766.0         1137022630.5         8.31235e-08               Y           
    1136812506.2         1136813322.8         5.15982e-08               Y           
    1136804675.8         1136805409.3         1.98882e-07               Y           
    1126480163.8         1126480933.8         1.15085e-04               Z           
    1126166270.5         1126166577.8         8.97221e-07               Z           
    1134572633.0         1134573566.2         1.70547e-08               Y           
    1133998391.9         1133999177.6         3.93252e-08               N           
    1133741389.8         1133742179.5         1.55213e-07               Y           
    1133512273.7         1133513056.0         3.24566e-05               Z           
    1133509888.4         1133510658.6         3.21954e-05               Z           
    1132949962.3         1132950972.4         1.53831e-08               Y           
    1132858598.6         1132859357.9         5.04002e-08               Z           
    1132433119.3         1132433936.3         4.87160e-08               Z           
    1131277540.9         1131278460.6         1.67430e-07               Z           
    1131091986.6         1131092891.9         4.41424e-08               Y           
    1131014538.6         1131015446.7         4.50250e-07               Z           
    1130960430.5         1130961240.5         2.65062e-08               Z           
    1130776375.8         1130777166.4         1.00554e-07               Y           
    1130447397.8         1130448184.9         1.77511e-07               Z           
    1129743096.4         1129743857.3         1.65467e-08               N           
    1128502582.4         1128503554.4         1.05114e-07               Z           
    1128450473.7         1128451245.9         7.66708e-08               Z           
    1127965806.5         1127966576.8         2.62005e-08               N           
    1127357790.7         1127358645.5         2.36901e-08               Y           
    1127326661.9         1127327459.8         2.98397e-08               Z           
    1127323423.8         1127324210.6         2.81294e-08               Z           
    1126895830.5         1126896601.0         3.81982e-07               Z           
    1136808946.5         1136809864.2         4.95860e-08               Y           
    1131091983.0         1131092892.1         4.41424e-08               Y           
    1126557648.8         1126558418.1         4.68046e-08               Z           
    1126515541.7         1126516066.4         2.39368e-08               Z           
    1126503897.0         1126504672.5         2.73952e-07               Z           
    1126499216.0         1126499989.0         2.92973e-06               Z           
    1126493986.1         1126494755.6         2.34675e-07               Z           
    1126481320.1         1126482090.2         1.15700e-04               Z           
    1126131385.1         1126132192.1         2.98247e-08               Z           
    1136383974.1         1136384716.0         1.95502e-08               N           
    1136326909.4         1136327809.0         1.89395e-08               Z           
    1136021672.2         1136022504.5         3.09606e-07               Z           
    1135632595.9         1135633387.0         3.21923e-08               N           
    1135140212.2         1135141413.3         9.73941e-09               N           
    1134512233.5         1134513066.6         1.45737e-08               Z           
    1134474425.3         1134475252.3         2.55599e-08               Z           
    1134423116.6         1134423675.0         2.38298e-08               Z           
    1134024146.1         1134025002.7         1.21026e-07               Y           
    1133708235.0         1133709092.3         1.54310e-07               Z           
    1133705658.4         1133706515.4         1.55231e-07               Y           
    1133517915.3         1133518712.6         3.28656e-07               Z           
    1133488045.5         1133488834.1         1.23063e-08               Y           
    1133466712.5         1133467480.8         1.37321e-07               Y           
    1133238367.8         1133239085.1         6.37955e-08               Z           
    1133134046.9         1133134837.9         2.91136e-08               Z           
    1132785187.3         1132786023.8         1.34232e-08               N           
    1132757256.3         1132758184.1         1.00609e-08               N           
    1132751515.8         1132752422.1         2.85121e-08               N           
    1132648458.6         1132649298.8         2.30914e-08               Y           
    1132521455.5         1132522285.1         6.98950e-08               Z           
    1132368395.3         1132369162.1         2.93237e-08               Z           
    1131452514.0         1131453241.5         1.50194e-07               Y           
    1130834664.5         1130835433.4         3.30863e-08               Z           
    1130384944.5         1130385586.9         1.46434e-07               Y           
    1129979115.4         1129980299.7         7.18026e-09               N           
    1129336631.5         1129337379.0         1.13287e-08               Y           
    1129149910.9         1129150694.0         1.66095e-07               Z           
    1128938865.1         1128939466.5         1.90157e-08               Y           
    1128220238.6         1128220789.6         1.34516e-07               Y           
    1127900655.5         1127901851.8         6.63926e-08               Z           
    1127774987.6         1127775703.7         1.25165e-08               Z           
    1127669171.2         1127669555.8         1.64404e-07               Z           
    1127604067.8         1127604886.5         2.12329e-08               Z           
    1127436160.6         1127436799.9         7.57986e-08               Z           
    1127435571.5         1127436209.2         9.15670e-08               Z           
    1127423102.0         1127423873.8         3.03378e-08               Z           
    1127272864.6         1127273657.5         8.79087e-07               Z           
    1127060334.9         1127061271.1         3.70730e-08               Y           
    1126885045.0         1126885815.7         4.94084e-08               Z           
    1126686701.6         1126687470.4         5.41954e-08               N           
    1137122455.8         1137122920.8         7.37633e-08               Y           
    1136326908.4         1136327809.6         1.89395e-08               Z           
    1126498728.9         1126499498.5         2.91585e-06               Z           
    1126142011.6         1126142856.5         2.27182e-08               Z           
    1126100298.9         1126100937.4         3.63525e-08               Z           
    1136586013.3         1136586728.4         2.06099e-08               Y           
    1136325311.4         1136325673.8         1.44049e-07               Z           
    1136121552.6         1136121984.1         3.43679e-07               Y           
    1136091553.4         1136092385.9         2.40196e-08               Y           
    1135264806.1         1135265535.4         2.24370e-08               Y           
    1134391460.2         1134392259.8         9.78674e-09               N           
    1134333534.1         1134334273.8         2.34333e-08               Z           
    1134006754.7         1134007334.3         1.18395e-07               Y           
    1134006442.4         1134007280.8         1.14658e-07               Y           
    1133733179.2         1133734385.9         1.81395e-07               Z           
    1133703193.1         1133703882.9         3.90340e-07               Y           
    1133699968.2         1133700822.6         3.21516e-07               Y           
    1133510367.0         1133511164.4         3.21103e-05               Z           
    1133409805.2         1133410594.3         2.60138e-08               Z           
    1133316617.7         1133317376.6         1.62987e-08               Z           
    1133191765.5         1133192549.5         1.26000e-08               Y           
    1133086126.0         1133086906.8         1.57474e-08               Y           
    1132929941.3         1132930676.9         1.35153e-08               Y           
    1132170352.4         1132171083.4         3.90765e-08               Z           
    1131555228.3         1131556136.3         1.00228e-07               Z           
    1131513952.5         1131514690.8         3.58024e-07               Z           
    1131293524.3         1131294236.2         2.62094e-08               N           
    1131212920.1         1131213651.0         2.12172e-07               Y           
    1131084752.7         1131085659.1         2.52178e-08               Z           
    1131079604.7         1131080341.9         1.31422e-08               N           
    1130925991.8         1130926727.5         7.69470e-08               Z           
    1130914727.3         1130915304.7         2.03346e-07               Z           
    1130807413.5         1130807801.4         1.40586e-07               N           
    1130659950.9         1130660873.0         1.46487e-08               Y           
    1130644279.6         1130645164.3         4.59879e-07               Y           
    1130488292.3         1130488702.9         3.20019e-07               Z           
    1130391748.5         1130392581.7         4.81790e-07               Z           
    1130301852.8         1130302736.5         5.48741e-08               Z           
    1130122185.0         1130122627.3         1.03845e-08               Y           
    1129983338.3         1129984522.0         7.84938e-09               N           
    1129571279.1         1129572006.0         1.02575e-08               Z           
    1129511847.3         1129512771.1         1.29652e-08               Y           
    1129442706.2         1129443373.0         9.72616e-09               Z           
    1129256274.1         1129257052.3         2.31918e-08               Z           
    1129150967.5         1129151752.9         1.63840e-07               Z           
    1128005451.4         1128006147.7         2.88590e-08               Z           
    1127693117.8         1127694050.3         2.70042e-08               Y           
    1126948969.4         1126949722.2         1.44985e-08               Y           
    1126686892.6         1126687690.3         1.67267e-07               N           
    1137257680.8         1137258474.6         9.56928e-08               Y           
    1137204142.4         1137205063.6         4.33975e-08               Y           
    1136325308.3         1136325673.6         1.44049e-07               Z           
    1136121552.5         1136121983.9         3.43679e-07               Y           
    1134944915.5         1134945646.2         7.24355e-08               Y           
    1131084751.0         1131085659.2         2.52178e-08               Z           
    1126543954.9         1126544722.3         2.69830e-08               Z           
    1126541332.5         1126542102.0         3.09296e-08               Z           
    1126527001.0         1126527778.2         1.97666e-07               Z           
    1126482108.5         1126482877.8         8.89909e-05               Z           
    1126481806.6         1126482581.7         1.02928e-04               Z           
    1126481526.8         1126482291.8         1.17172e-04               Z           
    1126452161.1         1126452957.6         6.21368e-08               Z           
    1126381071.8         1126381851.6         6.16313e-08               Z           
    1126165253.6         1126165559.5         3.35621e-07               Z           
    1136590790.6         1136591633.1         1.74687e-08               Z           
    1136233436.8         1136233993.1         1.67886e-08               Z           
    1136061393.7         1136062211.5         3.98197e-08               Z           
    1136006927.2         1136007772.4         1.43089e-08               Y           
    1135953390.9         1135954191.9         7.69357e-09               Y           
    1135759059.5         1135759847.2         6.32616e-09               Z           
    1135355182.0         1135356035.9         1.21639e-08               Z           
    1135348784.8         1135349574.4         1.28558e-08               Z           
    1135203094.3         1135203908.0         1.06938e-08               Z           
    1135162870.0         1135163658.9         8.20890e-09               Y           
    1134944917.0         1134945646.3         7.24355e-08               Y           
    1134824727.8         1134825510.3         2.20354e-08               Z           
    1134638948.5         1134639751.0         9.39452e-09               Z           
    1134631768.0         1134632549.9         1.62855e-08               Z           
    1134221393.0         1134222170.3         6.15259e-08               Z           
    1134162738.8         1134163114.5         1.72899e-08               Y           
    1134092057.6         1134092914.8         2.54878e-08               Z           
    1133748300.7         1133749155.3         4.20211e-08               Z           
    1133698001.2         1133698856.5         3.22224e-07               Y           
    1133694946.2         1133695801.2         6.46064e-07               Y           
    1133511001.9         1133511801.7         3.19152e-05               Z           
    1133492096.7         1133492830.7         1.94653e-08               Y           
    1133146971.5         1133147708.7         1.37425e-08               Y           
    1132753180.3         1132754011.5         2.64729e-08               N           
    1131976201.7         1131977055.9         1.21719e-08               N           
    1131847144.0         1131847993.4         2.83561e-07               Z           
    1131531719.4         1131532373.0         6.02656e-08               Z           
    1131384536.1         1131384952.2         2.63940e-08               Z           
    1131315496.5         1131316330.6         4.75533e-08               Z           
    1131037177.8         1131038085.0         5.89481e-07               Z           
    1131032473.4         1131033038.4         2.13346e-07               Z           
    1131024244.8         1131025153.1         9.34234e-08               Z           
    1130972051.4         1130972894.4         1.25712e-08               Y           
    1130723979.4         1130724484.3         4.11577e-08               Y           
    1130517424.7         1130518278.3         8.55297e-08               N           
    1130468665.3         1130469348.7         2.44997e-08               N           
    1130239620.4         1130240444.0         1.56111e-07               N           
    1129819689.0         1129820070.9         6.72305e-08               Y           
    1129509165.4         1129510362.1         1.41563e-08               Y           
    1128669822.8         1128670743.7         6.06568e-08               N           
    1128659757.8         1128660315.1         1.64235e-08               N           
    1128503058.0         1128503987.9         1.05946e-07               Z           
    1128202070.0         1128202861.6         3.02357e-08               Z           
    1127836330.3         1127837170.2         2.05883e-08               Y           
    1127591618.3         1127592421.6         2.69522e-08               Z           
    1127576133.8         1127576924.7         2.10171e-07               Y           
    1127551627.6         1127552274.4         1.12963e-08               N           
    1127257137.3         1127257870.5         5.54662e-08               Z           
    1127146422.7         1127147191.0         4.65984e-07               Z           
    1127145456.5         1127146208.0         4.53296e-07               Z           
    1126929811.7         1126930724.9         1.75893e-08               Z           
    1126619494.0         1126620265.6         8.59468e-09               N           
    1137208939.4         1137209721.5         2.18523e-08               Y           
    1137180127.2         1137180972.0         4.30730e-08               Y           
    1137079820.5         1137080665.1         3.27781e-08               Y           
    1137054640.7         1137055131.8         1.11021e-07               Y           
    1137005690.7         1137006610.0         9.62086e-08               Y           
    1136998697.7         1136999216.1         4.26314e-08               Y           
    1136752515.8         1136753323.4         2.65648e-08               Y           
    1136636859.5         1136637698.3         8.32843e-09               N           
    1136627220.2         1136628423.6         7.37355e-08               N           
    1136061394.7         1136062211.6         3.98197e-08               Z           
    1135953390.5         1135954191.9         7.69357e-09               Y           
    1126564777.4         1126565548.4         5.22432e-08               Z           
    1126521103.1         1126521872.6         5.85838e-09               Z           
    1126503674.7         1126504449.1         2.63356e-07               Z           
    1126499905.1         1126500677.3         3.11450e-06               Z           
    1126494779.0         1126495547.5         3.73109e-07               Z           
    1126488125.7         1126488901.3         3.06836e-06               Z           
    1126484557.5         1126485333.1         8.61627e-06               Z           
    1126481561.8         1126482334.7         1.29202e-04               Z           
    1126480409.3         1126481177.4         1.15236e-04               Z           
    1126444156.1         1126444935.7         3.93710e-07               Z           
    1126168049.4         1126168354.8         1.84661e-05               Z           
    1126148163.7         1126148948.0         5.36516e-08               Z           
    1126111370.8         1126112133.4         1.21812e-08               Z           
    1136636865.3         1136637697.2         8.32843e-09               N           
    1136199048.9         1136199874.4         2.03943e-08               N           
    1136079018.5         1136079710.9         2.03334e-08               Z           
    1135508931.7         1135509680.8         2.99958e-08               Z           
    1135365872.5         1135366684.3         9.03127e-09               Y           
    1135064647.0         1135065411.3         9.07424e-09               N           
    1135023539.7         1135024328.9         8.96894e-06               Y           
    1134920230.5         1134921026.8         4.65748e-08               N           
    1134512066.2         1134512755.3         1.51786e-08               Z           
    1134234522.1         1134235475.1         2.87855e-07               Y           
    1134174050.5         1134174758.4         4.44272e-08               Z           
    1134021217.0         1134021887.2         1.14855e-07               Y           
    1133839265.8         1133840194.6         1.08354e-07               Y           
    1133795023.4         1133795784.2         1.63756e-08               N           
    1133188290.1         1133189075.8         9.25247e-09               Y           
    1133007278.8         1133008125.3         2.90256e-08               Z           
    1132985640.4         1132986422.4         1.32551e-08               Z           
    1132620791.5         1132621405.8         1.72371e-08               Z           
    1132581108.3         1132581796.6         1.63721e-08               Z           
    1132532259.8         1132533050.4         3.04571e-08               Z           
    1132261380.1         1132262151.5         2.64872e-08               Z           
    1132259928.5         1132260506.4         1.61880e-08               Z           
    1132097158.4         1132097930.1         6.68478e-09               Z           
    1132066257.3         1132067103.8         8.84122e-09               N           
    1132032855.2         1132033564.3         2.10997e-07               Z           
    1131992151.2         1131992918.2         6.41673e-09               Z           
    1131940068.8         1131940863.4         1.76081e-08               Z           
    1131908052.8         1131908837.3         4.61093e-06               Z           
    1131900444.9         1131901378.7         1.75846e-08               Z           
    1131856747.9         1131857478.7         2.51817e-07               Z           
    1131784437.8         1131785207.3         1.14153e-07               Y           
    1131679919.2         1131680390.7         1.16492e-08               Z           
    1131568486.3         1131569220.4         7.29384e-08               Z           
    1131454495.4         1131455223.8         1.21513e-07               Y           
    1131278948.1         1131279453.9         9.94585e-08               Z           
    1131246486.0         1131247252.4         1.14441e-06               Z           
    1131243836.3         1131244602.8         5.66833e-06               Z           
    1131242482.9         1131243249.4         5.75689e-06               Z           
    1131112673.4         1131113475.6         2.09682e-08               N           
    1131061680.7         1131062621.6         2.20124e-08               N           
    1131028462.4         1131029371.1         1.16760e-07               Z           
    1131018896.3         1131019804.3         1.67869e-07               Z           
    1130660114.8         1130660999.4         1.45311e-08               Y           
    1130652889.8         1130653825.2         5.60450e-08               Z           
    1130651008.5         1130651801.4         4.33220e-07               Z           
    1130548261.0         1130549005.7         1.07612e-08               Z           
    1130487879.5         1130488290.4         3.03913e-07               Z           
    1130470520.5         1130470999.3         2.31772e-08               N           
    1130236037.8         1130236884.0         1.04865e-07               N           
    1130210338.9         1130211255.2         8.46898e-09               Y           
    1129900335.8         1129901024.1         4.86748e-08               Y           
    1129889363.0         1129890296.3         2.44683e-06               Y           
    1129590476.0         1129590592.3         2.54532e-07               Z           
    1129227462.2         1129228186.5         4.52387e-08               Z           
    1129220634.8         1129221358.8         4.88235e-07               Z           
    1128826044.8         1128826876.0         1.48968e-08               N           
    1128679473.0         1128680263.6         1.99500e-08               Z           
    1128497484.6         1128498241.1         6.14512e-08               N           
    1128447307.7         1128448108.1         5.64497e-08               Z           
    1128443322.4         1128444171.6         5.20547e-08               Z           
    1128436772.0         1128437554.3         5.19956e-09               Z           
    1128297970.0         1128298351.7         5.15285e-08               Z           
    1128296620.2         1128297004.3         8.42791e-08               Z           
    1128158500.7         1128158977.5         1.41312e-08               Z           
    1127906478.7         1127907244.2         4.18820e-08               Z           
    1127703009.9         1127703942.6         1.64166e-08               Y           
    1127437342.4         1127437981.4         7.91410e-08               Z           
    1126902399.5         1126903138.5         8.59761e-08               Z           
    1126774969.5         1126775738.7         2.61477e-08               Z           
    1126764438.2         1126765212.7         1.31683e-08               Y           
    1126676179.4         1126676970.5         2.11662e-07               Z           
    1126658931.4         1126659767.8         2.86682e-08               N           
    1137159855.0         1137160643.3         1.94488e-08               Y           
    1137093933.8         1137095137.1         3.24866e-08               Y           
    1137019103.5         1137019892.5         7.73952e-08               Y           
    1136854625.0         1136855572.9         3.75358e-08               Y           
    1136785196.7         1136785907.6         3.35382e-08               Y           
    1136777915.1         1136778788.4         2.06351e-06               Y           
    1136755111.5         1136755886.0         5.46013e-08               Y           
    1136744960.9         1136745710.5         9.32365e-09               Y           
    1136699267.8         1136700205.5         1.08854e-07               Y           
    1136199048.4         1136199874.3         2.03943e-08               N           
    1136170372.7         1136170789.3         1.56719e-08               N           
    1135348788.6         1135349574.3         1.28558e-08               Z           
    1135143625.0         1135144379.5         6.37527e-09               Z           
    1131900444.4         1131901378.7         1.75846e-08               Z           
    1131112673.9         1131113475.5         2.09682e-08               N           
    1127316923.0         1127317759.4         7.83902e-08               N           
    1127234249.0         1127235097.2         1.67470e-08               Y           
    1126569317.7         1126570093.1         1.72296e-08               N           
    1126507011.3         1126507736.8         1.89171e-07               Z           
    1126499548.4         1126500321.5         2.97137e-06               Z           
    1126497921.0         1126498694.7         2.97731e-06               Z           
    1126489178.6         1126489950.4         1.42410e-06               Z           
    1126488148.9         1126488915.2         3.06836e-06               Z           
    1126485811.1         1126486584.3         4.22477e-06               Z           
    1126483594.4         1126484365.3         2.45477e-05               Z           
    1126482181.8         1126482954.5         6.90029e-05               Z           
    1126481638.2         1126482409.9         1.17303e-04               Z           
    1126481509.8         1126482281.2         1.17172e-04               Z           
    1126466490.3         1126467285.9         9.09619e-08               Z           
    1126376780.5         1126377509.8         5.78522e-08               Z           
    1136498874.7         1136499636.1         9.25781e-09               Y           
    1136481065.8         1136481762.3         1.25320e-08               Z           
    1136468031.3         1136468804.7         1.48296e-08               Y           
    1136279246.5         1136280030.7         3.55229e-08               N           
    1136254656.4         1136255352.5         2.60660e-08               Z           
    1136216460.1         1136217268.9         2.32445e-08               Y           
    1136170370.0         1136170788.6         1.56719e-08               N           
    1136061100.0         1136061912.9         3.76409e-08               Z           
    1135994319.9         1135994746.9         1.58849e-07               Z           
    1135724710.3         1135725402.5         3.37388e-08               Z           
    1135635754.3         1135636161.8         1.98078e-08               N           
    1135481152.3         1135481600.2         1.05583e-08               N           
    1135479533.5         1135480269.9         1.18272e-08               N           
    1135187905.2         1135188680.3         8.65760e-09               Y           
    1134922688.6         1134923295.5         4.64910e-08               N           
    1134900546.8         1134901331.1         4.79295e-08               N           
    1134888219.0         1134888776.9         6.44516e-08               Y           
    1134736649.3         1134737364.7         2.15700e-08               N           
    1134684291.9         1134685073.1         2.89882e-08               Y           
    1134534469.8         1134535030.4         9.12554e-09               Z           
    1134236947.2         1134237899.2         5.14300e-07               Y           
    1134168994.2         1134169779.5         2.14963e-08               N           
    1133968155.0         1133968939.6         4.28310e-08               Z           
    1133906753.8         1133907955.9         2.48347e-08               Z           
    1133808948.9         1133809781.7         1.40010e-07               Y           
    1133723875.3         1133724675.7         9.91188e-08               Z           
    1133714161.7         1133715016.7         4.52202e-07               Z           
    1133712387.4         1133713241.9         4.61304e-07               Z           
    1133698656.5         1133699510.9         2.60374e-07               Y           
    1133634936.4         1133635782.9         2.38765e-07               Z           
    1133464614.0         1133465589.6         1.38205e-07               Y           
    1133391600.9         1133392366.9         1.78219e-08               Z           
    1133295755.1         1133296759.2         2.09500e-08               Z           
    1133193332.1         1133194065.4         1.30104e-08               Y           
    1133137452.7         1133138189.6         1.53754e-08               Z           
    1133012412.1         1133013108.9         2.10785e-08               Z           
    1133006930.5         1133007697.3         2.75086e-08               Z           
    1132989991.1         1132990762.7         6.76786e-09               Z           
    1132789674.1         1132790174.7         1.64154e-08               N           
    1132674419.8         1132675334.3         7.57186e-09               N           
    1132659651.3         1132660467.7         1.27812e-07               N           
    1132485799.0         1132486623.3         5.77480e-08               N           
    1132462027.8         1132462711.0         6.79579e-08               Z           
    1132391673.0         1132392444.2         6.49560e-09               N           
    1132312750.6         1132313942.5         1.30104e-08               Z           
    1132241664.9         1132242626.9         1.57481e-08               Y           
    1132215092.8         1132215503.7         7.06441e-09               Y           
    1131941769.6         1131942603.8         1.85468e-08               Z           
    1131884155.0         1131884923.4         2.07728e-08               Z           
    1131878233.7         1131879152.2         4.00300e-08               Z           
    1131799880.6         1131800728.2         1.44266e-07               Y           
    1131725605.7         1131726369.9         3.31613e-07               Z           
    1131707085.6         1131708283.1         1.07059e-08               N           
    1131599532.1         1131600295.7         2.65133e-08               N           
    1131432906.1         1131433548.2         1.02092e-07               Y           
    1131301151.7         1131301704.8         1.59197e-08               Z           
    1131148471.4         1131148875.9         1.57513e-08               N           
    1131123803.9         1131124524.9         4.23861e-07               Z           
    1130965088.8         1130966019.5         4.98585e-08               Z           
    1130939101.7         1130939768.8         1.12395e-08               Z           
    1130898640.3         1130899465.5         1.56851e-08               N           
    1130876059.6         1130876474.7         3.13010e-08               Y           
    1130838247.9         1130838990.4         1.01907e-08               Z           
    1130825526.9         1130826326.5         8.14074e-09               Z           
    1130781791.0         1130782442.6         7.92645e-08               Y           
    1130775870.9         1130776754.0         1.03123e-07               Y           
    1130680087.3         1130680701.9         7.02233e-09               Z           
    1130656009.0         1130656802.8         6.62013e-09               Y           
    1130506853.2         1130507678.0         8.05336e-09               Y           
    1130488085.3         1130488495.7         3.03867e-07               Z           
    1130224718.9         1130225635.8         1.02761e-07               N           
    1130223554.3         1130224358.7         1.22193e-07               N           
    1129986922.0         1129987773.6         7.94573e-09               N           
    1129905555.3         1129906264.5         2.72347e-08               Y           
    1129858909.3         1129859634.0         1.31124e-08               Z           
    1129757102.3         1129757873.3         2.41708e-08               Z           
    1129535446.9         1129536643.7         9.11567e-09               N           
    1129370791.0         1129371558.9         1.72766e-08               N           
    1129300276.0         1129301222.1         1.58045e-08               Z           
    1129208437.0         1129209275.3         4.89190e-08               Z           
    1129117162.2         1129118111.7         9.01711e-08               Z           
    1128844056.0         1128844617.2         2.25441e-08               Z           
    1128837000.1         1128837562.1         3.41782e-07               Z           
    1128655909.3         1128656681.4         6.42315e-08               N           
    1128605539.9         1128606119.0         1.01276e-08               Z           
    1128393230.9         1128394189.8         2.66564e-08               Y           
    1128225050.4         1128225840.9         5.40273e-09               Y           
    1128042592.4         1128043403.6         7.04123e-09               Y           
    1127988733.0         1127989501.9         2.84032e-08               Z           
    1127895846.2         1127896528.9         2.64175e-08               Z           
    1127880866.7         1127881671.1         7.35301e-08               Y           
    1127614300.1         1127615089.1         1.96477e-08               Z           
    1127584231.5         1127585066.8         3.67496e-07               Z           
    1127574150.9         1127574536.9         2.44100e-07               Y           
    1127436282.3         1127436922.1         7.06551e-08               Z           
    1127426443.6         1127427081.5         2.41575e-08               Z           
    1127423997.0         1127424634.7         3.01659e-08               Z           
    1127296204.4         1127296839.8         6.34854e-09               Z           
    1127291309.0         1127292305.2         2.42408e-08               N           
    1127271817.5         1127272586.9         8.27556e-07               Z           
    1127206084.0         1127206943.9         3.38842e-08               Z           
    1127069288.3         1127070102.6         4.12856e-08               N           
    1127043177.2         1127043952.5         9.10559e-09               Z           
    1126911975.0         1126912771.6         1.66482e-08               Y           
    1126896405.0         1126897230.0         2.05121e-07               Z           
    1126870584.7         1126871538.0         2.14203e-08               N           
    1126804725.6         1126805493.4         5.75970e-08               Z           
    1126753339.0         1126754107.0         1.22658e-08               Y           
    1126672445.2         1126673213.7         1.72487e-07               Z           
    1126657701.3         1126658494.2         2.83013e-08               N           
    1126585459.1         1126586233.8         2.30302e-08               N           
    1137276264.3         1137277091.2         2.65038e-07               Y           
    1137085555.4         1137086307.5         2.82773e-08               Y           
    1137079736.0         1137080464.9         3.01830e-08               Y           
    1136954173.9         1136955067.6         1.66327e-08               Y           
    1136756274.0         1136757072.1         6.30303e-08               Y           
    1136706777.8         1136707582.1         9.90491e-09               Y           
    1136656950.9         1136657902.9         4.33364e-07               Y           
    1136498873.8         1136499635.2         9.25781e-09               Y           
    1136482866.5         1136483650.6         1.32160e-08               Y           
    1136468032.8         1136468804.6         1.48296e-08               Y           
    1136299545.8         1136300250.8         3.35394e-08               N           
    1136294961.0         1136295884.4         2.68035e-08               N           
    1136279246.5         1136280030.0         3.55229e-08               N           
    1136061097.9         1136061913.4         3.76409e-08               Z           
    1135994316.6         1135994746.2         1.58849e-07               Z           
    1135724709.3         1135725402.6         3.37388e-08               Z           
    1135635809.0         1135636812.3         3.82166e-08               N           
    1135508933.0         1135509680.6         2.99958e-08               Z           
    1135481151.0         1135481599.8         1.10049e-08               N           
    1135392863.0         1135393428.3         5.36830e-07               Z           
    1129665313.0         1129666314.1         2.37508e-07               Z           
    1127060385.0         1127061582.6         5.87492e-08               Y           
    1126556692.5         1126557469.5         4.76529e-08               Z           
    1126498123.6         1126498893.0         2.94999e-06               Z           
    1126491682.5         1126492457.4         6.09249e-07               Z           
    1126489602.7         1126490378.8         6.56040e-07               Z           
    1126486229.9         1126487004.7         4.71007e-06               Z           
    1126485791.6         1126486562.8         4.22477e-06               Z           
    1126485274.2         1126486048.5         3.45005e-06               Z           
    1126483295.9         1126484071.3         2.22337e-05               Z           
    1126483231.5         1126484007.0         2.20952e-05               Z           
    1126482518.0         1126483292.7         3.13805e-05               Z           
    1126447885.6         1126448681.6         3.38176e-07               Z           
    1126387297.9         1126388025.9         3.26605e-08               Z           
    1126380902.8         1126381617.9         5.61679e-08               Z           
    1126279190.4         1126279945.5         3.45132e-08               Z           
    1126277620.4         1126278424.8         3.44547e-08               Z           
    1126136375.6         1126137242.3         4.18227e-08               Z           
    1126086584.0         1126087436.1         3.45169e-09               Z           
    1126080846.1         1126081629.0         9.83235e-09               Z           
