    1126479289.9         1126480063.4         1.60475e-04               Z           
    1132440670.8         1132441289.3         4.39394e-06               Z           
    1132440355.1         1132440977.3         4.42163e-06               Z           
    1132440355.8         1132440977.4         4.42163e-06               Z           
    1129885799.6         1129886582.9         5.22451e-06               Y           
    1133509823.6         1133510622.0         3.87236e-05               Y           
    1133509824.5         1133510622.0         3.87236e-05               Y           
    1133509823.0         1133510622.2         3.87236e-05               Y           
    1133303117.1         1133304315.2         4.08909e-06               Z           
    1129413139.6         1129413901.6         1.08101e-06               Z           
    1131906681.6         1131907465.5         1.37660e-05               Z           
    1126480738.8         1126481512.0         1.54945e-04               Z           
    1133691727.4         1133692581.2         4.48998e-06               Y           
    1131245196.9         1131245963.0         6.66488e-06               Z           
    1131242095.5         1131242861.6         7.84569e-06               Z           
    1131242095.6         1131242861.7         7.84569e-06               Z           
    1133691725.5         1133692581.1         4.48998e-06               Y           
    1130916720.8         1130917488.9         4.49067e-06               Z           
    1132551935.3         1132552549.8         3.79720e-07               Z           
    1131483108.0         1131483843.0         5.11591e-06               Y           
    1126498244.8         1126499017.8         4.16650e-06               Z           
    1126167265.6         1126167571.6         1.89864e-05               Z           
    1135897539.1         1135898369.8         1.35150e-06               Z           
    1136777150.6         1136777788.7         2.15446e-06               Y           
    1136777150.0         1136777788.1         2.15446e-06               Y           
    1131036439.2         1131037346.8         5.80621e-07               Z           
    1127145224.7         1127146064.2         7.46371e-07               Z           
    1126892417.1         1126893190.0         4.02262e-06               Z           
    1134417010.2         1134417436.2         2.25249e-06               Z           
    1131779424.3         1131780193.4         3.46970e-06               Y           
    1131120243.1         1131120651.7         3.78013e-06               Z           
    1130643872.2         1130644755.6         9.72517e-07               Y           
    1126497323.9         1126498094.4         4.34470e-06               Z           
    1126497313.3         1126498085.1         4.34470e-06               Z           
    1126497332.4         1126498104.7         4.30926e-06               Z           
    1136565504.1         1136566341.0         2.91956e-06               Y           
    1136565502.9         1136566341.0         2.91956e-06               Y           
    1136565502.0         1136566340.1         2.91956e-06               Y           
    1126489282.9         1126490051.9         1.96291e-06               Z           
    1126479572.0         1126480345.0         1.58959e-04               Z           
    1127271095.8         1127271863.9         1.15764e-06               Z           
    1126424475.7         1126425317.6         6.70201e-07               Z           
    1135648856.9         1135649815.2         1.57708e-06               Z           
    1135106104.2         1135106890.1         1.84291e-07               Z           
    1132693240.0         1132693986.0         2.49513e-07               Z           
    1130915088.4         1130915853.6         4.90713e-06               Z           
    1129599623.3         1129600800.3         1.06172e-07               Z           
    1126702357.9         1126703134.4         9.54936e-07               Z           
    1126602661.7         1126603439.7         6.32841e-07               Z           
    1136567301.0         1136567913.6         2.55963e-06               Y           
    1135021460.1         1135022294.3         3.49958e-07               Y           
    1132131989.1         1132132847.6         6.73826e-08               Y           
    1128560324.2         1128561157.0         9.78866e-07               Y           
    1126849191.9         1126849964.2         6.98108e-07               Z           
    1126674424.5         1126675192.1         2.70681e-07               Z           
    1126480586.4         1126481357.8         1.56220e-04               Z           
    1126479853.6         1126480628.2         1.57911e-04               Z           
    1126447419.1         1126448216.2         1.19812e-06               Z           
    1134672472.5         1134673338.3         6.30417e-07               Z           
    1133701098.8         1133701859.6         8.93282e-07               Y           
    1132131990.5         1132132847.1         6.73826e-08               Y           
    1136777145.3         1136777831.9         2.24230e-06               Y           
    1134672473.6         1134673338.2         6.30417e-07               Z           
    1132406512.8         1132407181.9         2.88840e-08               N           
    1129608275.1         1129609478.0         1.43066e-07               N           
    1129220332.5         1129221056.5         1.71513e-06               Z           
    1128836605.3         1128837167.4         4.79315e-07               Z           
    1127338852.4         1127339700.4         2.55459e-07               Y           
    1126941197.5         1126941966.9         2.36704e-07               Z           
    1126627199.6         1126627858.0         8.81649e-07               Z           
    1134526270.3         1134527054.2         4.09682e-07               Y           
    1136021671.0         1136022503.2         4.88530e-07               Z           
    1136627128.6         1136628331.9         1.20833e-07               N           
    1136066407.2         1136067111.8         7.07393e-08               Z           
    1131727770.7         1131728339.7         3.04702e-07               Z           
    1129885789.0         1129886575.2         5.22451e-06               Y           
    1128098023.8         1128098790.8         4.14279e-07               Z           
    1127888832.8         1127889599.3         3.40574e-07               Y           
    1127489302.8         1127490033.3         3.23851e-08               Z           
    1136699779.2         1136700474.5         4.12323e-08               Y           
    1136627128.4         1136628331.8         1.20833e-07               N           
    1126531963.0         1126532739.5         1.70141e-07               Z           
    1126527291.9         1126528073.0         2.81613e-07               Z           
    1126481898.7         1126482674.0         1.57340e-04               Z           
    1126125164.0         1126125966.6         8.53251e-07               Z           
    1135995689.6         1135996414.4         4.02767e-08               Z           
    1135695752.6         1135696535.4         1.27553e-07               Z           
    1135389118.9         1135389903.0         6.06551e-07               Z           
    1135101502.0         1135102290.7         2.51458e-08               Z           
    1135033875.2         1135034730.5         2.75072e-08               Y           
    1134924926.9         1134925934.4         1.51949e-07               N           
    1134588322.5         1134589089.6         1.76968e-07               Y           
    1133024922.1         1133025650.6         1.25293e-07               Y           
    1132858386.5         1132859145.7         5.39642e-08               Z           
    1132182347.7         1132183116.3         2.46818e-07               Z           
    1132032729.5         1132033437.8         4.86254e-07               Z           
    1131669590.5         1131670064.9         3.26233e-07               Y           
    1131320196.2         1131321051.0         2.83517e-08               Y           
    1130487350.5         1130487761.0         5.95511e-07               Z           
    1130426194.5         1130426930.3         2.10927e-08               Z           
    1130100417.3         1130101167.8         1.18707e-08               Y           
    1129820354.7         1129821144.3         2.04551e-07               Y           
    1129673019.8         1129673845.0         1.53031e-07               Z           
    1129297858.6         1129298667.8         3.67775e-08               Z           
    1129116806.0         1129117572.3         9.44841e-08               Z           
    1127887439.1         1127888233.6         3.53475e-07               Y           
    1127145433.2         1127146212.8         7.07980e-07               Z           
    1137176675.4         1137177451.7         3.51372e-07               Y           
    1136804675.0         1136805408.6         5.31687e-07               Y           
    1135995688.3         1135996414.3         4.02767e-08               Z           
    1135695753.7         1135696535.8         1.27553e-07               Z           
    1135594635.1         1135595129.5         6.79661e-07               Z           
    1134924926.5         1134925933.8         1.51949e-07               N           
    1134588322.6         1134589089.6         1.76968e-07               Y           
    1126488799.6         1126489575.3         2.62196e-06               Z           
    1136664316.7         1136665098.6         9.58075e-09               Y           
    1135743756.7         1135744371.5         2.94660e-08               N           
    1135594637.5         1135595129.5         6.79661e-07               Z           
    1134747861.8         1134748632.8         1.59031e-08               Z           
    1133784331.7         1133785294.3         6.15275e-08               N           
    1133564032.1         1133564480.9         8.30253e-08               Z           
    1132513078.6         1132513923.5         6.27172e-08               N           
    1132251381.7         1132252179.7         2.64734e-08               Z           
    1131564038.4         1131564772.0         1.91837e-07               Z           
    1131017611.6         1131018019.2         4.91413e-07               Z           
    1131010514.3         1131011428.8         6.99226e-07               N           
    1131005634.4         1131006335.6         1.84736e-08               N           
    1130928841.2         1130929609.2         1.31273e-07               Z           
    1130621119.0         1130622003.7         3.65096e-08               Z           
    1129368565.8         1129369247.0         2.53425e-08               N           
    1128101771.9         1128102203.2         9.50913e-08               Z           
    1127664429.3         1127665366.6         3.09675e-07               Z           
    1127137755.5         1127137873.7         5.84467e-06               Y           
    1126688846.5         1126689617.6         2.12334e-07               Y           
    1136664316.0         1136665097.9         9.58075e-09               Y           
    1126534773.0         1126535545.3         1.73729e-07               Z           
    1126497747.0         1126498519.7         4.23135e-06               Z           
    1126481022.7         1126481793.0         1.55748e-04               Z           
    1126480183.2         1126480954.9         1.56963e-04               Z           
    1136463139.4         1136463994.9         2.50262e-07               Y           
    1136250738.0         1136251506.6         2.13452e-07               Z           
    1135320947.0         1135321522.3         4.03082e-08               Z           
    1134092775.8         1134093633.0         2.54221e-08               Z           
    1133614584.4         1133615354.4         1.33986e-07               N           
    1133456986.3         1133457677.5         1.34012e-08               N           
    1132724697.1         1132725466.8         1.33482e-07               Y           
    1132714284.8         1132714900.9         5.52323e-09               Y           
    1132660004.2         1132660472.0         1.36369e-07               N           
    1132346498.5         1132346900.7         8.84524e-07               Y           
    1131816593.3         1131817383.1         1.11140e-07               Y           
    1131429874.2         1131430655.9         8.69344e-08               Y           
    1131258410.7         1131258992.4         6.54115e-07               Y           
    1131236834.8         1131237601.8         9.91187e-08               Z           
    1131045304.4         1131046211.8         9.61023e-08               Z           
    1131014794.5         1131015202.3         5.07801e-07               Z           
    1130651565.4         1130652359.3         2.84635e-07               Z           
    1129595276.6         1129596116.6         1.41991e-07               Z           
    1129408409.1         1129409291.8         9.39934e-07               Z           
    1129139556.9         1129140359.2         1.55063e-08               Y           
    1129012723.2         1129013220.6         1.93954e-08               Z           
    1128672318.6         1128673159.4         8.03161e-08               N           
    1128654936.2         1128655708.1         9.72066e-08               N           
    1126900585.7         1126901359.3         2.30818e-07               Z           
    1126703354.8         1126704125.1         8.98766e-07               Z           
    1126599514.9         1126600292.4         1.72735e-07               Z           
    1137204824.2         1137205608.6         2.39191e-08               Y           
    1137021766.0         1137022630.5         1.44806e-07               Y           
    1136812506.2         1136813322.8         7.24493e-08               Y           
    1136804675.8         1136805409.3         5.31687e-07               Y           
    1126480163.8         1126480933.8         1.56963e-04               Z           
    1126166270.5         1126166577.8         7.63307e-07               Z           
    1134572633.0         1134573566.2         3.63795e-08               Y           
    1133998391.9         1133999177.6         5.24455e-08               N           
    1133741389.8         1133742179.5         8.84051e-08               Y           
    1133512273.7         1133513056.0         3.79475e-05               Z           
    1133509888.4         1133510658.6         3.85030e-05               Z           
    1132949962.3         1132950972.4         1.87852e-08               Y           
    1132858598.6         1132859357.9         5.42169e-08               Z           
    1132433119.3         1132433936.3         7.78411e-08               Z           
    1131277540.9         1131278460.6         5.53251e-08               Z           
    1131091986.6         1131092891.9         5.55381e-08               Y           
    1131014538.6         1131015446.7         6.06518e-07               Z           
    1130960430.5         1130961240.5         1.42683e-08               Z           
    1130776375.8         1130777166.4         4.23806e-08               Y           
    1130447397.8         1130448184.9         2.04093e-08               Z           
    1129743096.4         1129743857.3         1.19561e-08               N           
    1128502582.4         1128503554.4         6.49996e-08               Z           
    1128450473.7         1128451245.9         6.81141e-08               Z           
    1127965806.5         1127966576.8         5.17375e-08               N           
    1127357790.7         1127358645.5         6.32816e-09               Y           
    1127326661.9         1127327459.8         9.77384e-08               Z           
    1127323423.8         1127324210.6         9.51626e-09               Z           
    1126895830.5         1126896601.0         3.13417e-07               Z           
    1136808946.5         1136809864.2         6.07606e-08               Y           
    1131091983.0         1131092892.1         5.55381e-08               Y           
    1126557648.8         1126558418.1         3.47648e-08               Z           
    1126515541.7         1126516066.4         2.30113e-08               Z           
    1126503897.0         1126504672.5         3.13600e-07               Z           
    1126499216.0         1126499989.0         4.13855e-06               Z           
    1126493986.1         1126494755.6         2.41304e-07               Z           
    1126481320.1         1126482090.2         1.55619e-04               Z           
    1126131385.1         1126132192.1         4.19788e-08               Z           
    1136383974.1         1136384716.0         1.17303e-08               N           
    1136326909.4         1136327809.0         3.82547e-08               Z           
    1136021672.2         1136022504.5         4.88530e-07               Z           
    1135632595.9         1135633387.0         1.53474e-08               N           
    1135140212.2         1135141413.3         1.07975e-08               N           
    1134512233.5         1134513066.6         2.56248e-08               Z           
    1134474425.3         1134475252.3         1.00615e-07               Z           
    1134423116.6         1134423675.0         6.61335e-08               Z           
    1134024146.1         1134025002.7         1.68490e-08               Y           
    1133708235.0         1133709092.3         3.15314e-08               Z           
    1133705658.4         1133706515.4         4.76886e-08               Y           
    1133517915.3         1133518712.6         7.90245e-07               Z           
    1133488045.5         1133488834.1         6.96033e-08               Y           
    1133466712.5         1133467480.8         2.55972e-08               Y           
    1133238367.8         1133239085.1         1.25151e-07               Z           
    1133134046.9         1133134837.9         4.61809e-08               Z           
    1132785187.3         1132786023.8         2.93821e-08               N           
    1132757256.3         1132758184.1         1.12550e-08               N           
    1132751515.8         1132752422.1         3.95273e-08               N           
    1132648458.6         1132649298.8         2.68210e-08               Y           
    1132521455.5         1132522285.1         1.94956e-08               Z           
    1132368395.3         1132369162.1         1.41161e-07               Z           
    1131452514.0         1131453241.5         5.10816e-08               Y           
    1130834664.5         1130835433.4         5.36635e-08               Z           
    1130384944.5         1130385586.9         2.62803e-08               Y           
    1129979115.4         1129980299.7         9.94702e-09               N           
    1129336631.5         1129337379.0         9.91813e-09               Y           
    1129149910.9         1129150694.0         4.64676e-07               Z           
    1128938865.1         1128939466.5         8.83842e-09               Y           
    1128220238.6         1128220789.6         1.02483e-07               Y           
    1127900655.5         1127901851.8         2.22081e-08               Z           
    1127774987.6         1127775703.7         8.01800e-09               Z           
    1127669171.2         1127669555.8         2.37696e-07               Z           
    1127604067.8         1127604886.5         2.04651e-08               Z           
    1127436160.6         1127436799.9         1.23875e-07               Z           
    1127435571.5         1127436209.2         1.40574e-07               Z           
    1127423102.0         1127423873.8         4.71168e-08               Z           
    1127272864.6         1127273657.5         1.17598e-06               Z           
    1127060334.9         1127061271.1         6.16857e-09               Y           
    1126885045.0         1126885815.7         8.82983e-08               Z           
    1126686701.6         1126687470.4         8.79414e-08               N           
    1137122455.8         1137122920.8         1.04083e-07               Y           
    1136326908.4         1136327809.6         3.82547e-08               Z           
    1126498728.9         1126499498.5         4.17675e-06               Z           
    1126142011.6         1126142856.5         1.08143e-08               Z           
    1126100298.9         1126100937.4         4.50998e-08               Z           
    1136586013.3         1136586728.4         1.74982e-08               Y           
    1136325311.4         1136325673.8         3.33210e-07               Z           
    1136121552.6         1136121984.1         2.86854e-07               Y           
    1136091553.4         1136092385.9         3.40798e-08               Y           
    1135264806.1         1135265535.4         3.14905e-08               Y           
    1134391460.2         1134392259.8         7.60873e-09               N           
    1134333534.1         1134334273.8         2.35423e-08               Z           
    1134006754.7         1134007334.3         3.34180e-08               Y           
    1134006442.4         1134007280.8         3.51471e-08               Y           
    1133733179.2         1133734385.9         1.86654e-08               Z           
    1133703193.1         1133703882.9         1.00226e-06               Y           
    1133699968.2         1133700822.6         9.33811e-07               Y           
    1133510367.0         1133511164.4         3.82607e-05               Z           
    1133409805.2         1133410594.3         1.75924e-08               Z           
    1133316617.7         1133317376.6         3.17456e-08               Z           
    1133191765.5         1133192549.5         1.10761e-08               Y           
    1133086126.0         1133086906.8         5.16283e-08               Y           
    1132929941.3         1132930676.9         1.20634e-08               Y           
    1132170352.4         1132171083.4         2.63625e-07               Z           
    1131555228.3         1131556136.3         1.82186e-08               Z           
    1131513952.5         1131514690.8         2.93634e-08               Z           
    1131293524.3         1131294236.2         1.42935e-08               N           
    1131212920.1         1131213651.0         3.45926e-09               Y           
    1131084752.7         1131085659.1         7.91511e-09               Z           
    1131079604.7         1131080341.9         1.15589e-08               N           
    1130925991.8         1130926727.5         8.39337e-08               Z           
    1130914727.3         1130915304.7         2.78382e-07               Z           
    1130807413.5         1130807801.4         2.48563e-07               N           
    1130659950.9         1130660873.0         1.80191e-08               Y           
    1130644279.6         1130645164.3         9.46083e-07               Y           
    1130488292.3         1130488702.9         4.55202e-07               Z           
    1130391748.5         1130392581.7         2.79600e-08               Z           
    1130301852.8         1130302736.5         5.21062e-09               Z           
    1130122185.0         1130122627.3         1.56269e-08               Y           
    1129983338.3         1129984522.0         1.64914e-08               N           
    1129571279.1         1129572006.0         2.56288e-08               Z           
    1129511847.3         1129512771.1         1.97867e-08               Y           
    1129442706.2         1129443373.0         9.81483e-09               Z           
    1129256274.1         1129257052.3         2.51913e-08               Z           
    1129150967.5         1129151752.9         4.57702e-07               Z           
    1128005451.4         1128006147.7         2.87836e-08               Z           
    1127693117.8         1127694050.3         1.37593e-08               Y           
    1126948969.4         1126949722.2         1.36213e-08               Y           
    1126686892.6         1126687690.3         2.42588e-07               N           
    1137257680.8         1137258474.6         3.61516e-08               Y           
    1137204142.4         1137205063.6         2.60552e-08               Y           
    1136325308.3         1136325673.6         3.33210e-07               Z           
    1136121552.5         1136121983.9         2.86854e-07               Y           
    1134944915.5         1134945646.2         1.72091e-08               Y           
    1131084751.0         1131085659.2         7.91511e-09               Z           
    1126543954.9         1126544722.3         6.73579e-09               Z           
    1126541332.5         1126542102.0         1.28610e-08               Z           
    1126527001.0         1126527778.2         2.87905e-07               Z           
    1126482108.5         1126482877.8         1.20738e-04               Z           
    1126481806.6         1126482581.7         1.49261e-04               Z           
    1126481526.8         1126482291.8         1.57033e-04               Z           
    1126452161.1         1126452957.6         1.61788e-07               Z           
    1126381071.8         1126381851.6         3.94595e-08               Z           
    1126165253.6         1126165559.5         2.94827e-07               Z           
    1136590790.6         1136591633.1         2.40647e-08               Z           
    1136233436.8         1136233993.1         1.00806e-08               Z           
    1136061393.7         1136062211.5         6.18547e-08               Z           
    1136006927.2         1136007772.4         4.25980e-08               Y           
    1135953390.9         1135954191.9         2.48884e-08               Y           
    1135759059.5         1135759847.2         5.70168e-09               Z           
    1135355182.0         1135356035.9         1.60366e-08               Z           
    1135348784.8         1135349574.4         3.78102e-08               Z           
    1135203094.3         1135203908.0         1.02292e-08               Z           
    1135162870.0         1135163658.9         9.79641e-09               Y           
    1134944917.0         1134945646.3         1.72091e-08               Y           
    1134824727.8         1134825510.3         1.77428e-07               Z           
    1134638948.5         1134639751.0         1.31171e-08               Z           
    1134631768.0         1134632549.9         1.54158e-07               Z           
    1134221393.0         1134222170.3         7.89453e-08               Z           
    1134162738.8         1134163114.5         4.52583e-08               Y           
    1134092057.6         1134092914.8         2.50544e-08               Z           
    1133748300.7         1133749155.3         1.83850e-08               Z           
    1133698001.2         1133698856.5         9.21438e-07               Y           
    1133694946.2         1133695801.2         1.42126e-06               Y           
    1133511001.9         1133511801.7         3.78747e-05               Z           
    1133492096.7         1133492830.7         1.88457e-08               Y           
    1133146971.5         1133147708.7         9.84474e-09               Y           
    1132753180.3         1132754011.5         3.74744e-08               N           
    1131976201.7         1131977055.9         1.01094e-08               N           
    1131847144.0         1131847993.4         6.37211e-08               Z           
    1131531719.4         1131532373.0         3.51641e-08               Z           
    1131384536.1         1131384952.2         2.96514e-08               Z           
    1131315496.5         1131316330.6         1.06835e-08               Z           
    1131037177.8         1131038085.0         5.52912e-07               Z           
    1131032473.4         1131033038.4         3.12099e-08               Z           
    1131024244.8         1131025153.1         5.61605e-08               Z           
    1130972051.4         1130972894.4         1.56078e-08               Y           
    1130723979.4         1130724484.3         4.96832e-08               Y           
    1130517424.7         1130518278.3         1.09056e-08               N           
    1130468665.3         1130469348.7         2.18221e-08               N           
    1130239620.4         1130240444.0         7.82761e-09               N           
    1129819689.0         1129820070.9         9.10781e-08               Y           
    1129509165.4         1129510362.1         2.13590e-08               Y           
    1128669822.8         1128670743.7         9.66655e-08               N           
    1128659757.8         1128660315.1         9.93703e-09               N           
    1128503058.0         1128503987.9         6.46793e-08               Z           
    1128202070.0         1128202861.6         2.16042e-08               Z           
    1127836330.3         1127837170.2         7.94527e-09               Y           
    1127591618.3         1127592421.6         3.38775e-08               Z           
    1127576133.8         1127576924.7         6.65250e-08               Y           
    1127551627.6         1127552274.4         1.83951e-08               N           
    1127257137.3         1127257870.5         1.04249e-08               Z           
    1127146422.7         1127147191.0         6.84429e-07               Z           
    1127145456.5         1127146208.0         7.11450e-07               Z           
    1126929811.7         1126930724.9         2.80352e-08               Z           
    1126619494.0         1126620265.6         1.42227e-08               N           
    1137208939.4         1137209721.5         3.10145e-08               Y           
    1137180127.2         1137180972.0         1.09559e-07               Y           
    1137079820.5         1137080665.1         5.81457e-08               Y           
    1137054640.7         1137055131.8         1.34066e-07               Y           
    1137005690.7         1137006610.0         9.73338e-08               Y           
    1136998697.7         1136999216.1         7.11861e-08               Y           
    1136752515.8         1136753323.4         2.59513e-08               Y           
    1136636859.5         1136637698.3         1.38027e-08               N           
    1136627220.2         1136628423.6         1.20956e-07               N           
    1136061394.7         1136062211.6         6.18547e-08               Z           
    1135953390.5         1135954191.9         2.48884e-08               Y           
    1126564777.4         1126565548.4         5.35631e-08               Z           
    1126521103.1         1126521872.6         1.03652e-08               Z           
    1126503674.7         1126504449.1         3.49570e-07               Z           
    1126499905.1         1126500677.3         4.33942e-06               Z           
    1126494779.0         1126495547.5         3.33395e-07               Z           
    1126488125.7         1126488901.3         3.02863e-06               Z           
    1126484557.5         1126485333.1         7.76310e-06               Z           
    1126481561.8         1126482334.7         1.69995e-04               Z           
    1126480409.3         1126481177.4         1.56545e-04               Z           
    1126444156.1         1126444935.7         1.46660e-07               Z           
    1126168049.4         1126168354.8         1.65453e-05               Z           
    1126148163.7         1126148948.0         1.43441e-08               Z           
    1126111370.8         1126112133.4         5.82641e-09               Z           
    1136636865.3         1136637697.2         1.38027e-08               N           
    1136199048.9         1136199874.4         2.40395e-08               N           
    1136079018.5         1136079710.9         3.46211e-08               Z           
    1135508931.7         1135509680.8         1.47158e-07               Z           
    1135365872.5         1135366684.3         1.50993e-08               Y           
    1135064647.0         1135065411.3         9.55351e-09               N           
    1135023539.7         1135024328.9         7.98076e-06               Y           
    1134920230.5         1134921026.8         3.89636e-08               N           
    1134512066.2         1134512755.3         2.72851e-08               Z           
    1134234522.1         1134235475.1         7.55840e-08               Y           
    1134174050.5         1134174758.4         7.52828e-08               Z           
    1134021217.0         1134021887.2         2.26772e-08               Y           
    1133839265.8         1133840194.6         3.92199e-08               Y           
    1133795023.4         1133795784.2         2.29567e-08               N           
    1133188290.1         1133189075.8         1.14566e-08               Y           
    1133007278.8         1133008125.3         2.53645e-08               Z           
    1132985640.4         1132986422.4         1.37737e-08               Z           
    1132620791.5         1132621405.8         4.80985e-09               Z           
    1132581108.3         1132581796.6         4.63447e-09               Z           
    1132532259.8         1132533050.4         3.22591e-08               Z           
    1132261380.1         1132262151.5         2.74199e-08               Z           
    1132259928.5         1132260506.4         1.19240e-08               Z           
    1132097158.4         1132097930.1         7.07486e-09               Z           
    1132066257.3         1132067103.8         6.20880e-09               N           
    1132032855.2         1132033564.3         4.81204e-07               Z           
    1131992151.2         1131992918.2         3.82125e-08               Z           
    1131940068.8         1131940863.4         4.69609e-08               Z           
    1131908052.8         1131908837.3         1.35200e-05               Z           
    1131900444.9         1131901378.7         9.55033e-09               Z           
    1131856747.9         1131857478.7         3.21938e-08               Z           
    1131784437.8         1131785207.3         1.88182e-07               Y           
    1131679919.2         1131680390.7         2.32556e-08               Z           
    1131568486.3         1131569220.4         4.75252e-08               Z           
    1131454495.4         1131455223.8         5.25732e-08               Y           
    1131278948.1         1131279453.9         4.35712e-08               Z           
    1131246486.0         1131247252.4         1.39025e-06               Z           
    1131243836.3         1131244602.8         7.36098e-06               Z           
    1131242482.9         1131243249.4         7.73169e-06               Z           
    1131112673.4         1131113475.6         1.57948e-08               N           
    1131061680.7         1131062621.6         1.67898e-08               N           
    1131028462.4         1131029371.1         4.29816e-08               Z           
    1131018896.3         1131019804.3         2.43551e-07               Z           
    1130660114.8         1130660999.4         1.80330e-08               Y           
    1130652889.8         1130653825.2         8.65194e-08               Z           
    1130651008.5         1130651801.4         5.68971e-07               Z           
    1130548261.0         1130549005.7         1.02586e-08               Z           
    1130487879.5         1130488290.4         4.79947e-07               Z           
    1130470520.5         1130470999.3         1.91938e-08               N           
    1130236037.8         1130236884.0         1.03518e-08               N           
    1130210338.9         1130211255.2         1.10086e-08               Y           
    1129900335.8         1129901024.1         4.14939e-08               Y           
    1129889363.0         1129890296.3         3.18718e-06               Y           
    1129590476.0         1129590592.3         3.66910e-07               Z           
    1129227462.2         1129228186.5         5.05022e-08               Z           
    1129220634.8         1129221358.8         1.69899e-06               Z           
    1128826044.8         1128826876.0         6.03042e-09               N           
    1128679473.0         1128680263.6         2.45275e-08               Z           
    1128497484.6         1128498241.1         6.44546e-09               N           
    1128447307.7         1128448108.1         1.03865e-08               Z           
    1128443322.4         1128444171.6         1.51875e-08               Z           
    1128436772.0         1128437554.3         1.07033e-08               Z           
    1128297970.0         1128298351.7         6.89622e-08               Z           
    1128296620.2         1128297004.3         1.13104e-07               Z           
    1128158500.7         1128158977.5         2.07889e-08               Z           
    1127906478.7         1127907244.2         3.23628e-08               Z           
    1127703009.9         1127703942.6         6.78292e-09               Y           
    1127437342.4         1127437981.4         1.16156e-07               Z           
    1126902399.5         1126903138.5         1.09679e-07               Z           
    1126774969.5         1126775738.7         1.45518e-08               Z           
    1126764438.2         1126765212.7         2.13463e-08               Y           
    1126676179.4         1126676970.5         2.62114e-07               Z           
    1126658931.4         1126659767.8         1.39474e-08               N           
    1137159855.0         1137160643.3         1.22350e-08               Y           
    1137093933.8         1137095137.1         3.76746e-08               Y           
    1137019103.5         1137019892.5         1.39990e-07               Y           
    1136854625.0         1136855572.9         2.05874e-08               Y           
    1136785196.7         1136785907.6         3.70141e-08               Y           
    1136777915.1         1136778788.4         2.42072e-06               Y           
    1136755111.5         1136755886.0         9.49121e-08               Y           
    1136744960.9         1136745710.5         3.92027e-08               Y           
    1136699267.8         1136700205.5         4.69456e-08               Y           
    1136199048.4         1136199874.3         2.40395e-08               N           
    1136170372.7         1136170789.3         2.01209e-08               N           
    1135348788.6         1135349574.3         3.78102e-08               Z           
    1135143625.0         1135144379.5         8.38782e-09               Z           
    1131900444.4         1131901378.7         9.55033e-09               Z           
    1131112673.9         1131113475.5         1.57948e-08               N           
    1127316923.0         1127317759.4         5.14067e-09               N           
    1127234249.0         1127235097.2         3.85757e-09               Y           
    1126569317.7         1126570093.1         4.29654e-09               N           
    1126507011.3         1126507736.8         2.89870e-07               Z           
    1126499548.4         1126500321.5         4.14612e-06               Z           
    1126497921.0         1126498694.7         4.23463e-06               Z           
    1126489178.6         1126489950.4         1.90750e-06               Z           
    1126488148.9         1126488915.2         3.02863e-06               Z           
    1126485811.1         1126486584.3         6.55019e-06               Z           
    1126483594.4         1126484365.3         1.57203e-05               Z           
    1126482181.8         1126482954.5         9.66949e-05               Z           
    1126481638.2         1126482409.9         1.67365e-04               Z           
    1126481509.8         1126482281.2         1.57033e-04               Z           
    1126466490.3         1126467285.9         4.11134e-08               Z           
    1126376780.5         1126377509.8         5.59388e-09               Z           
    1136498874.7         1136499636.1         1.58915e-08               Y           
    1136481065.8         1136481762.3         1.53201e-08               Z           
    1136468031.3         1136468804.7         1.81907e-08               Y           
    1136279246.5         1136280030.7         2.13829e-08               N           
    1136254656.4         1136255352.5         2.78774e-08               Z           
    1136216460.1         1136217268.9         2.26749e-08               Y           
    1136170370.0         1136170788.6         2.01209e-08               N           
    1136061100.0         1136061912.9         5.59347e-08               Z           
    1135994319.9         1135994746.9         1.48365e-07               Z           
    1135724710.3         1135725402.5         5.55175e-09               Z           
    1135635754.3         1135636161.8         1.25117e-08               N           
    1135481152.3         1135481600.2         3.43532e-09               N           
    1135479533.5         1135480269.9         1.04814e-08               N           
    1135187905.2         1135188680.3         1.23714e-08               Y           
    1134922688.6         1134923295.5         3.65341e-08               N           
    1134900546.8         1134901331.1         1.80049e-08               N           
    1134888219.0         1134888776.9         7.57272e-08               Y           
    1134736649.3         1134737364.7         9.59250e-09               N           
    1134684291.9         1134685073.1         4.77468e-08               Y           
    1134534469.8         1134535030.4         4.87070e-08               Z           
    1134236947.2         1134237899.2         6.15507e-08               Y           
    1134168994.2         1134169779.5         2.33672e-08               N           
    1133968155.0         1133968939.6         9.01190e-09               Z           
    1133906753.8         1133907955.9         1.91925e-08               Z           
    1133808948.9         1133809781.7         2.07553e-08               Y           
    1133723875.3         1133724675.7         1.44554e-08               Z           
    1133714161.7         1133715016.7         1.55542e-08               Z           
    1133712387.4         1133713241.9         1.36144e-08               Z           
    1133698656.5         1133699510.9         8.68937e-07               Y           
    1133634936.4         1133635782.9         9.42176e-09               Z           
    1133464614.0         1133465589.6         2.85613e-08               Y           
    1133391600.9         1133392366.9         2.30262e-08               Z           
    1133295755.1         1133296759.2         1.01125e-08               Z           
    1133193332.1         1133194065.4         7.50967e-09               Y           
    1133137452.7         1133138189.6         2.31208e-08               Z           
    1133012412.1         1133013108.9         1.07582e-08               Z           
    1133006930.5         1133007697.3         2.31406e-08               Z           
    1132989991.1         1132990762.7         1.72412e-08               Z           
    1132789674.1         1132790174.7         1.86720e-08               N           
    1132674419.8         1132675334.3         6.62952e-09               N           
    1132659651.3         1132660467.7         1.59917e-07               N           
    1132485799.0         1132486623.3         6.81981e-09               N           
    1132462027.8         1132462711.0         7.47663e-09               Z           
    1132391673.0         1132392444.2         1.70199e-08               N           
    1132312750.6         1132313942.5         9.26643e-09               Z           
    1132241664.9         1132242626.9         7.86997e-09               Y           
    1132215092.8         1132215503.7         7.17482e-09               Y           
    1131941769.6         1131942603.8         4.87848e-08               Z           
    1131884155.0         1131884923.4         3.17869e-08               Z           
    1131878233.7         1131879152.2         1.58599e-08               Z           
    1131799880.6         1131800728.2         2.30235e-08               Y           
    1131725605.7         1131726369.9         3.61205e-07               Z           
    1131707085.6         1131708283.1         1.16726e-08               N           
    1131599532.1         1131600295.7         1.59812e-07               N           
    1131432906.1         1131433548.2         9.13837e-08               Y           
    1131301151.7         1131301704.8         1.19326e-08               Z           
    1131148471.4         1131148875.9         2.23399e-08               N           
    1131123803.9         1131124524.9         6.03071e-07               Z           
    1130965088.8         1130966019.5         2.18040e-08               Z           
    1130939101.7         1130939768.8         1.39655e-08               Z           
    1130898640.3         1130899465.5         3.86447e-08               N           
    1130876059.6         1130876474.7         5.70425e-08               Y           
    1130838247.9         1130838990.4         6.89438e-08               Z           
    1130825526.9         1130826326.5         6.43568e-09               Z           
    1130781791.0         1130782442.6         7.88183e-09               Y           
    1130775870.9         1130776754.0         4.47123e-08               Y           
    1130680087.3         1130680701.9         7.34926e-09               Z           
    1130656009.0         1130656802.8         1.23738e-08               Y           
    1130506853.2         1130507678.0         1.39287e-08               Y           
    1130488085.3         1130488495.7         4.57965e-07               Z           
    1130224718.9         1130225635.8         1.04509e-08               N           
    1130223554.3         1130224358.7         9.46276e-09               N           
    1129986922.0         1129987773.6         1.54764e-08               N           
    1129905555.3         1129906264.5         1.99019e-08               Y           
    1129858909.3         1129859634.0         1.08591e-08               Z           
    1129757102.3         1129757873.3         1.36312e-08               Z           
    1129535446.9         1129536643.7         8.71521e-09               N           
    1129370791.0         1129371558.9         1.05429e-08               N           
    1129300276.0         1129301222.1         5.19836e-08               Z           
    1129208437.0         1129209275.3         1.26823e-08               Z           
    1129117162.2         1129118111.7         9.54791e-08               Z           
    1128844056.0         1128844617.2         4.09484e-08               Z           
    1128837000.1         1128837562.1         4.09858e-07               Z           
    1128655909.3         1128656681.4         9.64561e-08               N           
    1128605539.9         1128606119.0         9.69144e-09               Z           
    1128393230.9         1128394189.8         1.14292e-08               Y           
    1128225050.4         1128225840.9         8.73193e-09               Y           
    1128042592.4         1128043403.6         8.39326e-09               Y           
    1127988733.0         1127989501.9         1.12199e-08               Z           
    1127895846.2         1127896528.9         6.82806e-09               Z           
    1127880866.7         1127881671.1         4.38255e-08               Y           
    1127614300.1         1127615089.1         5.37044e-09               Z           
    1127584231.5         1127585066.8         7.47027e-09               Z           
    1127574150.9         1127574536.9         3.29820e-07               Y           
    1127436282.3         1127436922.1         1.17690e-07               Z           
    1127426443.6         1127427081.5         1.46782e-08               Z           
    1127423997.0         1127424634.7         4.33929e-08               Z           
    1127296204.4         1127296839.8         2.89857e-09               Z           
    1127291309.0         1127292305.2         2.69826e-09               N           
    1127271817.5         1127272586.9         1.15346e-06               Z           
    1127206084.0         1127206943.9         6.21248e-09               Z           
    1127069288.3         1127070102.6         5.71400e-09               N           
    1127043177.2         1127043952.5         1.62072e-08               Z           
    1126911975.0         1126912771.6         1.44133e-08               Y           
    1126896405.0         1126897230.0         2.82815e-07               Z           
    1126870584.7         1126871538.0         2.97813e-08               N           
    1126804725.6         1126805493.4         7.34659e-09               Z           
    1126753339.0         1126754107.0         1.90016e-08               Y           
    1126672445.2         1126673213.7         1.89831e-07               Z           
    1126657701.3         1126658494.2         1.45765e-08               N           
    1126585459.1         1126586233.8         3.04572e-08               N           
    1137276264.3         1137277091.2         1.36003e-08               Y           
    1137085555.4         1137086307.5         4.11603e-08               Y           
    1137079736.0         1137080464.9         4.76838e-08               Y           
    1136954173.9         1136955067.6         1.72580e-08               Y           
    1136756274.0         1136757072.1         1.00891e-07               Y           
    1136706777.8         1136707582.1         7.19419e-09               Y           
    1136656950.9         1136657902.9         1.70750e-08               Y           
    1136498873.8         1136499635.2         1.58915e-08               Y           
    1136482866.5         1136483650.6         1.44295e-08               Y           
    1136468032.8         1136468804.6         1.81907e-08               Y           
    1136299545.8         1136300250.8         2.99943e-08               N           
    1136294961.0         1136295884.4         2.32398e-08               N           
    1136279246.5         1136280030.0         2.13829e-08               N           
    1136061097.9         1136061913.4         5.59347e-08               Z           
    1135994316.6         1135994746.2         1.48365e-07               Z           
    1135724709.3         1135725402.6         5.55175e-09               Z           
    1135635809.0         1135636812.3         1.67136e-08               N           
    1135508933.0         1135509680.6         1.47158e-07               Z           
    1135481151.0         1135481599.8         7.23506e-09               N           
    1135392863.0         1135393428.3         3.04553e-07               Z           
    1129665313.0         1129666314.1         2.57335e-08               Z           
    1127060385.0         1127061582.6         5.94020e-09               Y           
    1126556692.5         1126557469.5         3.59397e-08               Z           
    1126498123.6         1126498893.0         4.21011e-06               Z           
    1126491682.5         1126492457.4         1.01902e-06               Z           
    1126489602.7         1126490378.8         1.91517e-06               Z           
    1126486229.9         1126487004.7         5.08997e-06               Z           
    1126485791.6         1126486562.8         6.55019e-06               Z           
    1126485274.2         1126486048.5         5.95213e-06               Z           
    1126483295.9         1126484071.3         1.85959e-05               Z           
    1126483231.5         1126484007.0         1.83888e-05               Z           
    1126482518.0         1126483292.7         4.44672e-05               Z           
    1126447885.6         1126448681.6         1.18015e-06               Z           
    1126387297.9         1126388025.9         1.03587e-08               Z           
    1126380902.8         1126381617.9         3.91024e-08               Z           
    1126279190.4         1126279945.5         4.72482e-08               Z           
    1126277620.4         1126278424.8         5.02090e-08               Z           
    1126136375.6         1126137242.3         1.23724e-08               Z           
    1126086584.0         1126087436.1         3.95394e-09               Z           
    1126080846.1         1126081629.0         3.08172e-09               Z           
