1126604052 1126604172 1126604052.0 -8.94445e-08 1126604052.0 -1.42788e-07 1126604052.0 2.30450e-09 1126604052.0 0.00000e+00 1126604052.0 0.00000e+00 1126604052.0 0.00000e+00
1126613031 1126613151 1126613031.0 2.78888e-09 1126613031.0 1.95059e-09 1126613031.0 1.67319e-09 1126613031.0 0.00000e+00 1126613031.0 0.00000e+00 1126613031.0 0.00000e+00
1126629121 1126629241 1126629121.0 -1.14521e-07 1126629121.0 -4.72409e-08 1126629121.0 -1.66001e-09 1126629121.0 0.00000e+00 1126629121.0 0.00000e+00 1126629121.0 0.00000e+00
1126645173 1126645293 1126645173.0 1.18436e-08 1126645173.0 3.99078e-09 1126645173.0 -1.66259e-10 1126645173.0 0.00000e+00 1126645173.0 0.00000e+00 1126645173.0 0.00000e+00
1126677257 1126677377 1126677257.0 -2.57648e-08 1126677257.0 -1.20581e-08 1126677257.0 -5.34640e-08 1126677257.0 0.00000e+00 1126677257.0 0.00000e+00 1126677257.0 0.00000e+00
1126691733 1126691853 1126691733.0 -2.46811e-08 1126691733.0 7.67043e-09 1126691733.0 -5.73979e-08 1126691733.0 0.00000e+00 1126691733.0 0.00000e+00 1126691733.0 0.00000e+00
1126715483 1126715603 1126715483.0 -5.84953e-10 1126715483.0 1.15588e-10 1126715483.0 -4.40920e-10 1126715483.0 0.00000e+00 1126715483.0 0.00000e+00 1126715483.0 0.00000e+00
1126719995 1126720115 1126719995.0 -5.77931e-10 1126719995.0 1.17875e-09 1126719995.0 -3.03926e-11 1126719995.0 0.00000e+00 1126719995.0 0.00000e+00 1126719995.0 0.00000e+00
1126821881 1126822001 1126821881.0 -1.70524e-08 1126821881.0 -7.98444e-09 1126821881.0 -6.15214e-10 1126821881.0 0.00000e+00 1126821881.0 0.00000e+00 1126821881.0 0.00000e+00
1126836806 1126836926 1126836806.0 4.24092e-09 1126836806.0 -2.36689e-09 1126836806.0 2.43057e-10 1126836806.0 0.00000e+00 1126836806.0 0.00000e+00 1126836806.0 0.00000e+00
1126851518 1126851638 1126851518.0 -1.94664e-09 1126851518.0 2.58748e-09 1126851518.0 7.04861e-10 1126851518.0 0.00000e+00 1126851518.0 0.00000e+00 1126851518.0 0.00000e+00
1126893167 1126893287 1126893167.0 -4.97566e-08 1126893167.0 -6.54255e-09 1126893167.0 -1.67542e-07 1126893167.0 0.00000e+00 1126893167.0 0.00000e+00 1126893167.0 0.00000e+00
1126908994 1126909114 1126908994.0 -9.12344e-09 1126908994.0 -3.23520e-10 1126908994.0 4.68666e-10 1126908994.0 0.00000e+00 1126908994.0 0.00000e+00 1126908994.0 0.00000e+00
1126944099 1126944219 1126944099.0 -8.03251e-09 1126944099.0 6.97013e-09 1126944099.0 -3.20666e-08 1126944099.0 0.00000e+00 1126944099.0 0.00000e+00 1126944099.0 0.00000e+00
1126970469 1126970589 1126970469.0 -6.41787e-08 1126970469.0 -4.92403e-08 1126970469.0 -6.76846e-10 1126970469.0 0.00000e+00 1126970469.0 0.00000e+00 1126970469.0 0.00000e+00
1126991508 1126991628 1126991508.0 2.64463e-09 1126991508.0 2.58259e-09 1126991508.0 4.17913e-10 1126991508.0 0.00000e+00 1126991508.0 0.00000e+00 1126991508.0 0.00000e+00
1127059170 1127059290 1127059170.0 9.07592e-10 1127059170.0 4.91195e-10 1127059170.0 7.61034e-10 1127059170.0 0.00000e+00 1127059170.0 0.00000e+00 1127059170.0 0.00000e+00
1127082082 1127082202 1127082082.0 -1.05976e-09 1127082082.0 4.55919e-10 1127082082.0 3.03699e-10 1127082082.0 0.00000e+00 1127082082.0 0.00000e+00 1127082082.0 0.00000e+00
1127111409 1127111529 1127111409.0 3.81757e-10 1127111409.0 -2.70454e-10 1127111409.0 2.39890e-10 1127111409.0 0.00000e+00 1127111409.0 0.00000e+00 1127111409.0 0.00000e+00
1127120610 1127120730 1127120610.0 -2.52178e-09 1127120610.0 4.84525e-10 1127120610.0 -1.27323e-10 1127120610.0 0.00000e+00 1127120610.0 0.00000e+00 1127120610.0 0.00000e+00
1127120621 1127120741 1127120621.0 -2.96479e-09 1127120621.0 3.80998e-10 1127120621.0 -3.72363e-10 1127120621.0 0.00000e+00 1127120621.0 0.00000e+00 1127120621.0 0.00000e+00
1127133299 1127133419 1127133299.0 -1.08082e-09 1127133299.0 2.12005e-10 1127133299.0 3.19377e-10 1127133299.0 0.00000e+00 1127133299.0 0.00000e+00 1127133299.0 0.00000e+00
1127159109 1127159229 1127159109.0 -1.77433e-09 1127159109.0 -9.76918e-10 1127159109.0 4.36204e-10 1127159109.0 0.00000e+00 1127159109.0 0.00000e+00 1127159109.0 0.00000e+00
1127223980 1127224100 1127223980.0 -4.59944e-10 1127223980.0 4.45101e-10 1127223980.0 -5.95291e-10 1127223980.0 0.00000e+00 1127223980.0 0.00000e+00 1127223980.0 0.00000e+00
1127256573 1127256693 1127256573.0 2.69361e-09 1127256573.0 1.89514e-09 1127256573.0 3.94259e-10 1127256573.0 0.00000e+00 1127256573.0 0.00000e+00 1127256573.0 0.00000e+00
1127272463 1127272583 1127272463.0 -1.51334e-07 1127272463.0 -9.35469e-08 1127272463.0 -1.48119e-08 1127272463.0 0.00000e+00 1127272463.0 0.00000e+00 1127272463.0 0.00000e+00
1127311450 1127311570 1127311450.0 -2.88584e-09 1127311450.0 2.30412e-08 1127311450.0 -2.77920e-09 1127311450.0 0.00000e+00 1127311450.0 0.00000e+00 1127311450.0 0.00000e+00
1127329655 1127329775 1127329655.0 1.46319e-09 1127329655.0 -5.32960e-09 1127329655.0 -1.00697e-08 1127329655.0 0.00000e+00 1127329655.0 0.00000e+00 1127329655.0 0.00000e+00
1127480400 1127480520 1127480400.0 3.07777e-10 1127480400.0 1.77398e-10 1127480400.0 6.64559e-11 1127480400.0 0.00000e+00 1127480400.0 0.00000e+00 1127480400.0 0.00000e+00
1127490604 1127490724 1127490604.0 -7.59072e-08 1127490604.0 -8.09432e-08 1127490604.0 -1.21813e-08 1127490604.0 0.00000e+00 1127490604.0 0.00000e+00 1127490604.0 0.00000e+00
1127499023 1127499143 1127499023.0 -2.74937e-09 1127499023.0 -6.22905e-10 1127499023.0 -1.92915e-10 1127499023.0 0.00000e+00 1127499023.0 0.00000e+00 1127499023.0 0.00000e+00
1127538356 1127538476 1127538356.0 8.04580e-10 1127538356.0 6.02718e-10 1127538356.0 -2.88373e-10 1127538356.0 0.00000e+00 1127538356.0 0.00000e+00 1127538356.0 0.00000e+00
1127563175 1127563295 1127563175.0 -2.35058e-10 1127563175.0 2.32284e-10 1127563175.0 2.80048e-10 1127563175.0 0.00000e+00 1127563175.0 0.00000e+00 1127563175.0 0.00000e+00
1127572288 1127572408 1127572288.0 8.38252e-10 1127572288.0 -4.08890e-10 1127572288.0 -3.81679e-10 1127572288.0 0.00000e+00 1127572288.0 0.00000e+00 1127572288.0 0.00000e+00
1127604285 1127604405 1127604285.0 1.89868e-09 1127604285.0 7.84762e-10 1127604285.0 3.17272e-10 1127604285.0 0.00000e+00 1127604285.0 0.00000e+00 1127604285.0 0.00000e+00
1127613764 1127613884 1127613764.0 9.12500e-11 1127613764.0 5.11484e-10 1127613764.0 2.95159e-10 1127613764.0 0.00000e+00 1127613764.0 0.00000e+00 1127613764.0 0.00000e+00
1127634193 1127634313 1127634193.0 2.23026e-09 1127634193.0 3.33907e-10 1127634193.0 -2.55491e-10 1127634193.0 0.00000e+00 1127634193.0 0.00000e+00 1127634193.0 0.00000e+00
1127670358 1127670478 1127670358.0 -6.31208e-08 1127670358.0 3.71087e-08 1127670358.0 -8.99067e-08 1127670358.0 0.00000e+00 1127670358.0 0.00000e+00 1127670358.0 0.00000e+00
1127672561 1127672681 1127672561.0 6.60952e-10 1127672561.0 4.66118e-10 1127672561.0 -4.49252e-10 1127672561.0 0.00000e+00 1127672561.0 0.00000e+00 1127672561.0 0.00000e+00
1127682816 1127682936 1127682816.0 1.90980e-10 1127682816.0 1.19710e-09 1127682816.0 -4.52095e-10 1127682816.0 0.00000e+00 1127682816.0 0.00000e+00 1127682816.0 0.00000e+00
1127686357 1127686477 1127686357.0 -1.67195e-09 1127686357.0 -4.96308e-09 1127686357.0 -4.55022e-11 1127686357.0 0.00000e+00 1127686357.0 0.00000e+00 1127686357.0 0.00000e+00
1127743106 1127743226 1127743106.0 -2.32369e-10 1127743106.0 1.12017e-09 1127743106.0 -1.15904e-09 1127743106.0 0.00000e+00 1127743106.0 0.00000e+00 1127743106.0 0.00000e+00
1127745719 1127745839 1127745719.0 1.72019e-09 1127745719.0 -1.08213e-09 1127745719.0 1.87582e-10 1127745719.0 0.00000e+00 1127745719.0 0.00000e+00 1127745719.0 0.00000e+00
1127745992 1127746112 1127745992.0 3.05281e-10 1127745992.0 4.15491e-10 1127745992.0 7.37521e-10 1127745992.0 0.00000e+00 1127745992.0 0.00000e+00 1127745992.0 0.00000e+00
1127746043 1127746163 1127746043.0 7.86668e-10 1127746043.0 6.12121e-10 1127746043.0 -7.91483e-10 1127746043.0 0.00000e+00 1127746043.0 0.00000e+00 1127746043.0 0.00000e+00
1127746484 1127746604 1127746484.0 -1.09168e-10 1127746484.0 6.43673e-10 1127746484.0 -1.43564e-09 1127746484.0 0.00000e+00 1127746484.0 0.00000e+00 1127746484.0 0.00000e+00
1127746910 1127747030 1127746910.0 -5.12450e-11 1127746910.0 1.06720e-10 1127746910.0 2.66702e-10 1127746910.0 0.00000e+00 1127746910.0 0.00000e+00 1127746910.0 0.00000e+00
1127767610 1127767730 1127767610.0 3.53915e-10 1127767610.0 9.99276e-10 1127767610.0 -1.57219e-09 1127767610.0 0.00000e+00 1127767610.0 0.00000e+00 1127767610.0 0.00000e+00
1127769636 1127769756 1127769636.0 -1.10163e-10 1127769636.0 -2.13856e-09 1127769636.0 -1.38810e-09 1127769636.0 0.00000e+00 1127769636.0 0.00000e+00 1127769636.0 0.00000e+00
1127814110 1127814230 1127814110.0 -2.51757e-10 1127814110.0 5.66702e-10 1127814110.0 -3.08515e-10 1127814110.0 0.00000e+00 1127814110.0 0.00000e+00 1127814110.0 0.00000e+00
1127836687 1127836807 1127836687.0 2.03862e-09 1127836687.0 1.89767e-10 1127836687.0 -1.02264e-10 1127836687.0 0.00000e+00 1127836687.0 0.00000e+00 1127836687.0 0.00000e+00
1127837010 1127837130 1127837010.0 -2.52782e-09 1127837010.0 7.85259e-10 1127837010.0 2.77670e-10 1127837010.0 0.00000e+00 1127837010.0 0.00000e+00 1127837010.0 0.00000e+00
1127837127 1127837247 1127837127.0 -5.02511e-09 1127837127.0 -5.60556e-11 1127837127.0 -5.69172e-10 1127837127.0 0.00000e+00 1127837127.0 0.00000e+00 1127837127.0 0.00000e+00
1127837570 1127837690 1127837570.0 1.81053e-09 1127837570.0 -7.59271e-10 1127837570.0 4.91173e-10 1127837570.0 0.00000e+00 1127837570.0 0.00000e+00 1127837570.0 0.00000e+00
1127851138 1127851258 1127851138.0 7.12066e-09 1127851138.0 2.65679e-09 1127851138.0 -2.36266e-10 1127851138.0 0.00000e+00 1127851138.0 0.00000e+00 1127851138.0 0.00000e+00
1128021765 1128021885 1128021765.0 3.55587e-09 1128021765.0 2.78792e-10 1128021765.0 6.17536e-10 1128021765.0 0.00000e+00 1128021765.0 0.00000e+00 1128021765.0 0.00000e+00
1128100847 1128100967 1128100847.0 -5.88042e-08 1128100847.0 -1.66703e-08 1128100847.0 -8.45271e-08 1128100847.0 0.00000e+00 1128100847.0 0.00000e+00 1128100847.0 0.00000e+00
1128114904 1128115024 1128114904.0 4.99483e-10 1128114904.0 -9.80755e-11 1128114904.0 2.81466e-10 1128114904.0 0.00000e+00 1128114904.0 0.00000e+00 1128114904.0 0.00000e+00
1128176257 1128176377 1128176257.0 -1.70268e-09 1128176257.0 -2.71358e-09 1128176257.0 1.19040e-10 1128176257.0 0.00000e+00 1128176257.0 0.00000e+00 1128176257.0 0.00000e+00
1128179061 1128179181 1128179061.0 -2.11633e-09 1128179061.0 4.23515e-10 1128179061.0 -3.28479e-10 1128179061.0 0.00000e+00 1128179061.0 0.00000e+00 1128179061.0 0.00000e+00
1128182147 1128182267 1128182147.0 1.11359e-08 1128182147.0 7.66303e-09 1128182147.0 4.79500e-10 1128182147.0 0.00000e+00 1128182147.0 0.00000e+00 1128182147.0 0.00000e+00
1128302821 1128302941 1128302821.0 7.03907e-10 1128302821.0 1.52254e-09 1128302821.0 2.48817e-09 1128302821.0 0.00000e+00 1128302821.0 0.00000e+00 1128302821.0 0.00000e+00
1128303937 1128304057 1128303937.0 1.08369e-09 1128303937.0 7.33394e-10 1128303937.0 1.60684e-10 1128303937.0 0.00000e+00 1128303937.0 0.00000e+00 1128303937.0 0.00000e+00
1128307691 1128307811 1128307691.0 7.63033e-10 1128307691.0 -2.02726e-10 1128307691.0 -8.71187e-10 1128307691.0 0.00000e+00 1128307691.0 0.00000e+00 1128307691.0 0.00000e+00
1128352130 1128352250 1128352130.0 6.39537e-10 1128352130.0 3.87185e-10 1128352130.0 -1.20993e-10 1128352130.0 0.00000e+00 1128352130.0 0.00000e+00 1128352130.0 0.00000e+00
1128464645 1128464765 1128464645.0 1.20842e-09 1128464645.0 -5.53240e-09 1128464645.0 8.90640e-10 1128464645.0 0.00000e+00 1128464645.0 0.00000e+00 1128464645.0 0.00000e+00
1128527912 1128528032 1128527912.0 3.87773e-09 1128527912.0 5.46939e-09 1128527912.0 -1.44582e-09 1128527912.0 0.00000e+00 1128527912.0 0.00000e+00 1128527912.0 0.00000e+00
1128546136 1128546256 1128546136.0 -2.12748e-08 1128546136.0 4.41806e-09 1128546136.0 -3.70255e-10 1128546136.0 0.00000e+00 1128546136.0 0.00000e+00 1128546136.0 0.00000e+00
1128708676 1128708796 1128708676.0 1.59269e-10 1128708676.0 -5.81107e-09 1128708676.0 -1.59068e-10 1128708676.0 0.00000e+00 1128708676.0 0.00000e+00 1128708676.0 0.00000e+00
1128763840 1128763960 1128763840.0 1.21911e-09 1128763840.0 2.41414e-09 1128763840.0 1.23569e-09 1128763840.0 0.00000e+00 1128763840.0 0.00000e+00 1128763840.0 0.00000e+00
1128782551 1128782671 1128782551.0 -6.54052e-10 1128782551.0 3.75919e-10 1128782551.0 7.66233e-11 1128782551.0 0.00000e+00 1128782551.0 0.00000e+00 1128782551.0 0.00000e+00
1128810084 1128810204 1128810084.0 -2.57567e-10 1128810084.0 6.01503e-10 1128810084.0 -7.97585e-10 1128810084.0 0.00000e+00 1128810084.0 0.00000e+00 1128810084.0 0.00000e+00
1128811353 1128811473 1128811353.0 2.12416e-09 1128811353.0 -7.01390e-10 1128811353.0 -2.71580e-10 1128811353.0 0.00000e+00 1128811353.0 0.00000e+00 1128811353.0 0.00000e+00
1128837736 1128837856 1128837736.0 -6.44175e-08 1128837736.0 -3.40039e-08 1128837736.0 -5.61051e-08 1128837736.0 0.00000e+00 1128837736.0 0.00000e+00 1128837736.0 0.00000e+00
1128873840 1128873960 1128873840.0 5.21017e-11 1128873840.0 -1.46642e-09 1128873840.0 4.24802e-10 1128873840.0 0.00000e+00 1128873840.0 0.00000e+00 1128873840.0 0.00000e+00
1128880737 1128880857 1128880737.0 -2.64474e-09 1128880737.0 -1.25616e-10 1128880737.0 6.18626e-10 1128880737.0 0.00000e+00 1128880737.0 0.00000e+00 1128880737.0 0.00000e+00
1128881861 1128881981 1128881861.0 -1.01521e-10 1128881861.0 -2.26593e-10 1128881861.0 4.13969e-10 1128881861.0 0.00000e+00 1128881861.0 0.00000e+00 1128881861.0 0.00000e+00
1128885174 1128885294 1128885174.0 -2.66525e-09 1128885174.0 1.04701e-10 1128885174.0 8.36224e-10 1128885174.0 0.00000e+00 1128885174.0 0.00000e+00 1128885174.0 0.00000e+00
1128887182 1128887302 1128887182.0 -1.22993e-09 1128887182.0 9.95576e-10 1128887182.0 -2.80094e-10 1128887182.0 0.00000e+00 1128887182.0 0.00000e+00 1128887182.0 0.00000e+00
1128889399 1128889519 1128889399.0 -1.73275e-10 1128889399.0 -3.73493e-10 1128889399.0 1.92803e-09 1128889399.0 0.00000e+00 1128889399.0 0.00000e+00 1128889399.0 0.00000e+00
1128889729 1128889849 1128889729.0 3.17572e-09 1128889729.0 -6.60021e-10 1128889729.0 -1.57938e-10 1128889729.0 0.00000e+00 1128889729.0 0.00000e+00 1128889729.0 0.00000e+00
1128890708 1128890828 1128890708.0 2.63997e-10 1128890708.0 3.91283e-10 1128890708.0 -4.49471e-10 1128890708.0 0.00000e+00 1128890708.0 0.00000e+00 1128890708.0 0.00000e+00
1128922671 1128922791 1128922671.0 -1.43830e-09 1128922671.0 3.19845e-10 1128922671.0 3.98180e-10 1128922671.0 0.00000e+00 1128922671.0 0.00000e+00 1128922671.0 0.00000e+00
1128929783 1128929903 1128929783.0 -1.09621e-09 1128929783.0 6.93739e-10 1128929783.0 -6.27020e-11 1128929783.0 0.00000e+00 1128929783.0 0.00000e+00 1128929783.0 0.00000e+00
1128956704 1128956824 1128956704.0 -8.61575e-10 1128956704.0 -7.97804e-10 1128956704.0 -2.11897e-10 1128956704.0 0.00000e+00 1128956704.0 0.00000e+00 1128956704.0 0.00000e+00
1129003790 1129003910 1129003790.0 -1.47379e-10 1129003790.0 6.13803e-10 1129003790.0 9.19702e-10 1129003790.0 0.00000e+00 1129003790.0 0.00000e+00 1129003790.0 0.00000e+00
1129011249 1129011369 1129011249.0 -2.13574e-09 1129011249.0 -4.37280e-10 1129011249.0 -3.59982e-10 1129011249.0 0.00000e+00 1129011249.0 0.00000e+00 1129011249.0 0.00000e+00
1129018180 1129018300 1129018180.0 3.15024e-10 1129018180.0 6.75865e-10 1129018180.0 1.03573e-10 1129018180.0 0.00000e+00 1129018180.0 0.00000e+00 1129018180.0 0.00000e+00
1129034982 1129035102 1129034982.0 -1.00197e-10 1129034982.0 -6.13837e-10 1129034982.0 1.14739e-10 1129034982.0 0.00000e+00 1129034982.0 0.00000e+00 1129034982.0 0.00000e+00
1129136303 1129136423 1129136303.0 7.76489e-10 1129136303.0 -3.87363e-11 1129136303.0 3.17878e-10 1129136303.0 0.00000e+00 1129136303.0 0.00000e+00 1129136303.0 0.00000e+00
1129152699 1129152819 1129152699.0 -2.28746e-08 1129152699.0 -2.67665e-08 1129152699.0 -6.64456e-08 1129152699.0 0.00000e+00 1129152699.0 0.00000e+00 1129152699.0 0.00000e+00
1129155065 1129155185 1129155065.0 1.48812e-09 1129155065.0 1.07957e-09 1129155065.0 2.32640e-09 1129155065.0 0.00000e+00 1129155065.0 0.00000e+00 1129155065.0 0.00000e+00
1129222335 1129222455 1129222335.0 -9.65420e-08 1129222335.0 5.39830e-09 1129222335.0 6.79700e-09 1129222335.0 0.00000e+00 1129222335.0 0.00000e+00 1129222335.0 0.00000e+00
1129229337 1129229457 1129229337.0 2.46018e-11 1129229337.0 5.20094e-10 1129229337.0 3.11336e-09 1129229337.0 0.00000e+00 1129229337.0 0.00000e+00 1129229337.0 0.00000e+00
1129260323 1129260443 1129260323.0 2.15060e-09 1129260323.0 3.29055e-09 1129260323.0 2.53217e-09 1129260323.0 0.00000e+00 1129260323.0 0.00000e+00 1129260323.0 0.00000e+00
1129320431 1129320551 1129320431.0 3.49302e-10 1129320431.0 2.96919e-10 1129320431.0 -7.58598e-10 1129320431.0 0.00000e+00 1129320431.0 0.00000e+00 1129320431.0 0.00000e+00
1129323455 1129323575 1129323455.0 -7.38010e-09 1129323455.0 6.43508e-09 1129323455.0 -6.79005e-10 1129323455.0 0.00000e+00 1129323455.0 0.00000e+00 1129323455.0 0.00000e+00
1129324177 1129324297 1129324177.0 1.84806e-09 1129324177.0 3.99629e-09 1129324177.0 -1.76782e-09 1129324177.0 0.00000e+00 1129324177.0 0.00000e+00 1129324177.0 0.00000e+00
1129383192 1129383312 1129383192.0 5.67227e-10 1129383192.0 -2.15146e-10 1129383192.0 8.60586e-10 1129383192.0 0.00000e+00 1129383192.0 0.00000e+00 1129383192.0 0.00000e+00
1129481471 1129481591 1129481471.0 9.21898e-10 1129481471.0 5.61690e-10 1129481471.0 2.08873e-10 1129481471.0 0.00000e+00 1129481471.0 0.00000e+00 1129481471.0 0.00000e+00
1129493442 1129493562 1129493442.0 1.55070e-10 1129493442.0 -1.04385e-09 1129493442.0 -5.50005e-10 1129493442.0 0.00000e+00 1129493442.0 0.00000e+00 1129493442.0 0.00000e+00
1129496793 1129496913 1129496793.0 -2.09201e-09 1129496793.0 -7.76555e-10 1129496793.0 4.08163e-10 1129496793.0 0.00000e+00 1129496793.0 0.00000e+00 1129496793.0 0.00000e+00
1129574738 1129574858 1129574738.0 -4.15056e-09 1129574738.0 1.17299e-09 1129574738.0 -3.70967e-09 1129574738.0 0.00000e+00 1129574738.0 0.00000e+00 1129574738.0 0.00000e+00
1129608537 1129608657 1129608537.0 9.12192e-11 1129608537.0 1.18931e-09 1129608537.0 1.22954e-09 1129608537.0 0.00000e+00 1129608537.0 0.00000e+00 1129608537.0 0.00000e+00
1129615524 1129615644 1129615524.0 -2.37505e-09 1129615524.0 3.91222e-09 1129615524.0 4.77800e-09 1129615524.0 0.00000e+00 1129615524.0 0.00000e+00 1129615524.0 0.00000e+00
1129627590 1129627710 1129627590.0 9.92871e-10 1129627590.0 3.37168e-10 1129627590.0 -1.12629e-10 1129627590.0 0.00000e+00 1129627590.0 0.00000e+00 1129627590.0 0.00000e+00
1129668779 1129668899 1129668779.0 1.64893e-10 1129668779.0 7.57027e-11 1129668779.0 8.70242e-10 1129668779.0 0.00000e+00 1129668779.0 0.00000e+00 1129668779.0 0.00000e+00
1129669227 1129669347 1129669227.0 1.75877e-08 1129669227.0 1.78454e-08 1129669227.0 1.79680e-10 1129669227.0 0.00000e+00 1129669227.0 0.00000e+00 1129669227.0 0.00000e+00
1129672557 1129672677 1129672557.0 -1.51072e-10 1129672557.0 1.70254e-09 1129672557.0 5.10975e-10 1129672557.0 0.00000e+00 1129672557.0 0.00000e+00 1129672557.0 0.00000e+00
1129673955 1129674075 1129673955.0 3.34081e-10 1129673955.0 1.28042e-09 1129673955.0 -2.20183e-10 1129673955.0 0.00000e+00 1129673955.0 0.00000e+00 1129673955.0 0.00000e+00
1129676548 1129676668 1129676548.0 2.67705e-09 1129676548.0 -7.27740e-10 1129676548.0 3.97500e-09 1129676548.0 0.00000e+00 1129676548.0 0.00000e+00 1129676548.0 0.00000e+00
1129703935 1129704055 1129703935.0 6.91595e-10 1129703935.0 4.01440e-10 1129703935.0 1.66181e-10 1129703935.0 0.00000e+00 1129703935.0 0.00000e+00 1129703935.0 0.00000e+00
1129777831 1129777951 1129777831.0 -2.72526e-09 1129777831.0 -3.70106e-10 1129777831.0 4.07047e-10 1129777831.0 0.00000e+00 1129777831.0 0.00000e+00 1129777831.0 0.00000e+00
1129804424 1129804544 1129804424.0 1.11190e-09 1129804424.0 -9.40673e-11 1129804424.0 -1.26791e-09 1129804424.0 0.00000e+00 1129804424.0 0.00000e+00 1129804424.0 0.00000e+00
1129874598 1129874718 1129874598.0 -1.69013e-09 1129874598.0 -5.12975e-09 1129874598.0 -7.33647e-10 1129874598.0 0.00000e+00 1129874598.0 0.00000e+00 1129874598.0 0.00000e+00
1129882306 1129882426 1129882306.0 -5.08118e-09 1129882306.0 -2.35353e-09 1129882306.0 -2.91153e-11 1129882306.0 0.00000e+00 1129882306.0 0.00000e+00 1129882306.0 0.00000e+00
1129956077 1129956197 1129956077.0 -1.01663e-09 1129956077.0 5.22041e-10 1129956077.0 9.40141e-10 1129956077.0 0.00000e+00 1129956077.0 0.00000e+00 1129956077.0 0.00000e+00
1129968068 1129968188 1129968068.0 1.78195e-09 1129968068.0 2.37429e-10 1129968068.0 -9.48714e-10 1129968068.0 0.00000e+00 1129968068.0 0.00000e+00 1129968068.0 0.00000e+00
1129974081 1129974201 1129974081.0 1.16615e-09 1129974081.0 1.92575e-09 1129974081.0 1.24040e-09 1129974081.0 0.00000e+00 1129974081.0 0.00000e+00 1129974081.0 0.00000e+00
1129992713 1129992833 1129992713.0 -1.62591e-09 1129992713.0 6.10925e-10 1129992713.0 3.92594e-10 1129992713.0 0.00000e+00 1129992713.0 0.00000e+00 1129992713.0 0.00000e+00
1130017882 1130018002 1130017882.0 2.67579e-09 1130017882.0 9.56027e-10 1130017882.0 -1.54883e-10 1130017882.0 0.00000e+00 1130017882.0 0.00000e+00 1130017882.0 0.00000e+00
1130094565 1130094685 1130094565.0 1.06417e-09 1130094565.0 1.27377e-09 1130094565.0 3.00847e-10 1130094565.0 0.00000e+00 1130094565.0 0.00000e+00 1130094565.0 0.00000e+00
1130099902 1130100022 1130099902.0 1.27591e-08 1130099902.0 8.97023e-09 1130099902.0 -3.16040e-10 1130099902.0 0.00000e+00 1130099902.0 0.00000e+00 1130099902.0 0.00000e+00
1130164444 1130164564 1130164444.0 -2.07123e-09 1130164444.0 -8.74555e-10 1130164444.0 -3.09752e-09 1130164444.0 0.00000e+00 1130164444.0 0.00000e+00 1130164444.0 0.00000e+00
1130170705 1130170825 1130170705.0 6.77091e-10 1130170705.0 2.66396e-10 1130170705.0 3.92972e-10 1130170705.0 0.00000e+00 1130170705.0 0.00000e+00 1130170705.0 0.00000e+00
1130185323 1130185443 1130185323.0 -1.06565e-09 1130185323.0 1.22699e-09 1130185323.0 2.91003e-10 1130185323.0 0.00000e+00 1130185323.0 0.00000e+00 1130185323.0 0.00000e+00
1130186181 1130186301 1130186181.0 -2.61475e-10 1130186181.0 -1.37040e-12 1130186181.0 1.10077e-09 1130186181.0 0.00000e+00 1130186181.0 0.00000e+00 1130186181.0 0.00000e+00
1130186792 1130186912 1130186792.0 1.82805e-10 1130186792.0 8.57888e-10 1130186792.0 1.43706e-09 1130186792.0 0.00000e+00 1130186792.0 0.00000e+00 1130186792.0 0.00000e+00
1130193525 1130193645 1130193525.0 1.82836e-09 1130193525.0 -1.54990e-09 1130193525.0 3.08316e-10 1130193525.0 0.00000e+00 1130193525.0 0.00000e+00 1130193525.0 0.00000e+00
1130244095 1130244215 1130244095.0 5.72536e-09 1130244095.0 1.09639e-10 1130244095.0 -4.69862e-09 1130244095.0 0.00000e+00 1130244095.0 0.00000e+00 1130244095.0 0.00000e+00
1130330431 1130330551 1130330431.0 -1.11055e-08 1130330431.0 -5.17437e-09 1130330431.0 -2.43940e-09 1130330431.0 0.00000e+00 1130330431.0 0.00000e+00 1130330431.0 0.00000e+00
1130482352 1130482472 1130482352.0 -3.85523e-09 1130482352.0 -4.66369e-10 1130482352.0 -2.75536e-09 1130482352.0 0.00000e+00 1130482352.0 0.00000e+00 1130482352.0 0.00000e+00
1130559174 1130559294 1130559174.0 2.92196e-09 1130559174.0 1.07599e-10 1130559174.0 -2.01609e-09 1130559174.0 0.00000e+00 1130559174.0 0.00000e+00 1130559174.0 0.00000e+00
1130578388 1130578508 1130578388.0 -4.37571e-09 1130578388.0 -1.19690e-09 1130578388.0 7.11276e-10 1130578388.0 0.00000e+00 1130578388.0 0.00000e+00 1130578388.0 0.00000e+00
1130603079 1130603199 1130603079.0 -2.07282e-08 1130603079.0 -2.12847e-09 1130603079.0 -3.40286e-11 1130603079.0 0.00000e+00 1130603079.0 0.00000e+00 1130603079.0 0.00000e+00
1130637815 1130637935 1130637815.0 8.31171e-10 1130637815.0 -3.43546e-10 1130637815.0 3.79800e-10 1130637815.0 0.00000e+00 1130637815.0 0.00000e+00 1130637815.0 0.00000e+00
1130637944 1130638064 1130637944.0 1.02133e-09 1130637944.0 -5.48896e-10 1130637944.0 3.69359e-10 1130637944.0 0.00000e+00 1130637944.0 0.00000e+00 1130637944.0 0.00000e+00
1130645638 1130645758 1130645638.0 -6.90097e-08 1130645638.0 -5.14412e-08 1130645638.0 -2.88980e-08 1130645638.0 0.00000e+00 1130645638.0 0.00000e+00 1130645638.0 0.00000e+00
1130654615 1130654735 1130654615.0 2.66848e-09 1130654615.0 7.38483e-10 1130654615.0 7.03250e-09 1130654615.0 0.00000e+00 1130654615.0 0.00000e+00 1130654615.0 0.00000e+00
1130655153 1130655273 1130655153.0 -3.15456e-09 1130655153.0 3.74673e-09 1130655153.0 -2.83477e-09 1130655153.0 0.00000e+00 1130655153.0 0.00000e+00 1130655153.0 0.00000e+00
1130688947 1130689067 1130688947.0 1.10443e-09 1130688947.0 1.05434e-09 1130688947.0 -6.96930e-11 1130688947.0 0.00000e+00 1130688947.0 0.00000e+00 1130688947.0 0.00000e+00
1130701369 1130701489 1130701369.0 8.74550e-09 1130701369.0 -2.64326e-10 1130701369.0 -9.85656e-10 1130701369.0 0.00000e+00 1130701369.0 0.00000e+00 1130701369.0 0.00000e+00
1130704241 1130704361 1130704241.0 2.08444e-09 1130704241.0 1.87229e-09 1130704241.0 5.43890e-10 1130704241.0 0.00000e+00 1130704241.0 0.00000e+00 1130704241.0 0.00000e+00
1130712995 1130713115 1130712995.0 6.00216e-09 1130712995.0 2.48724e-10 1130712995.0 5.72139e-10 1130712995.0 0.00000e+00 1130712995.0 0.00000e+00 1130712995.0 0.00000e+00
1130743387 1130743507 1130743387.0 4.81213e-10 1130743387.0 7.77194e-10 1130743387.0 -4.13892e-11 1130743387.0 0.00000e+00 1130743387.0 0.00000e+00 1130743387.0 0.00000e+00
1130743531 1130743651 1130743531.0 5.16282e-10 1130743531.0 4.24235e-10 1130743531.0 7.26821e-10 1130743531.0 0.00000e+00 1130743531.0 0.00000e+00 1130743531.0 0.00000e+00
1130753355 1130753475 1130753355.0 2.22559e-10 1130753355.0 -7.02964e-10 1130753355.0 6.98270e-10 1130753355.0 0.00000e+00 1130753355.0 0.00000e+00 1130753355.0 0.00000e+00
1130864200 1130864320 1130864200.0 -1.27290e-09 1130864200.0 -6.28532e-10 1130864200.0 -7.72561e-10 1130864200.0 0.00000e+00 1130864200.0 0.00000e+00 1130864200.0 0.00000e+00
1130916460 1130916580 1130916460.0 -9.38655e-08 1130916460.0 -1.03943e-07 1130916460.0 -2.07560e-08 1130916460.0 0.00000e+00 1130916460.0 0.00000e+00 1130916460.0 0.00000e+00
1130965773 1130965893 1130965773.0 -1.14883e-09 1130965773.0 -6.18880e-10 1130965773.0 -2.52733e-09 1130965773.0 0.00000e+00 1130965773.0 0.00000e+00 1130965773.0 0.00000e+00
1131015946 1131016066 1131015946.0 -4.96325e-08 1131015946.0 2.20724e-09 1131015946.0 -7.43238e-08 1131015946.0 0.00000e+00 1131015946.0 0.00000e+00 1131015946.0 0.00000e+00
1131073866 1131073986 1131073866.0 -1.12821e-11 1131073866.0 1.44593e-09 1131073866.0 3.71606e-10 1131073866.0 0.00000e+00 1131073866.0 0.00000e+00 1131073866.0 0.00000e+00
1131087556 1131087676 1131087556.0 9.13134e-10 1131087556.0 1.02534e-09 1131087556.0 -9.12258e-10 1131087556.0 0.00000e+00 1131087556.0 0.00000e+00 1131087556.0 0.00000e+00
1131120940 1131121060 1131120940.0 -6.89704e-08 1131120940.0 -4.27142e-07 1131120940.0 2.30772e-09 1131120940.0 0.00000e+00 1131120940.0 0.00000e+00 1131120940.0 0.00000e+00
1131179474 1131179594 1131179474.0 -2.61106e-09 1131179474.0 -1.40982e-09 1131179474.0 1.21744e-10 1131179474.0 0.00000e+00 1131179474.0 0.00000e+00 1131179474.0 0.00000e+00
1131209080 1131209200 1131209080.0 -8.32427e-09 1131209080.0 -5.26355e-09 1131209080.0 1.16557e-09 1131209080.0 0.00000e+00 1131209080.0 0.00000e+00 1131209080.0 0.00000e+00
1131260154 1131260274 1131260154.0 -9.35208e-08 1131260154.0 -9.94730e-08 1131260154.0 -2.00410e-07 1131260154.0 0.00000e+00 1131260154.0 0.00000e+00 1131260154.0 0.00000e+00
1131272800 1131272920 1131272800.0 -9.92073e-08 1131272800.0 -3.23553e-08 1131272800.0 -5.63672e-09 1131272800.0 0.00000e+00 1131272800.0 0.00000e+00 1131272800.0 0.00000e+00
1131303120 1131303240 1131303120.0 8.18771e-10 1131303120.0 8.06025e-10 1131303120.0 -1.08614e-09 1131303120.0 0.00000e+00 1131303120.0 0.00000e+00 1131303120.0 0.00000e+00
1131303271 1131303391 1131303271.0 1.80693e-10 1131303271.0 -3.75179e-10 1131303271.0 -1.35679e-09 1131303271.0 0.00000e+00 1131303271.0 0.00000e+00 1131303271.0 0.00000e+00
1131304691 1131304811 1131304691.0 -3.32529e-09 1131304691.0 1.66402e-09 1131304691.0 3.56961e-10 1131304691.0 0.00000e+00 1131304691.0 0.00000e+00 1131304691.0 0.00000e+00
1131314462 1131314582 1131314462.0 1.79859e-09 1131314462.0 4.04940e-10 1131314462.0 1.52967e-09 1131314462.0 0.00000e+00 1131314462.0 0.00000e+00 1131314462.0 0.00000e+00
1131387035 1131387155 1131387035.0 2.05964e-09 1131387035.0 -2.32807e-09 1131387035.0 -2.03202e-09 1131387035.0 0.00000e+00 1131387035.0 0.00000e+00 1131387035.0 0.00000e+00
1131429781 1131429901 1131429781.0 -8.01515e-08 1131429781.0 -2.66344e-09 1131429781.0 -1.24287e-08 1131429781.0 0.00000e+00 1131429781.0 0.00000e+00 1131429781.0 0.00000e+00
1131647645 1131647765 1131647645.0 2.13492e-09 1131647645.0 -1.90053e-10 1131647645.0 9.13124e-10 1131647645.0 0.00000e+00 1131647645.0 0.00000e+00 1131647645.0 0.00000e+00
1131665195 1131665315 1131665195.0 2.02547e-09 1131665195.0 6.39693e-10 1131665195.0 8.29669e-10 1131665195.0 0.00000e+00 1131665195.0 0.00000e+00 1131665195.0 0.00000e+00
1131728692 1131728812 1131728692.0 1.61660e-10 1131728692.0 -8.73196e-10 1131728692.0 -1.72317e-09 1131728692.0 0.00000e+00 1131728692.0 0.00000e+00 1131728692.0 0.00000e+00
1131731592 1131731712 1131731592.0 1.23506e-10 1131731592.0 -2.79631e-09 1131731592.0 4.22057e-10 1131731592.0 0.00000e+00 1131731592.0 0.00000e+00 1131731592.0 0.00000e+00
1131734366 1131734486 -1.0 -1.00000e+00 -1.0 -1.00000e+00 -1.0 -1.00000e+00 -1.0 -1.00000e+00 -1.0 -1.00000e+00 -1.0 -1.00000e+00
1131780800 1131780920 -1.0 -1.00000e+00 -1.0 -1.00000e+00 -1.0 -1.00000e+00 -1.0 -1.00000e+00 -1.0 -1.00000e+00 -1.0 -1.00000e+00
1131954724 1131954844 -1.0 -1.00000e+00 -1.0 -1.00000e+00 -1.0 -1.00000e+00 -1.0 -1.00000e+00 -1.0 -1.00000e+00 -1.0 -1.00000e+00
1131963194 1131963314 -1.0 -1.00000e+00 -1.0 -1.00000e+00 -1.0 -1.00000e+00 -1.0 -1.00000e+00 -1.0 -1.00000e+00 -1.0 -1.00000e+00
1131966588 1131966708 -1.0 -1.00000e+00 -1.0 -1.00000e+00 -1.0 -1.00000e+00 -1.0 -1.00000e+00 -1.0 -1.00000e+00 -1.0 -1.00000e+00
1131990472 1131990592 -1.0 -1.00000e+00 -1.0 -1.00000e+00 -1.0 -1.00000e+00 -1.0 -1.00000e+00 -1.0 -1.00000e+00 -1.0 -1.00000e+00
1132034976 1132035096 -1.0 -1.00000e+00 -1.0 -1.00000e+00 -1.0 -1.00000e+00 -1.0 -1.00000e+00 -1.0 -1.00000e+00 -1.0 -1.00000e+00
1132044294 1132044414 -1.0 -1.00000e+00 -1.0 -1.00000e+00 -1.0 -1.00000e+00 -1.0 -1.00000e+00 -1.0 -1.00000e+00 -1.0 -1.00000e+00
1132091156 1132091276 -1.0 -1.00000e+00 -1.0 -1.00000e+00 -1.0 -1.00000e+00 -1.0 -1.00000e+00 -1.0 -1.00000e+00 -1.0 -1.00000e+00
1132103395 1132103515 -1.0 -1.00000e+00 -1.0 -1.00000e+00 -1.0 -1.00000e+00 -1.0 -1.00000e+00 -1.0 -1.00000e+00 -1.0 -1.00000e+00
1132185193 1132185313 -1.0 -1.00000e+00 -1.0 -1.00000e+00 -1.0 -1.00000e+00 -1.0 -1.00000e+00 -1.0 -1.00000e+00 -1.0 -1.00000e+00
1132204750 1132204870 -1.0 -1.00000e+00 -1.0 -1.00000e+00 -1.0 -1.00000e+00 -1.0 -1.00000e+00 -1.0 -1.00000e+00 -1.0 -1.00000e+00
1132206475 1132206595 -1.0 -1.00000e+00 -1.0 -1.00000e+00 -1.0 -1.00000e+00 -1.0 -1.00000e+00 -1.0 -1.00000e+00 -1.0 -1.00000e+00
1132287539 1132287659 -1.0 -1.00000e+00 -1.0 -1.00000e+00 -1.0 -1.00000e+00 -1.0 -1.00000e+00 -1.0 -1.00000e+00 -1.0 -1.00000e+00
1132314819 1132314939 -1.0 -1.00000e+00 -1.0 -1.00000e+00 -1.0 -1.00000e+00 -1.0 -1.00000e+00 -1.0 -1.00000e+00 -1.0 -1.00000e+00
1132339895 1132340015 -1.0 -1.00000e+00 -1.0 -1.00000e+00 -1.0 -1.00000e+00 -1.0 -1.00000e+00 -1.0 -1.00000e+00 -1.0 -1.00000e+00
1132347582 1132347702 -1.0 -1.00000e+00 -1.0 -1.00000e+00 -1.0 -1.00000e+00 -1.0 -1.00000e+00 -1.0 -1.00000e+00 -1.0 -1.00000e+00
1132354076 1132354196 -1.0 -1.00000e+00 -1.0 -1.00000e+00 -1.0 -1.00000e+00 -1.0 -1.00000e+00 -1.0 -1.00000e+00 -1.0 -1.00000e+00
1132356992 1132357112 -1.0 -1.00000e+00 -1.0 -1.00000e+00 -1.0 -1.00000e+00 -1.0 -1.00000e+00 -1.0 -1.00000e+00 -1.0 -1.00000e+00
1132370066 1132370186 -1.0 -1.00000e+00 -1.0 -1.00000e+00 -1.0 -1.00000e+00 -1.0 -1.00000e+00 -1.0 -1.00000e+00 -1.0 -1.00000e+00
1132414038 1132414158 -1.0 -1.00000e+00 -1.0 -1.00000e+00 -1.0 -1.00000e+00 -1.0 -1.00000e+00 -1.0 -1.00000e+00 -1.0 -1.00000e+00
1132552643 1132552763 -1.0 -1.00000e+00 -1.0 -1.00000e+00 -1.0 -1.00000e+00 -1.0 -1.00000e+00 -1.0 -1.00000e+00 -1.0 -1.00000e+00
1132565476 1132565596 -1.0 -1.00000e+00 -1.0 -1.00000e+00 -1.0 -1.00000e+00 -1.0 -1.00000e+00 -1.0 -1.00000e+00 -1.0 -1.00000e+00
1132591434 1132591554 -1.0 -1.00000e+00 -1.0 -1.00000e+00 -1.0 -1.00000e+00 -1.0 -1.00000e+00 -1.0 -1.00000e+00 -1.0 -1.00000e+00
1132637844 1132637964 -1.0 -1.00000e+00 -1.0 -1.00000e+00 -1.0 -1.00000e+00 -1.0 -1.00000e+00 -1.0 -1.00000e+00 -1.0 -1.00000e+00
1132688729 1132688849 -1.0 -1.00000e+00 -1.0 -1.00000e+00 -1.0 -1.00000e+00 -1.0 -1.00000e+00 -1.0 -1.00000e+00 -1.0 -1.00000e+00
1132814041 1132814161 -1.0 -1.00000e+00 -1.0 -1.00000e+00 -1.0 -1.00000e+00 -1.0 -1.00000e+00 -1.0 -1.00000e+00 -1.0 -1.00000e+00
1132912748 1132912868 -1.0 -1.00000e+00 -1.0 -1.00000e+00 -1.0 -1.00000e+00 -1.0 -1.00000e+00 -1.0 -1.00000e+00 -1.0 -1.00000e+00
1133020010 1133020130 -1.0 -1.00000e+00 -1.0 -1.00000e+00 -1.0 -1.00000e+00 -1.0 -1.00000e+00 -1.0 -1.00000e+00 -1.0 -1.00000e+00
1133020326 1133020446 -1.0 -1.00000e+00 -1.0 -1.00000e+00 -1.0 -1.00000e+00 -1.0 -1.00000e+00 -1.0 -1.00000e+00 -1.0 -1.00000e+00
1133020816 1133020936 -1.0 -1.00000e+00 -1.0 -1.00000e+00 -1.0 -1.00000e+00 -1.0 -1.00000e+00 -1.0 -1.00000e+00 -1.0 -1.00000e+00
1133021185 1133021305 -1.0 -1.00000e+00 -1.0 -1.00000e+00 -1.0 -1.00000e+00 -1.0 -1.00000e+00 -1.0 -1.00000e+00 -1.0 -1.00000e+00
1133021459 1133021579 -1.0 -1.00000e+00 -1.0 -1.00000e+00 -1.0 -1.00000e+00 -1.0 -1.00000e+00 -1.0 -1.00000e+00 -1.0 -1.00000e+00
1133021736 1133021856 -1.0 -1.00000e+00 -1.0 -1.00000e+00 -1.0 -1.00000e+00 -1.0 -1.00000e+00 -1.0 -1.00000e+00 -1.0 -1.00000e+00
1133021936 1133022056 -1.0 -1.00000e+00 -1.0 -1.00000e+00 -1.0 -1.00000e+00 -1.0 -1.00000e+00 -1.0 -1.00000e+00 -1.0 -1.00000e+00
1133021964 1133022084 -1.0 -1.00000e+00 -1.0 -1.00000e+00 -1.0 -1.00000e+00 -1.0 -1.00000e+00 -1.0 -1.00000e+00 -1.0 -1.00000e+00
1133049323 1133049443 -1.0 -1.00000e+00 -1.0 -1.00000e+00 -1.0 -1.00000e+00 -1.0 -1.00000e+00 -1.0 -1.00000e+00 -1.0 -1.00000e+00
1133049803 1133049923 -1.0 -1.00000e+00 -1.0 -1.00000e+00 -1.0 -1.00000e+00 -1.0 -1.00000e+00 -1.0 -1.00000e+00 -1.0 -1.00000e+00
1133138682 1133138802 -1.0 -1.00000e+00 -1.0 -1.00000e+00 -1.0 -1.00000e+00 -1.0 -1.00000e+00 -1.0 -1.00000e+00 -1.0 -1.00000e+00
1133138694 1133138814 -1.0 -1.00000e+00 -1.0 -1.00000e+00 -1.0 -1.00000e+00 -1.0 -1.00000e+00 -1.0 -1.00000e+00 -1.0 -1.00000e+00
1133138927 1133139047 -1.0 -1.00000e+00 -1.0 -1.00000e+00 -1.0 -1.00000e+00 -1.0 -1.00000e+00 -1.0 -1.00000e+00 -1.0 -1.00000e+00
1133172889 1133173009 -1.0 -1.00000e+00 -1.0 -1.00000e+00 -1.0 -1.00000e+00 -1.0 -1.00000e+00 -1.0 -1.00000e+00 -1.0 -1.00000e+00
1133233323 1133233443 -1.0 -1.00000e+00 -1.0 -1.00000e+00 -1.0 -1.00000e+00 -1.0 -1.00000e+00 -1.0 -1.00000e+00 -1.0 -1.00000e+00
1133245505 1133245625 -1.0 -1.00000e+00 -1.0 -1.00000e+00 -1.0 -1.00000e+00 -1.0 -1.00000e+00 -1.0 -1.00000e+00 -1.0 -1.00000e+00
1133304300 1133304420 -1.0 -1.00000e+00 -1.0 -1.00000e+00 -1.0 -1.00000e+00 -1.0 -1.00000e+00 -1.0 -1.00000e+00 -1.0 -1.00000e+00
1133380558 1133380678 -1.0 -1.00000e+00 -1.0 -1.00000e+00 -1.0 -1.00000e+00 -1.0 -1.00000e+00 -1.0 -1.00000e+00 -1.0 -1.00000e+00
1133468366 1133468486 -1.0 -1.00000e+00 -1.0 -1.00000e+00 -1.0 -1.00000e+00 -1.0 -1.00000e+00 -1.0 -1.00000e+00 -1.0 -1.00000e+00
1133578899 1133579019 -1.0 -1.00000e+00 -1.0 -1.00000e+00 -1.0 -1.00000e+00 -1.0 -1.00000e+00 -1.0 -1.00000e+00 -1.0 -1.00000e+00
1133579060 1133579180 -1.0 -1.00000e+00 -1.0 -1.00000e+00 -1.0 -1.00000e+00 -1.0 -1.00000e+00 -1.0 -1.00000e+00 -1.0 -1.00000e+00
1133579178 1133579298 -1.0 -1.00000e+00 -1.0 -1.00000e+00 -1.0 -1.00000e+00 -1.0 -1.00000e+00 -1.0 -1.00000e+00 -1.0 -1.00000e+00
1133626749 1133626869 -1.0 -1.00000e+00 -1.0 -1.00000e+00 -1.0 -1.00000e+00 -1.0 -1.00000e+00 -1.0 -1.00000e+00 -1.0 -1.00000e+00
1133665911 1133666031 -1.0 -1.00000e+00 -1.0 -1.00000e+00 -1.0 -1.00000e+00 -1.0 -1.00000e+00 -1.0 -1.00000e+00 -1.0 -1.00000e+00
1133692818 1133692938 -1.0 -1.00000e+00 -1.0 -1.00000e+00 -1.0 -1.00000e+00 -1.0 -1.00000e+00 -1.0 -1.00000e+00 -1.0 -1.00000e+00
1133739696 1133739816 -1.0 -1.00000e+00 -1.0 -1.00000e+00 -1.0 -1.00000e+00 -1.0 -1.00000e+00 -1.0 -1.00000e+00 -1.0 -1.00000e+00
1133743949 1133744069 -1.0 -1.00000e+00 -1.0 -1.00000e+00 -1.0 -1.00000e+00 -1.0 -1.00000e+00 -1.0 -1.00000e+00 -1.0 -1.00000e+00
1133747505 1133747625 -1.0 -1.00000e+00 -1.0 -1.00000e+00 -1.0 -1.00000e+00 -1.0 -1.00000e+00 -1.0 -1.00000e+00 -1.0 -1.00000e+00
1133754882 1133755002 -1.0 -1.00000e+00 -1.0 -1.00000e+00 -1.0 -1.00000e+00 -1.0 -1.00000e+00 -1.0 -1.00000e+00 -1.0 -1.00000e+00
1133771056 1133771176 -1.0 -1.00000e+00 -1.0 -1.00000e+00 -1.0 -1.00000e+00 -1.0 -1.00000e+00 -1.0 -1.00000e+00 -1.0 -1.00000e+00
1133804070 1133804190 -1.0 -1.00000e+00 -1.0 -1.00000e+00 -1.0 -1.00000e+00 -1.0 -1.00000e+00 -1.0 -1.00000e+00 -1.0 -1.00000e+00
1133978945 1133979065 -1.0 -1.00000e+00 -1.0 -1.00000e+00 -1.0 -1.00000e+00 -1.0 -1.00000e+00 -1.0 -1.00000e+00 -1.0 -1.00000e+00
1133991102 1133991222 -1.0 -1.00000e+00 -1.0 -1.00000e+00 -1.0 -1.00000e+00 -1.0 -1.00000e+00 -1.0 -1.00000e+00 -1.0 -1.00000e+00
1134010514 1134010634 -1.0 -1.00000e+00 -1.0 -1.00000e+00 -1.0 -1.00000e+00 -1.0 -1.00000e+00 -1.0 -1.00000e+00 -1.0 -1.00000e+00
1134076475 1134076595 -1.0 -1.00000e+00 -1.0 -1.00000e+00 -1.0 -1.00000e+00 -1.0 -1.00000e+00 -1.0 -1.00000e+00 -1.0 -1.00000e+00
1134156834 1134156954 -1.0 -1.00000e+00 -1.0 -1.00000e+00 -1.0 -1.00000e+00 -1.0 -1.00000e+00 -1.0 -1.00000e+00 -1.0 -1.00000e+00
1134178216 1134178336 -1.0 -1.00000e+00 -1.0 -1.00000e+00 -1.0 -1.00000e+00 -1.0 -1.00000e+00 -1.0 -1.00000e+00 -1.0 -1.00000e+00
1134195738 1134195858 -1.0 -1.00000e+00 -1.0 -1.00000e+00 -1.0 -1.00000e+00 -1.0 -1.00000e+00 -1.0 -1.00000e+00 -1.0 -1.00000e+00
1134222486 1134222606 -1.0 -1.00000e+00 -1.0 -1.00000e+00 -1.0 -1.00000e+00 -1.0 -1.00000e+00 -1.0 -1.00000e+00 -1.0 -1.00000e+00
1134227242 1134227362 -1.0 -1.00000e+00 -1.0 -1.00000e+00 -1.0 -1.00000e+00 -1.0 -1.00000e+00 -1.0 -1.00000e+00 -1.0 -1.00000e+00
1134278396 1134278516 -1.0 -1.00000e+00 -1.0 -1.00000e+00 -1.0 -1.00000e+00 -1.0 -1.00000e+00 -1.0 -1.00000e+00 -1.0 -1.00000e+00
1134291568 1134291688 -1.0 -1.00000e+00 -1.0 -1.00000e+00 -1.0 -1.00000e+00 -1.0 -1.00000e+00 -1.0 -1.00000e+00 -1.0 -1.00000e+00
1134292190 1134292310 -1.0 -1.00000e+00 -1.0 -1.00000e+00 -1.0 -1.00000e+00 -1.0 -1.00000e+00 -1.0 -1.00000e+00 -1.0 -1.00000e+00
1134302244 1134302364 -1.0 -1.00000e+00 -1.0 -1.00000e+00 -1.0 -1.00000e+00 -1.0 -1.00000e+00 -1.0 -1.00000e+00 -1.0 -1.00000e+00
1134302856 1134302976 -1.0 -1.00000e+00 -1.0 -1.00000e+00 -1.0 -1.00000e+00 -1.0 -1.00000e+00 -1.0 -1.00000e+00 -1.0 -1.00000e+00
1134303763 1134303883 -1.0 -1.00000e+00 -1.0 -1.00000e+00 -1.0 -1.00000e+00 -1.0 -1.00000e+00 -1.0 -1.00000e+00 -1.0 -1.00000e+00
1134304297 1134304417 -1.0 -1.00000e+00 -1.0 -1.00000e+00 -1.0 -1.00000e+00 -1.0 -1.00000e+00 -1.0 -1.00000e+00 -1.0 -1.00000e+00
1134348374 1134348494 -1.0 -1.00000e+00 -1.0 -1.00000e+00 -1.0 -1.00000e+00 -1.0 -1.00000e+00 -1.0 -1.00000e+00 -1.0 -1.00000e+00
1134355860 1134355980 -1.0 -1.00000e+00 -1.0 -1.00000e+00 -1.0 -1.00000e+00 -1.0 -1.00000e+00 -1.0 -1.00000e+00 -1.0 -1.00000e+00
1134416090 1134416210 -1.0 -1.00000e+00 -1.0 -1.00000e+00 -1.0 -1.00000e+00 -1.0 -1.00000e+00 -1.0 -1.00000e+00 -1.0 -1.00000e+00
1134510151 1134510271 -1.0 -1.00000e+00 -1.0 -1.00000e+00 -1.0 -1.00000e+00 -1.0 -1.00000e+00 -1.0 -1.00000e+00 -1.0 -1.00000e+00
1134528802 1134528922 -1.0 -1.00000e+00 -1.0 -1.00000e+00 -1.0 -1.00000e+00 -1.0 -1.00000e+00 -1.0 -1.00000e+00 -1.0 -1.00000e+00
1134673697 1134673817 -1.0 -1.00000e+00 -1.0 -1.00000e+00 -1.0 -1.00000e+00 -1.0 -1.00000e+00 -1.0 -1.00000e+00 -1.0 -1.00000e+00
1134675647 1134675767 -1.0 -1.00000e+00 -1.0 -1.00000e+00 -1.0 -1.00000e+00 -1.0 -1.00000e+00 -1.0 -1.00000e+00 -1.0 -1.00000e+00
1134768130 1134768250 -1.0 -1.00000e+00 -1.0 -1.00000e+00 -1.0 -1.00000e+00 -1.0 -1.00000e+00 -1.0 -1.00000e+00 -1.0 -1.00000e+00
1134835525 1134835645 -1.0 -1.00000e+00 -1.0 -1.00000e+00 -1.0 -1.00000e+00 -1.0 -1.00000e+00 -1.0 -1.00000e+00 -1.0 -1.00000e+00
1134861333 1134861453 -1.0 -1.00000e+00 -1.0 -1.00000e+00 -1.0 -1.00000e+00 -1.0 -1.00000e+00 -1.0 -1.00000e+00 -1.0 -1.00000e+00
1134866643 1134866763 -1.0 -1.00000e+00 -1.0 -1.00000e+00 -1.0 -1.00000e+00 -1.0 -1.00000e+00 -1.0 -1.00000e+00 -1.0 -1.00000e+00
1134868611 1134868731 -1.0 -1.00000e+00 -1.0 -1.00000e+00 -1.0 -1.00000e+00 -1.0 -1.00000e+00 -1.0 -1.00000e+00 -1.0 -1.00000e+00
1134878322 1134878442 -1.0 -1.00000e+00 -1.0 -1.00000e+00 -1.0 -1.00000e+00 -1.0 -1.00000e+00 -1.0 -1.00000e+00 -1.0 -1.00000e+00
1134929592 1134929712 -1.0 -1.00000e+00 -1.0 -1.00000e+00 -1.0 -1.00000e+00 -1.0 -1.00000e+00 -1.0 -1.00000e+00 -1.0 -1.00000e+00
1135024334 1135024454 -1.0 -1.00000e+00 -1.0 -1.00000e+00 -1.0 -1.00000e+00 -1.0 -1.00000e+00 -1.0 -1.00000e+00 -1.0 -1.00000e+00
1135107687 1135107807 -1.0 -1.00000e+00 -1.0 -1.00000e+00 -1.0 -1.00000e+00 -1.0 -1.00000e+00 -1.0 -1.00000e+00 -1.0 -1.00000e+00
1135151368 1135151488 -1.0 -1.00000e+00 -1.0 -1.00000e+00 -1.0 -1.00000e+00 -1.0 -1.00000e+00 -1.0 -1.00000e+00 -1.0 -1.00000e+00
1135234090 1135234210 -1.0 -1.00000e+00 -1.0 -1.00000e+00 -1.0 -1.00000e+00 -1.0 -1.00000e+00 -1.0 -1.00000e+00 -1.0 -1.00000e+00
1135364583 1135364703 -1.0 -1.00000e+00 -1.0 -1.00000e+00 -1.0 -1.00000e+00 -1.0 -1.00000e+00 -1.0 -1.00000e+00 -1.0 -1.00000e+00
1135391689 1135391809 -1.0 -1.00000e+00 -1.0 -1.00000e+00 -1.0 -1.00000e+00 -1.0 -1.00000e+00 -1.0 -1.00000e+00 -1.0 -1.00000e+00
1135417312 1135417432 -1.0 -1.00000e+00 -1.0 -1.00000e+00 -1.0 -1.00000e+00 -1.0 -1.00000e+00 -1.0 -1.00000e+00 -1.0 -1.00000e+00
1135446191 1135446311 -1.0 -1.00000e+00 -1.0 -1.00000e+00 -1.0 -1.00000e+00 -1.0 -1.00000e+00 -1.0 -1.00000e+00 -1.0 -1.00000e+00
1135496396 1135496516 -1.0 -1.00000e+00 -1.0 -1.00000e+00 -1.0 -1.00000e+00 -1.0 -1.00000e+00 -1.0 -1.00000e+00 -1.0 -1.00000e+00
1135596151 1135596271 -1.0 -1.00000e+00 -1.0 -1.00000e+00 -1.0 -1.00000e+00 -1.0 -1.00000e+00 -1.0 -1.00000e+00 -1.0 -1.00000e+00
1135651213 1135651333 -1.0 -1.00000e+00 -1.0 -1.00000e+00 -1.0 -1.00000e+00 -1.0 -1.00000e+00 -1.0 -1.00000e+00 -1.0 -1.00000e+00
1135698399 1135698519 -1.0 -1.00000e+00 -1.0 -1.00000e+00 -1.0 -1.00000e+00 -1.0 -1.00000e+00 -1.0 -1.00000e+00 -1.0 -1.00000e+00
1135702602 1135702722 -1.0 -1.00000e+00 -1.0 -1.00000e+00 -1.0 -1.00000e+00 -1.0 -1.00000e+00 -1.0 -1.00000e+00 -1.0 -1.00000e+00
1135717283 1135717403 -1.0 -1.00000e+00 -1.0 -1.00000e+00 -1.0 -1.00000e+00 -1.0 -1.00000e+00 -1.0 -1.00000e+00 -1.0 -1.00000e+00
1135770126 1135770246 -1.0 -1.00000e+00 -1.0 -1.00000e+00 -1.0 -1.00000e+00 -1.0 -1.00000e+00 -1.0 -1.00000e+00 -1.0 -1.00000e+00
1135843679 1135843799 -1.0 -1.00000e+00 -1.0 -1.00000e+00 -1.0 -1.00000e+00 -1.0 -1.00000e+00 -1.0 -1.00000e+00 -1.0 -1.00000e+00
1135844157 1135844277 -1.0 -1.00000e+00 -1.0 -1.00000e+00 -1.0 -1.00000e+00 -1.0 -1.00000e+00 -1.0 -1.00000e+00 -1.0 -1.00000e+00
1135898633 1135898753 -1.0 -1.00000e+00 -1.0 -1.00000e+00 -1.0 -1.00000e+00 -1.0 -1.00000e+00 -1.0 -1.00000e+00 -1.0 -1.00000e+00
1135924128 1135924248 -1.0 -1.00000e+00 -1.0 -1.00000e+00 -1.0 -1.00000e+00 -1.0 -1.00000e+00 -1.0 -1.00000e+00 -1.0 -1.00000e+00
1135942960 1135943080 -1.0 -1.00000e+00 -1.0 -1.00000e+00 -1.0 -1.00000e+00 -1.0 -1.00000e+00 -1.0 -1.00000e+00 -1.0 -1.00000e+00
1135975774 1135975894 -1.0 -1.00000e+00 -1.0 -1.00000e+00 -1.0 -1.00000e+00 -1.0 -1.00000e+00 -1.0 -1.00000e+00 -1.0 -1.00000e+00
1135991754 1135991874 -1.0 -1.00000e+00 -1.0 -1.00000e+00 -1.0 -1.00000e+00 -1.0 -1.00000e+00 -1.0 -1.00000e+00 -1.0 -1.00000e+00
1136001828 1136001948 -1.0 -1.00000e+00 -1.0 -1.00000e+00 -1.0 -1.00000e+00 -1.0 -1.00000e+00 -1.0 -1.00000e+00 -1.0 -1.00000e+00
1136024520 1136024640 -1.0 -1.00000e+00 -1.0 -1.00000e+00 -1.0 -1.00000e+00 -1.0 -1.00000e+00 -1.0 -1.00000e+00 -1.0 -1.00000e+00
1136038358 1136038478 -1.0 -1.00000e+00 -1.0 -1.00000e+00 -1.0 -1.00000e+00 -1.0 -1.00000e+00 -1.0 -1.00000e+00 -1.0 -1.00000e+00
1136091221 1136091341 -1.0 -1.00000e+00 -1.0 -1.00000e+00 -1.0 -1.00000e+00 -1.0 -1.00000e+00 -1.0 -1.00000e+00 -1.0 -1.00000e+00
1136104613 1136104733 -1.0 -1.00000e+00 -1.0 -1.00000e+00 -1.0 -1.00000e+00 -1.0 -1.00000e+00 -1.0 -1.00000e+00 -1.0 -1.00000e+00
1136122870 1136122990 -1.0 -1.00000e+00 -1.0 -1.00000e+00 -1.0 -1.00000e+00 -1.0 -1.00000e+00 -1.0 -1.00000e+00 -1.0 -1.00000e+00
1136160417 1136160537 -1.0 -1.00000e+00 -1.0 -1.00000e+00 -1.0 -1.00000e+00 -1.0 -1.00000e+00 -1.0 -1.00000e+00 -1.0 -1.00000e+00
1136176666 1136176786 -1.0 -1.00000e+00 -1.0 -1.00000e+00 -1.0 -1.00000e+00 -1.0 -1.00000e+00 -1.0 -1.00000e+00 -1.0 -1.00000e+00
1136181204 1136181324 -1.0 -1.00000e+00 -1.0 -1.00000e+00 -1.0 -1.00000e+00 -1.0 -1.00000e+00 -1.0 -1.00000e+00 -1.0 -1.00000e+00
1136217569 1136217689 -1.0 -1.00000e+00 -1.0 -1.00000e+00 -1.0 -1.00000e+00 -1.0 -1.00000e+00 -1.0 -1.00000e+00 -1.0 -1.00000e+00
1136303962 1136304082 -1.0 -1.00000e+00 -1.0 -1.00000e+00 -1.0 -1.00000e+00 -1.0 -1.00000e+00 -1.0 -1.00000e+00 -1.0 -1.00000e+00
1136347094 1136347214 -1.0 -1.00000e+00 -1.0 -1.00000e+00 -1.0 -1.00000e+00 -1.0 -1.00000e+00 -1.0 -1.00000e+00 -1.0 -1.00000e+00
1136376105 1136376225 -1.0 -1.00000e+00 -1.0 -1.00000e+00 -1.0 -1.00000e+00 -1.0 -1.00000e+00 -1.0 -1.00000e+00 -1.0 -1.00000e+00
1136399127 1136399247 -1.0 -1.00000e+00 -1.0 -1.00000e+00 -1.0 -1.00000e+00 -1.0 -1.00000e+00 -1.0 -1.00000e+00 -1.0 -1.00000e+00
1136408488 1136408608 -1.0 -1.00000e+00 -1.0 -1.00000e+00 -1.0 -1.00000e+00 -1.0 -1.00000e+00 -1.0 -1.00000e+00 -1.0 -1.00000e+00
1136414265 1136414385 -1.0 -1.00000e+00 -1.0 -1.00000e+00 -1.0 -1.00000e+00 -1.0 -1.00000e+00 -1.0 -1.00000e+00 -1.0 -1.00000e+00
1136419150 1136419270 -1.0 -1.00000e+00 -1.0 -1.00000e+00 -1.0 -1.00000e+00 -1.0 -1.00000e+00 -1.0 -1.00000e+00 -1.0 -1.00000e+00
1136428377 1136428497 -1.0 -1.00000e+00 -1.0 -1.00000e+00 -1.0 -1.00000e+00 -1.0 -1.00000e+00 -1.0 -1.00000e+00 -1.0 -1.00000e+00
1136435509 1136435629 -1.0 -1.00000e+00 -1.0 -1.00000e+00 -1.0 -1.00000e+00 -1.0 -1.00000e+00 -1.0 -1.00000e+00 -1.0 -1.00000e+00
1136462429 1136462549 -1.0 -1.00000e+00 -1.0 -1.00000e+00 -1.0 -1.00000e+00 -1.0 -1.00000e+00 -1.0 -1.00000e+00 -1.0 -1.00000e+00
1136466179 1136466299 -1.0 -1.00000e+00 -1.0 -1.00000e+00 -1.0 -1.00000e+00 -1.0 -1.00000e+00 -1.0 -1.00000e+00 -1.0 -1.00000e+00
1136479701 1136479821 -1.0 -1.00000e+00 -1.0 -1.00000e+00 -1.0 -1.00000e+00 -1.0 -1.00000e+00 -1.0 -1.00000e+00 -1.0 -1.00000e+00
1136527275 1136527395 -1.0 -1.00000e+00 -1.0 -1.00000e+00 -1.0 -1.00000e+00 -1.0 -1.00000e+00 -1.0 -1.00000e+00 -1.0 -1.00000e+00
1136560477 1136560597 -1.0 -1.00000e+00 -1.0 -1.00000e+00 -1.0 -1.00000e+00 -1.0 -1.00000e+00 -1.0 -1.00000e+00 -1.0 -1.00000e+00
1136566947 1136567067 -1.0 -1.00000e+00 -1.0 -1.00000e+00 -1.0 -1.00000e+00 -1.0 -1.00000e+00 -1.0 -1.00000e+00 -1.0 -1.00000e+00
1136584843 1136584963 -1.0 -1.00000e+00 -1.0 -1.00000e+00 -1.0 -1.00000e+00 -1.0 -1.00000e+00 -1.0 -1.00000e+00 -1.0 -1.00000e+00
1136596232 1136596352 -1.0 -1.00000e+00 -1.0 -1.00000e+00 -1.0 -1.00000e+00 -1.0 -1.00000e+00 -1.0 -1.00000e+00 -1.0 -1.00000e+00
1136649557 1136649677 -1.0 -1.00000e+00 -1.0 -1.00000e+00 -1.0 -1.00000e+00 -1.0 -1.00000e+00 -1.0 -1.00000e+00 -1.0 -1.00000e+00
