    1126479289.9         1126480063.4         1126482188.7              Z           
    1132440670.8         1132441289.3         1132441805.3              Z           
    1132440355.1         1132440977.3         1132441805.3              Z           
    1132440355.8         1132440977.4         1132441805.3              Z           
    1129885799.6         1129886582.9         1129887303.8              Y           
    1133509823.6         1133510622.0         1133513033.9              Y           
    1133509824.5         1133510622.0         1133513033.9              Y           
    1133509823.0         1133510622.2         1133513033.9              Y           
    1133303117.1         1133304315.2         1133307237.0              Z           
    1129413139.6         1129413901.6         1129415372.0              Z           
    1131906681.6         1131907465.5         1131909575.4              Z           
    1126480738.8         1126481512.0         1126482188.7              Z           
    1133691727.4         1133692581.2         1133694945.6              Y           
    1131245196.9         1131245963.0         1131245985.4              Z           
    1131242095.5         1131242861.6         1131245985.4              Z           
    1131242095.6         1131242861.7         1131245985.4              Z           
    1133691725.5         1133692581.1         1133694945.6              Y           
    1130916720.8         1130917488.9         1130919623.2              Z           
    1132551935.3         1132552549.8         1132553063.1              Z           
    1131483108.0         1131483843.0         1131486151.1              Y           
    1126498244.8         1126499017.8         1126501140.8              Z           
    1126167265.6         1126167571.6         1126168164.3              Z           
    1135897539.1         1135898369.8         1135900709.5              Z           
    1136777150.6         1136777788.7         1136778317.7              Y           
    1136777150.0         1136777788.1         1136778317.7              Y           
    1131036439.2         1131037346.8         1131040083.0              Z           
    1127145224.7         1127146064.2         1127147453.8              Z           
    1126892417.1         1126893190.0         1126895317.2              Z           
    1134417010.2         1134417436.2         1134418464.8              Z           
    1131779424.3         1131780193.4         1131782809.7              Y           
    1131120243.1         1131120651.7         1131121730.5              Z           
    1130643872.2         1130644755.6         1130647084.5              Y           
    1126497323.9         1126498094.4         1126501140.8              Z           
    1126497313.3         1126498085.1         1126501140.8              Z           
    1126497332.4         1126498104.7         1126501140.8              Z           
    1136565504.1         1136566341.0         1136568108.6              Y           
    1136565502.9         1136566341.0         1136568108.6              Y           
    1136565502.0         1136566340.1         1136568108.6              Y           
    1126489282.9         1126490051.9         1126490186.8              Z           
    1126479572.0         1126480345.0         1126482188.7              Z           
    1127271095.8         1127271863.9         1127272508.9              Z           
    1126424475.7         1126425317.6         1126426245.6              Z           
    1135648856.9         1135649815.2         1135652534.8              Z           
    1135106104.2         1135106890.1         1135107735.7              Z           
    1132693240.0         1132693986.0         1132694611.0              Z           
    1130915088.4         1130915853.6         1130919623.2              Z           
    1129599623.3         1129600800.3         1129607498.4              Z           
    1126702357.9         1126703134.4         1126705633.2              Z           
    1126602661.7         1126603439.7         1126606266.4              Z           
    1136567301.0         1136567913.6         1136568108.6              Y           
    1135021460.1         1135022294.3         1135024464.9              Y           
    1132131989.1         1132132847.6         1132133457.7              Y           
    1128560324.2         1128561157.0         1128561158.6              Y           
    1126849191.9         1126849964.2         1126852088.1              Z           
    1126674424.5         1126675192.1         1126677833.9              Z           
    1126480586.4         1126481357.8         1126482188.7              Z           
    1126479853.6         1126480628.2         1126482188.7              Z           
    1126447419.1         1126448216.2         1126448896.4              Z           
    1134672472.5         1134673338.3         1134678267.0              Z           
    1133701098.8         1133701859.6         1133703634.4              Y           
    1132131990.5         1132132847.1         1132133457.7              Y           
    1136777145.3         1136777831.9         1136778317.7              Y           
    1134672473.6         1134673338.2         1134678267.0              Z           
    1132406512.8         1132407181.9         1132410983.1              N           
    1129608275.1         1129609478.0         1129613214.2              N           
    1129220332.5         1129221056.5         1129222912.6              Z           
    1128836605.3         1128837167.4         1128838942.0              Z           
    1127338852.4         1127339700.4         1127342067.2              Y           
    1126941197.5         1126941966.9         1126942722.8              Z           
    1126627199.6         1126627858.0         1126629455.3              Z           
    1134526270.3         1134527054.2         1134529101.5              Y           
    1136021671.0         1136022503.2         1136024668.1              Z           
    1136627128.6         1136628331.9         1136630855.1              N           
    1136066407.2         1136067111.8         1136068190.6              Z           
    1131727770.7         1131728339.7         1131730227.2              Z           
    1129885789.0         1129886575.2         1129887303.8              Y           
    1128098023.8         1128098790.8         1128100910.0              Z           
    1127888832.8         1127889599.3         1127890464.7              Y           
    1127489302.8         1127490033.3         1127490647.3              Z           
    1136699779.2         1136700474.5         1136703323.0              Y           
    1136627128.4         1136628331.8         1136630855.1              N           
    1126531963.0         1126532739.5         1126535523.2              Z           
    1126527291.9         1126528073.0         1126530827.1              Z           
    1126481898.7         1126482674.0         1126482612.2              Z           
    1126125164.0         1126125966.6         1126128429.0              Z           
    1135995689.6         1135996414.4         1135996847.2              Z           
    1135695752.6         1135696535.4         1135696535.3              Z           
    1135389118.9         1135389903.0         1135392192.6              Z           
    1135101502.0         1135102290.7         1135106217.4              Z           
    1135033875.2         1135034730.5         1135036038.6              Y           
    1134924926.9         1134925934.4         1134930037.8              N           
    1134588322.5         1134589089.6         1134589938.0              Y           
    1133024922.1         1133025650.6         1133026986.5              Y           
    1132858386.5         1132859145.7         1132860477.9              Z           
    1132182347.7         1132183116.3         1132184908.9              Z           
    1132032729.5         1132033437.8         1132035024.0              Z           
    1131669590.5         1131670064.9         1131671254.7              Y           
    1131320196.2         1131321051.0         1131321200.1              Y           
    1130487350.5         1130487761.0         1130488657.7              Z           
    1130426194.5         1130426930.3         1130429338.3              Z           
    1130100417.3         1130101167.8         1130101408.4              Y           
    1129820354.7         1129821144.3         1129823855.6              Y           
    1129673019.8         1129673845.0         1129677138.9              Z           
    1129297858.6         1129298667.8         1129299351.2              Z           
    1129116806.0         1129117572.3         1129118227.3              Z           
    1127887439.1         1127888233.6         1127888225.3              Y           
    1127145433.2         1127146212.8         1127147453.8              Z           
    1137176675.4         1137177451.7         1137177521.4              Y           
    1136804675.0         1136805408.6         1136806937.0              Y           
    1135995688.3         1135996414.3         1135996847.2              Z           
    1135695753.7         1135696535.8         1135696535.3              Z           
    1135594635.1         1135595129.5         1135596460.7              Z           
    1134924926.5         1134925933.8         1134930037.8              N           
    1134588322.6         1134589089.6         1134589938.0              Y           
    1126488799.6         1126489575.3         1126489536.0              Z           
    1136664316.7         1136665098.6         1136667273.4              Y           
    1135743756.7         1135744371.5         1135745369.8              N           
    1135594637.5         1135595129.5         1135596460.7              Z           
    1134747861.8         1134748632.8         1134749915.5              Z           
    1133784331.7         1133785294.3         1133786442.5              N           
    1133564032.1         1133564480.9         1133565502.2              Z           
    1132513078.6         1132513923.5         1132518913.2              N           
    1132251381.7         1132252179.7         1132254070.3              Z           
    1131564038.4         1131564772.0         1131567599.3              Z           
    1131017611.6         1131018019.2         1131019196.3              Z           
    1131010514.3         1131011428.8         1131016076.8              N           
    1131005634.4         1131006335.6         1131009722.7              N           
    1130928841.2         1130929609.2         1130930765.2              Z           
    1130621119.0         1130622003.7         1130625635.5              Z           
    1129368565.8         1129369247.0         1129372615.4              N           
    1128101771.9         1128102203.2         1128102925.9              Z           
    1127664429.3         1127665366.6         1127670402.8              Z           
    1127137755.5         1127137873.7         1127138066.5              Y           
    1126688846.5         1126689617.6         1126691749.5              Y           
    1136664316.0         1136665097.9         1136667273.4              Y           
    1126534773.0         1126535545.3         1126535523.2              Z           
    1126497747.0         1126498519.7         1126501140.8              Z           
    1126481022.7         1126481793.0         1126482188.7              Z           
    1126480183.2         1126480954.9         1126482188.7              Z           
    1136463139.4         1136463994.9         1136464460.6              Y           
    1136250738.0         1136251506.6         1136254485.7              Z           
    1135320947.0         1135321522.3         1135324049.1              Z           
    1134092775.8         1134093633.0         1134094457.9              Z           
    1133614584.4         1133615354.4         1133619179.3              N           
    1133456986.3         1133457677.5         1133460415.3              N           
    1132724697.1         1132725466.8         1132725569.1              Y           
    1132714284.8         1132714900.9         1132716561.3              Y           
    1132660004.2         1132660472.0         1132661069.4              N           
    1132346498.5         1132346900.7         1132347643.5              Y           
    1131816593.3         1131817383.1         1131821254.1              Y           
    1131429874.2         1131430655.9         1131433119.8              Y           
    1131258410.7         1131258992.4         1131260212.5              Y           
    1131236834.8         1131237601.8         1131238712.5              Z           
    1131045304.4         1131046211.8         1131048317.2              Z           
    1131014794.5         1131015202.3         1131016076.8              Z           
    1130651565.4         1130652359.3         1130652314.3              Z           
    1129595276.6         1129596116.6         1129599551.1              Z           
    1129408409.1         1129409291.8         1129414547.9              Z           
    1129139556.9         1129140359.2         1129141416.2              Y           
    1129012723.2         1129013220.6         1129015323.3              Z           
    1128672318.6         1128673159.4         1128674487.4              N           
    1128654936.2         1128655708.1         1128655955.2              N           
    1126900585.7         1126901359.3         1126904438.9              Z           
    1126703354.8         1126704125.1         1126705633.2              Z           
    1126599514.9         1126600292.4         1126604177.2              Z           
    1137204824.2         1137205608.6         1137207331.0              Y           
    1137021766.0         1137022630.5         1137023705.0              Y           
    1136812506.2         1136813322.8         1136817678.0              Y           
    1136804675.8         1136805409.3         1136806937.0              Y           
    1126480163.8         1126480933.8         1126482188.7              Z           
    1126166270.5         1126166577.8         1126167580.4              Z           
    1134572633.0         1134573566.2         1134575156.1              Y           
    1133998391.9         1133999177.6         1134000403.3              N           
    1133741389.8         1133742179.5         1133743037.3              Y           
    1133512273.7         1133513056.0         1133513033.9              Z           
    1133509888.4         1133510658.6         1133513033.9              Z           
    1132949962.3         1132950972.4         1132956094.2              Y           
    1132858598.6         1132859357.9         1132860477.9              Z           
    1132433119.3         1132433936.3         1132436956.7              Z           
    1131277540.9         1131278460.6         1131279854.7              Z           
    1131091986.6         1131092891.9         1131094985.8              Y           
    1131014538.6         1131015446.7         1131019196.3              Z           
    1130960430.5         1130961240.5         1130962742.7              Z           
    1130776375.8         1130777166.4         1130779635.8              Y           
    1130447397.8         1130448184.9         1130450585.9              Z           
    1129743096.4         1129743857.3         1129746732.3              N           
    1128502582.4         1128503554.4         1128504760.2              Z           
    1128450473.7         1128451245.9         1128453759.7              Z           
    1127965806.5         1127966576.8         1127970399.4              N           
    1127357790.7         1127358645.5         1127361531.0              Y           
    1127326661.9         1127327459.8         1127327737.5              Z           
    1127323423.8         1127324210.6         1127324271.6              Z           
    1126895830.5         1126896601.0         1126896716.7              Z           
    1136808946.5         1136809864.2         1136810522.8              Y           
    1131091983.0         1131092892.1         1131094985.8              Y           
    1126557648.8         1126558418.1         1126559639.3              Z           
    1126515541.7         1126516066.4         1126516325.0              Z           
    1126503897.0         1126504672.5         1126505610.3              Z           
    1126499216.0         1126499989.0         1126501140.8              Z           
    1126493986.1         1126494755.6         1126498771.6              Z           
    1126481320.1         1126482090.2         1126482188.7              Z           
    1126131385.1         1126132192.1         1126134592.0              Z           
    1136383974.1         1136384716.0         1136387968.2              N           
    1136326909.4         1136327809.0         1136328532.3              Z           
    1136021672.2         1136022504.5         1136024668.1              Z           
    1135632595.9         1135633387.0         1135634103.1              N           
    1135140212.2         1135141413.3         1135141583.1              N           
    1134512233.5         1134513066.6         1134516960.1              Z           
    1134474425.3         1134475252.3         1134476574.0              Z           
    1134423116.6         1134423675.0         1134425576.9              Z           
    1134024146.1         1134025002.7         1134025138.9              Y           
    1133708235.0         1133709092.3         1133712625.5              Z           
    1133705658.4         1133706515.4         1133710878.0              Y           
    1133517915.3         1133518712.6         1133518927.3              Z           
    1133488045.5         1133488834.1         1133491288.3              Y           
    1133466712.5         1133467480.8         1133470864.1              Y           
    1133238367.8         1133239085.1         1133242509.2              Z           
    1133134046.9         1133134837.9         1133136802.1              Z           
    1132785187.3         1132786023.8         1132787439.0              N           
    1132757256.3         1132758184.1         1132764092.6              N           
    1132751515.8         1132752422.1         1132754112.3              N           
    1132648458.6         1132649298.8         1132650216.5              Y           
    1132521455.5         1132522285.1         1132523767.7              Z           
    1132368395.3         1132369162.1         1132369898.9              Z           
    1131452514.0         1131453241.5         1131456062.2              Y           
    1130834664.5         1130835433.4         1130839574.1              Z           
    1130384944.5         1130385586.9         1130386609.4              Y           
    1129979115.4         1129980299.7         1129986573.0              N           
    1129336631.5         1129337379.0         1129341370.0              Y           
    1129149910.9         1129150694.0         1129152781.9              Z           
    1128938865.1         1128939466.5         1128939546.0              Y           
    1128220238.6         1128220789.6         1128222112.8              Y           
    1127900655.5         1127901851.8         1127906657.3              Z           
    1127774987.6         1127775703.7         1127777269.5              Z           
    1127669171.2         1127669555.8         1127670402.8              Z           
    1127604067.8         1127604886.5         1127608938.3              Z           
    1127436160.6         1127436799.9         1127438409.7              Z           
    1127435571.5         1127436209.2         1127438409.7              Z           
    1127423102.0         1127423873.8         1127424519.5              Z           
    1127272864.6         1127273657.5         1127273995.3              Z           
    1127060334.9         1127061271.1         1127067281.0              Y           
    1126885045.0         1126885815.7         1126887277.8              Z           
    1126686701.6         1126687470.4         1126691587.3              N           
    1137122455.8         1137122920.8         1137124469.2              Y           
    1136326908.4         1136327809.6         1136328532.3              Z           
    1126498728.9         1126499498.5         1126501140.8              Z           
    1126142011.6         1126142856.5         1126143470.8              Z           
    1126100298.9         1126100937.4         1126102209.8              Z           
    1136586013.3         1136586728.4         1136588433.7              Y           
    1136325311.4         1136325673.8         1136326384.7              Z           
    1136121552.6         1136121984.1         1136122888.9              Y           
    1136091553.4         1136092385.9         1136095102.3              Y           
    1135264806.1         1135265535.4         1135268768.6              Y           
    1134391460.2         1134392259.8         1134392758.2              N           
    1134333534.1         1134334273.8         1134337370.4              Z           
    1134006754.7         1134007334.3         1134009496.6              Y           
    1134006442.4         1134007280.8         1134009496.6              Y           
    1133733179.2         1133734385.9         1133742003.2              Z           
    1133703193.1         1133703882.9         1133704080.6              Y           
    1133699968.2         1133700822.6         1133701127.7              Y           
    1133510367.0         1133511164.4         1133513033.9              Z           
    1133409805.2         1133410594.3         1133411366.3              Z           
    1133316617.7         1133317376.6         1133320303.0              Z           
    1133191765.5         1133192549.5         1133196733.4              Y           
    1133086126.0         1133086906.8         1133089249.4              Y           
    1132929941.3         1132930676.9         1132933614.6              Y           
    1132170352.4         1132171083.4         1132173075.5              Z           
    1131555228.3         1131556136.3         1131560827.2              Z           
    1131513952.5         1131514690.8         1131515731.8              Z           
    1131293524.3         1131294236.2         1131294523.9              N           
    1131212920.1         1131213651.0         1131213695.4              Y           
    1131084752.7         1131085659.1         1131088078.6              Z           
    1131079604.7         1131080341.9         1131081329.5              N           
    1130925991.8         1130926727.5         1130930008.1              Z           
    1130914727.3         1130915304.7         1130917509.6              Z           
    1130807413.5         1130807801.4         1130808816.6              N           
    1130659950.9         1130660873.0         1130664295.3              Y           
    1130644279.6         1130645164.3         1130647084.5              Y           
    1130488292.3         1130488702.9         1130488872.1              Z           
    1130391748.5         1130392581.7         1130393411.8              Z           
    1130301852.8         1130302736.5         1130306412.6              Z           
    1130122185.0         1130122627.3         1130123834.2              Y           
    1129983338.3         1129984522.0         1129988276.2              N           
    1129571279.1         1129572006.0         1129572527.5              Z           
    1129511847.3         1129512771.1         1129515717.0              Y           
    1129442706.2         1129443373.0         1129444966.3              Z           
    1129256274.1         1129257052.3         1129257750.8              Z           
    1129150967.5         1129151752.9         1129152781.9              Z           
    1128005451.4         1128006147.7         1128009516.4              Z           
    1127693117.8         1127694050.3         1127695767.2              Y           
    1126948969.4         1126949722.2         1126952469.6              Y           
    1126686892.6         1126687690.3         1126691749.5              N           
    1137257680.8         1137258474.6         1137262481.6              Y           
    1137204142.4         1137205063.6         1137207331.0              Y           
    1136325308.3         1136325673.6         1136326384.7              Z           
    1136121552.5         1136121983.9         1136122888.9              Y           
    1134944915.5         1134945646.2         1134945900.1              Y           
    1131084751.0         1131085659.2         1131088078.6              Z           
    1126543954.9         1126544722.3         1126548433.8              Z           
    1126541332.5         1126542102.0         1126545772.3              Z           
    1126527001.0         1126527778.2         1126530827.1              Z           
    1126482108.5         1126482877.8         1126482978.0              Z           
    1126481806.6         1126482581.7         1126482612.2              Z           
    1126481526.8         1126482291.8         1126482270.9              Z           
    1126452161.1         1126452957.6         1126454564.9              Z           
    1126381071.8         1126381851.6         1126382586.0              Z           
    1126165253.6         1126165559.5         1126166147.7              Z           
    1136590790.6         1136591633.1         1136593227.2              Z           
    1136233436.8         1136233993.1         1136234918.8              Z           
    1136061393.7         1136062211.5         1136065645.3              Z           
    1136006927.2         1136007772.4         1136012956.1              Y           
    1135953390.9         1135954191.9         1135958261.7              Y           
    1135759059.5         1135759847.2         1135764376.7              Z           
    1135355182.0         1135356035.9         1135357498.0              Z           
    1135348784.8         1135349574.4         1135353774.1              Z           
    1135203094.3         1135203908.0         1135204033.3              Z           
    1135162870.0         1135163658.9         1135167967.9              Y           
    1134944917.0         1134945646.3         1134945900.1              Y           
    1134824727.8         1134825510.3         1134828944.7              Z           
    1134638948.5         1134639751.0         1134641264.3              Z           
    1134631768.0         1134632549.9         1134635658.8              Z           
    1134221393.0         1134222170.3         1134223512.2              Z           
    1134162738.8         1134163114.5         1134164332.7              Y           
    1134092057.6         1134092914.8         1134094457.9              Z           
    1133748300.7         1133749155.3         1133750933.1              Z           
    1133698001.2         1133698856.5         1133700212.3              Y           
    1133694946.2         1133695801.2         1133700212.3              Y           
    1133511001.9         1133511801.7         1133513033.9              Z           
    1133492096.7         1133492830.7         1133493501.3              Y           
    1133146971.5         1133147708.7         1133150366.5              Y           
    1132753180.3         1132754011.5         1132754112.3              N           
    1131976201.7         1131977055.9         1131982060.6              N           
    1131847144.0         1131847993.4         1131848800.1              Z           
    1131531719.4         1131532373.0         1131535215.2              Z           
    1131384536.1         1131384952.2         1131385964.5              Z           
    1131315496.5         1131316330.6         1131318427.6              Z           
    1131037177.8         1131038085.0         1131040083.0              Z           
    1131032473.4         1131033038.4         1131033719.2              Z           
    1131024244.8         1131025153.1         1131029764.4              Z           
    1130972051.4         1130972894.4         1130977696.5              Y           
    1130723979.4         1130724484.3         1130725710.3              Y           
    1130517424.7         1130518278.3         1130520404.7              N           
    1130468665.3         1130469348.7         1130472918.6              N           
    1130239620.4         1130240444.0         1130240486.5              N           
    1129819689.0         1129820070.9         1129820856.9              Y           
    1129509165.4         1129510362.1         1129512452.9              Y           
    1128669822.8         1128670743.7         1128672052.0              N           
    1128659757.8         1128660315.1         1128660570.5              N           
    1128503058.0         1128503987.9         1128504760.2              Z           
    1128202070.0         1128202861.6         1128203658.3              Z           
    1127836330.3         1127837170.2         1127838768.6              Y           
    1127591618.3         1127592421.6         1127595818.3              Z           
    1127576133.8         1127576924.7         1127579677.8              Y           
    1127551627.6         1127552274.4         1127552507.6              N           
    1127257137.3         1127257870.5         1127259641.8              Z           
    1127146422.7         1127147191.0         1127147453.8              Z           
    1127145456.5         1127146208.0         1127147453.8              Z           
    1126929811.7         1126930724.9         1126934765.2              Z           
    1126619494.0         1126620265.6         1126623829.4              N           
    1137208939.4         1137209721.5         1137212039.0              Y           
    1137180127.2         1137180972.0         1137184489.0              Y           
    1137079820.5         1137080665.1         1137080632.1              Y           
    1137054640.7         1137055131.8         1137055456.2              Y           
    1137005690.7         1137006610.0         1137011116.0              Y           
    1136998697.7         1136999216.1         1137001294.5              Y           
    1136752515.8         1136753323.4         1136756184.6              Y           
    1136636859.5         1136637698.3         1136638449.7              N           
    1136627220.2         1136628423.6         1136630855.1              N           
    1136061394.7         1136062211.6         1136065645.3              Z           
    1135953390.5         1135954191.9         1135958261.7              Y           
    1126564777.4         1126565548.4         1126567505.1              Z           
    1126521103.1         1126521872.6         1126522130.5              Z           
    1126503674.7         1126504449.1         1126505610.3              Z           
    1126499905.1         1126500677.3         1126501140.8              Z           
    1126494779.0         1126495547.5         1126499684.4              Z           
    1126488125.7         1126488901.3         1126488927.3              Z           
    1126484557.5         1126485333.1         1126485311.5              Z           
    1126481561.8         1126482334.7         1126482306.3              Z           
    1126480409.3         1126481177.4         1126482188.7              Z           
    1126444156.1         1126444935.7         1126448896.4              Z           
    1126168049.4         1126168354.8         1126168422.4              Z           
    1126148163.7         1126148948.0         1126152459.4              Z           
    1126111370.8         1126112133.4         1126115641.8              Z           
    1136636865.3         1136637697.2         1136638449.7              N           
    1136199048.9         1136199874.4         1136201137.8              N           
    1136079018.5         1136079710.9         1136081466.5              Z           
    1135508931.7         1135509680.8         1135511211.9              Z           
    1135365872.5         1135366684.3         1135367223.1              Y           
    1135064647.0         1135065411.3         1135066195.9              N           
    1135023539.7         1135024328.9         1135024464.9              Y           
    1134920230.5         1134921026.8         1134922874.9              N           
    1134512066.2         1134512755.3         1134513384.2              Z           
    1134234522.1         1134235475.1         1134240271.7              Y           
    1134174050.5         1134174758.4         1134175537.5              Z           
    1134021217.0         1134021887.2         1134023751.3              Y           
    1133839265.8         1133840194.6         1133845311.0              Y           
    1133795023.4         1133795784.2         1133797478.6              N           
    1133188290.1         1133189075.8         1133189153.8              Y           
    1133007278.8         1133008125.3         1133011263.0              Z           
    1132985640.4         1132986422.4         1132987734.2              Z           
    1132620791.5         1132621405.8         1132623966.7              Z           
    1132581108.3         1132581796.6         1132583169.6              Z           
    1132532259.8         1132533050.4         1132535296.5              Z           
    1132261380.1         1132262151.5         1132264338.4              Z           
    1132259928.5         1132260506.4         1132261112.4              Z           
    1132097158.4         1132097930.1         1132097930.8              Z           
    1132066257.3         1132067103.8         1132069142.6              N           
    1132032855.2         1132033564.3         1132035024.0              Z           
    1131992151.2         1131992918.2         1131995627.9              Z           
    1131940068.8         1131940863.4         1131943209.0              Z           
    1131908052.8         1131908837.3         1131909575.4              Z           
    1131900444.9         1131901378.7         1131902949.6              Z           
    1131856747.9         1131857478.7         1131860497.5              Z           
    1131784437.8         1131785207.3         1131786351.2              Y           
    1131679919.2         1131680390.7         1131680588.6              Z           
    1131568486.3         1131569220.4         1131570459.2              Z           
    1131454495.4         1131455223.8         1131456062.2              Y           
    1131278948.1         1131279453.9         1131279854.7              Z           
    1131246486.0         1131247252.4         1131247497.8              Z           
    1131243836.3         1131244602.8         1131245985.4              Z           
    1131242482.9         1131243249.4         1131245985.4              Z           
    1131112673.4         1131113475.6         1131113534.5              N           
    1131061680.7         1131062621.6         1131062786.1              N           
    1131028462.4         1131029371.1         1131029764.4              Z           
    1131018896.3         1131019804.3         1131022519.5              Z           
    1130660114.8         1130660999.4         1130664295.3              Y           
    1130652889.8         1130653825.2         1130657952.1              Z           
    1130651008.5         1130651801.4         1130652314.3              Z           
    1130548261.0         1130549005.7         1130550562.7              Z           
    1130487879.5         1130488290.4         1130488657.7              Z           
    1130470520.5         1130470999.3         1130472918.6              N           
    1130236037.8         1130236884.0         1130239834.6              N           
    1130210338.9         1130211255.2         1130214579.7              Y           
    1129900335.8         1129901024.1         1129901312.2              Y           
    1129889363.0         1129890296.3         1129890292.1              Y           
    1129590476.0         1129590592.3         1129590785.1              Z           
    1129227462.2         1129228186.5         1129229304.7              Z           
    1129220634.8         1129221358.8         1129222912.6              Z           
    1128826044.8         1128826876.0         1128828610.7              N           
    1128679473.0         1128680263.6         1128681624.5              Z           
    1128497484.6         1128498241.1         1128499365.7              N           
    1128447307.7         1128448108.1         1128451328.0              Z           
    1128443322.4         1128444171.6         1128448768.3              Z           
    1128436772.0         1128437554.3         1128441758.4              Z           
    1128297970.0         1128298351.7         1128299241.6              Z           
    1128296620.2         1128297004.3         1128297649.2              Z           
    1128158500.7         1128158977.5         1128159318.5              Z           
    1127906478.7         1127907244.2         1127908708.1              Z           
    1127703009.9         1127703942.6         1127709887.6              Y           
    1127437342.4         1127437981.4         1127438409.7              Z           
    1126902399.5         1126903138.5         1126904438.9              Z           
    1126774969.5         1126775738.7         1126779407.8              Z           
    1126764438.2         1126765212.7         1126768147.5              Y           
    1126676179.4         1126676970.5         1126677833.9              Z           
    1126658931.4         1126659767.8         1126659960.5              N           
    1137159855.0         1137160643.3         1137163308.3              Y           
    1137093933.8         1137095137.1         1137099070.4              Y           
    1137019103.5         1137019892.5         1137021695.6              Y           
    1136854625.0         1136855572.9         1136860049.6              Y           
    1136785196.7         1136785907.6         1136786856.7              Y           
    1136777915.1         1136778788.4         1136779080.7              Y           
    1136755111.5         1136755886.0         1136759082.3              Y           
    1136744960.9         1136745710.5         1136748646.9              Y           
    1136699267.8         1136700205.5         1136703323.0              Y           
    1136199048.4         1136199874.3         1136201137.8              N           
    1136170372.7         1136170789.3         1136171160.1              N           
    1135348788.6         1135349574.3         1135353774.1              Z           
    1135143625.0         1135144379.5         1135147353.8              Z           
    1131900444.4         1131901378.7         1131902949.6              Z           
    1131112673.9         1131113475.5         1131113534.5              N           
    1127316923.0         1127317759.4         1127318020.0              N           
    1127234249.0         1127235097.2         1127236383.7              Y           
    1126569317.7         1126570093.1         1126573653.9              N           
    1126507011.3         1126507736.8         1126509000.1              Z           
    1126499548.4         1126500321.5         1126501140.8              Z           
    1126497921.0         1126498694.7         1126501140.8              Z           
    1126489178.6         1126489950.4         1126489952.5              Z           
    1126488148.9         1126488915.2         1126488927.3              Z           
    1126485811.1         1126486584.3         1126487154.3              Z           
    1126483594.4         1126484365.3         1126485311.5              Z           
    1126482181.8         1126482954.5         1126482978.0              Z           
    1126481638.2         1126482409.9         1126482612.2              Z           
    1126481509.8         1126482281.2         1126482270.9              Z           
    1126466490.3         1126467285.9         1126468759.5              Z           
    1126376780.5         1126377509.8         1126379013.7              Z           
    1136498874.7         1136499636.1         1136501723.4              Y           
    1136481065.8         1136481762.3         1136484767.0              Z           
    1136468031.3         1136468804.7         1136471481.3              Y           
    1136279246.5         1136280030.7         1136280997.7              N           
    1136254656.4         1136255352.5         1136255926.6              Z           
    1136216460.1         1136217268.9         1136220297.5              Y           
    1136170370.0         1136170788.6         1136171160.1              N           
    1136061100.0         1136061912.9         1136065645.3              Z           
    1135994319.9         1135994746.9         1135995662.6              Z           
    1135724710.3         1135725402.5         1135726558.5              Z           
    1135635754.3         1135636161.8         1135636738.7              N           
    1135481152.3         1135481600.2         1135483156.1              N           
    1135479533.5         1135480269.9         1135481548.1              N           
    1135187905.2         1135188680.3         1135189144.9              Y           
    1134922688.6         1134923295.5         1134926051.3              N           
    1134900546.8         1134901331.1         1134901404.5              N           
    1134888219.0         1134888776.9         1134889406.7              Y           
    1134736649.3         1134737364.7         1134739895.1              N           
    1134684291.9         1134685073.1         1134685448.3              Y           
    1134534469.8         1134535030.4         1134536029.8              Z           
    1134236947.2         1134237899.2         1134240271.7              Y           
    1134168994.2         1134169779.5         1134174032.8              N           
    1133968155.0         1133968939.6         1133969906.0              Z           
    1133906753.8         1133907955.9         1133910630.7              Z           
    1133808948.9         1133809781.7         1133812932.1              Y           
    1133723875.3         1133724675.7         1133727720.2              Z           
    1133714161.7         1133715016.7         1133715894.6              Z           
    1133712387.4         1133713241.9         1133715894.6              Z           
    1133698656.5         1133699510.9         1133700212.3              Y           
    1133634936.4         1133635782.9         1133640158.1              Z           
    1133464614.0         1133465589.6         1133470864.1              Y           
    1133391600.9         1133392366.9         1133392893.0              Z           
    1133295755.1         1133296759.2         1133297688.0              Z           
    1133193332.1         1133194065.4         1133197585.7              Y           
    1133137452.7         1133138189.6         1133141232.0              Z           
    1133012412.1         1133013108.9         1133013280.7              Z           
    1133006930.5         1133007697.3         1133011263.0              Z           
    1132989991.1         1132990762.7         1132992864.4              Z           
    1132789674.1         1132790174.7         1132791500.0              N           
    1132674419.8         1132675334.3         1132677747.6              N           
    1132659651.3         1132660467.7         1132661069.4              N           
    1132485799.0         1132486623.3         1132489948.7              N           
    1132462027.8         1132462711.0         1132464831.8              Z           
    1132391673.0         1132392444.2         1132394340.9              N           
    1132312750.6         1132313942.5         1132319921.3              Z           
    1132241664.9         1132242626.9         1132246705.4              Y           
    1132215092.8         1132215503.7         1132215876.4              Y           
    1131941769.6         1131942603.8         1131943209.0              Z           
    1131884155.0         1131884923.4         1131888001.3              Z           
    1131878233.7         1131879152.2         1131882248.0              Z           
    1131799880.6         1131800728.2         1131805328.1              Y           
    1131725605.7         1131726369.9         1131730227.2              Z           
    1131707085.6         1131708283.1         1131711122.7              N           
    1131599532.1         1131600295.7         1131601480.2              N           
    1131432906.1         1131433548.2         1131436404.8              Y           
    1131301151.7         1131301704.8         1131302570.6              Z           
    1131148471.4         1131148875.9         1131150355.0              N           
    1131123803.9         1131124524.9         1131124671.7              Z           
    1130965088.8         1130966019.5         1130970477.6              Z           
    1130939101.7         1130939768.8         1130940089.7              Z           
    1130898640.3         1130899465.5         1130904228.8              N           
    1130876059.6         1130876474.7         1130877817.1              Y           
    1130838247.9         1130838990.4         1130842686.2              Z           
    1130825526.9         1130826326.5         1130829372.6              Z           
    1130781791.0         1130782442.6         1130782696.4              Y           
    1130775870.9         1130776754.0         1130781843.5              Y           
    1130680087.3         1130680701.9         1130681601.1              Z           
    1130656009.0         1130656802.8         1130657952.1              Y           
    1130506853.2         1130507678.0         1130512041.5              Y           
    1130488085.3         1130488495.7         1130488657.7              Z           
    1130224718.9         1130225635.8         1130228273.4              N           
    1130223554.3         1130224358.7         1130228273.4              N           
    1129986922.0         1129987773.6         1129992781.8              N           
    1129905555.3         1129906264.5         1129908072.9              Y           
    1129858909.3         1129859634.0         1129862812.4              Z           
    1129757102.3         1129757873.3         1129760405.9              Z           
    1129535446.9         1129536643.7         1129539227.6              N           
    1129370791.0         1129371558.9         1129374581.8              N           
    1129300276.0         1129301222.1         1129307212.4              Z           
    1129208437.0         1129209275.3         1129214232.9              Z           
    1129117162.2         1129118111.7         1129118227.3              Z           
    1128844056.0         1128844617.2         1128846882.1              Z           
    1128837000.1         1128837562.1         1128838942.0              Z           
    1128655909.3         1128656681.4         1128660570.5              N           
    1128605539.9         1128606119.0         1128606708.5              Z           
    1128393230.9         1128394189.8         1128397638.7              Y           
    1128225050.4         1128225840.9         1128229401.9              Y           
    1128042592.4         1128043403.6         1128046321.6              Y           
    1127988733.0         1127989501.9         1127990897.7              Z           
    1127895846.2         1127896528.9         1127897458.2              Z           
    1127880866.7         1127881671.1         1127881933.4              Y           
    1127614300.1         1127615089.1         1127618809.4              Z           
    1127584231.5         1127585066.8         1127589156.2              Z           
    1127574150.9         1127574536.9         1127575404.1              Y           
    1127436282.3         1127436922.1         1127438409.7              Z           
    1127426443.6         1127427081.5         1127428401.4              Z           
    1127423997.0         1127424634.7         1127426062.1              Z           
    1127296204.4         1127296839.8         1127298570.6              Z           
    1127291309.0         1127292305.2         1127296066.2              N           
    1127271817.5         1127272586.9         1127272508.9              Z           
    1127206084.0         1127206943.9         1127207766.4              Z           
    1127069288.3         1127070102.6         1127071657.5              N           
    1127043177.2         1127043952.5         1127046898.1              Z           
    1126911975.0         1126912771.6         1126914447.3              Y           
    1126896405.0         1126897230.0         1126897472.8              Z           
    1126870584.7         1126871538.0         1126876387.9              N           
    1126804725.6         1126805493.4         1126808825.7              Z           
    1126753339.0         1126754107.0         1126758275.8              Y           
    1126672445.2         1126673213.7         1126675827.3              Z           
    1126657701.3         1126658494.2         1126659960.5              N           
    1126585459.1         1126586233.8         1126588856.3              N           
    1137276264.3         1137277091.2         1137277607.9              Y           
    1137085555.4         1137086307.5         1137088182.4              Y           
    1137079736.0         1137080464.9         1137080632.1              Y           
    1136954173.9         1136955067.6         1136959120.1              Y           
    1136756274.0         1136757072.1         1136759082.3              Y           
    1136706777.8         1136707582.1         1136710758.0              Y           
    1136656950.9         1136657902.9         1136661156.6              Y           
    1136498873.8         1136499635.2         1136501723.4              Y           
    1136482866.5         1136483650.6         1136484767.0              Y           
    1136468032.8         1136468804.6         1136471481.3              Y           
    1136299545.8         1136300250.8         1136303476.0              N           
    1136294961.0         1136295884.4         1136299594.3              N           
    1136279246.5         1136280030.0         1136280997.7              N           
    1136061097.9         1136061913.4         1136065645.3              Z           
    1135994316.6         1135994746.2         1135995662.6              Z           
    1135724709.3         1135725402.6         1135726558.5              Z           
    1135635809.0         1135636812.3         1135637902.7              N           
    1135508933.0         1135509680.6         1135511211.9              Z           
    1135481151.0         1135481599.8         1135481548.1              N           
    1135392863.0         1135393428.3         1135395690.6              Z           
    1129665313.0         1129666314.1         1129668923.9              Z           
    1127060385.0         1127061582.6         1127068839.8              Y           
    1126556692.5         1126557469.5         1126559639.3              Z           
    1126498123.6         1126498893.0         1126501140.8              Z           
    1126491682.5         1126492457.4         1126493372.0              Z           
    1126489602.7         1126490378.8         1126490894.6              Z           
    1126486229.9         1126487004.7         1126487154.3              Z           
    1126485791.6         1126486562.8         1126487154.3              Z           
    1126485274.2         1126486048.5         1126486123.6              Z           
    1126483295.9         1126484071.3         1126484199.5              Z           
    1126483231.5         1126484007.0         1126484199.5              Z           
    1126482518.0         1126483292.7         1126483680.5              Z           
    1126447885.6         1126448681.6         1126448896.4              Z           
    1126387297.9         1126388025.9         1126388614.1              Z           
    1126380902.8         1126381617.9         1126382586.0              Z           
    1126279190.4         1126279945.5         1126281101.3              Z           
    1126277620.4         1126278424.8         1126281101.3              Z           
    1126136375.6         1126137242.3         1126138160.1              Z           
    1126086584.0         1126087436.1         1126091405.0              Z           
    1126080846.1         1126081629.0         1126082492.5              Z           
