    1129885799.6         1129886582.9         6.92377e-05          3.68550e-05               1           
    1133509823.6         1133510622.0         0.000115485          3.05347e-05               1           
    1133509824.5         1133510622.0         0.000115485          3.05347e-05               1           
    1133509823.0         1133510622.2         0.000115485          3.05347e-05               1           
    1133691727.4         1133692581.2         1.25109e-05          4.33885e-06               1           
    1133691725.5         1133692581.1         1.25109e-05          4.33885e-06               1           
    1131483108.0         1131483843.0         4.06706e-05          1.56117e-05               1           
    1136777150.6         1136777788.7         7.48862e-06          3.62367e-06               1           
    1136777150.0         1136777788.1         7.48862e-06          3.62367e-06               1           
    1131779424.3         1131780193.4         8.22441e-06          3.19553e-06               1           
    1130643872.2         1130644755.6         2.23473e-06          1.52809e-06               1           
    1136565504.1         1136566341.0         7.74593e-06          7.42918e-06               1           
    1136565502.9         1136566341.0         7.74593e-06          7.42918e-06               1           
    1136565502.0         1136566340.1         7.74593e-06          7.42918e-06               1           
    1136567301.0         1136567913.6         7.74623e-06          7.42918e-06               1           
    1135021460.1         1135022294.3          6.8066e-06          7.29711e-06               1           
    1132131989.1         1132132847.6         7.32293e-07          9.82727e-07               1           
    1128560324.2         1128561157.0         2.41912e-06          1.66641e-06               1           
    1133701098.8         1133701859.6         6.46046e-06          2.96548e-06               1           
    1132131990.5         1132132847.1         7.32293e-07          9.82727e-07               1           
    1136777145.3         1136777831.9         7.48862e-06          3.62367e-06               1           
    1132406512.8         1132407181.9          1.8437e-06          1.63622e-06               0           
    1129608275.1         1129609478.0         1.18223e-06          1.29033e-06               0           
    1127338852.4         1127339700.4         6.42927e-07          6.45673e-07               1           
    1134526270.3         1134527054.2         2.06151e-06          1.66187e-06               1           
    1136627128.6         1136628331.9         1.64701e-06          1.72648e-06               0           
    1129885789.0         1129886575.2         6.92377e-05          3.68550e-05               1           
    1127888832.8         1127889599.3         1.18588e-06          1.30774e-06               1           
    1136699779.2         1136700474.5          2.1433e-06          1.91745e-06               1           
    1136627128.4         1136628331.8         1.64701e-06          1.72648e-06               0           
    1135033875.2         1135034730.5         1.71306e-06          1.90260e-06               1           
    1134924926.9         1134925934.4         4.00453e-06          3.02740e-06               0           
    1134588322.5         1134589089.6          1.7947e-06          1.88599e-06               1           
    1133024922.1         1133025650.6         4.26705e-06          1.66460e-06               1           
    1131669590.5         1131670064.9          2.0408e-06          1.66398e-06               1           
    1131320196.2         1131321051.0         1.18892e-06          1.45649e-06               1           
    1130100417.3         1130101167.8         2.65207e-06          1.20738e-06               1           
    1129820354.7         1129821144.3         1.21809e-06          1.26358e-06               1           
    1127887439.1         1127888233.6         1.18588e-06          1.23640e-06               1           
    1137176675.4         1137177451.7         2.33704e-06          2.21263e-06               1           
    1136804675.0         1136805408.6         1.78308e-06          1.54268e-06               1           
    1134924926.5         1134925933.8         4.00453e-06          3.02740e-06               0           
    1134588322.6         1134589089.6          1.7947e-06          1.88599e-06               1           
    1136664316.7         1136665098.6         2.85976e-06          1.45551e-06               1           
    1135743756.7         1135744371.5         1.00825e-06          1.14347e-06               0           
    1133784331.7         1133785294.3         2.51065e-06          2.69013e-06               0           
    1132513078.6         1132513923.5         1.97568e-06          1.14424e-06               0           
    1131010514.3         1131011428.8         2.32874e-06          2.15088e-06               0           
    1131005634.4         1131006335.6         2.15157e-06          2.01588e-06               0           
    1129368565.8         1129369247.0          5.8204e-07          7.71664e-07               0           
    1127137755.5         1127137873.7         3.46643e-05          2.23205e-05               1           
    1126688846.5         1126689617.6         5.91672e-07          4.38456e-07               1           
    1136664316.0         1136665097.9         2.85976e-06          1.45551e-06               1           
    1136463139.4         1136463994.9         1.61884e-06          1.58305e-06               1           
    1133614584.4         1133615354.4         1.56534e-06          1.37806e-06               0           
    1133456986.3         1133457677.5         2.82827e-06          2.77446e-06               0           
    1132724697.1         1132725466.8         6.90624e-07          7.74439e-07               1           
    1132714284.8         1132714900.9         6.33863e-07          6.57359e-07               1           
    1132660004.2         1132660472.0         7.24724e-07          8.85737e-07               0           
    1132346498.5         1132346900.7         5.88907e-06          5.69700e-06               1           
    1131816593.3         1131817383.1         1.09695e-05          2.65293e-06               1           
    1131429874.2         1131430655.9          4.5384e-06          2.60705e-06               1           
    1131258410.7         1131258992.4         1.42601e-06          7.11829e-07               1           
    1129139556.9         1129140359.2         4.20848e-07          4.93671e-07               1           
    1128672318.6         1128673159.4          2.0738e-06          2.14038e-06               0           
    1128654936.2         1128655708.1         1.48043e-06          1.71162e-06               0           
    1137204824.2         1137205608.6          1.7254e-06          1.69198e-06               1           
    1137021766.0         1137022630.5          2.6153e-06          2.33092e-06               1           
    1136812506.2         1136813322.8         1.28334e-06          1.54772e-06               1           
    1136804675.8         1136805409.3         1.78308e-06          1.54268e-06               1           
    1134572633.0         1134573566.2          1.7465e-06          1.86504e-06               1           
    1133998391.9         1133999177.6         2.44116e-06          2.38901e-06               0           
    1133741389.8         1133742179.5         8.76732e-06          2.45281e-06               1           
    1132949962.3         1132950972.4         1.04952e-06          1.18725e-06               1           
    1131091986.6         1131092891.9         1.96085e-06          1.79247e-06               1           
    1130776375.8         1130777166.4         7.47363e-07          6.62028e-07               1           
    1129743096.4         1129743857.3         6.64645e-07          8.41755e-07               0           
    1127965806.5         1127966576.8         7.17402e-07          8.94669e-07               0           
    1127357790.7         1127358645.5          5.4107e-07          5.18266e-07               1           
    1136808946.5         1136809864.2         1.26069e-06          1.36278e-06               1           
    1131091983.0         1131092892.1         1.96085e-06          1.79247e-06               1           
    1136383974.1         1136384716.0         1.20222e-06          1.49334e-06               0           
    1135632595.9         1135633387.0         1.26493e-06          1.09311e-06               0           
    1135140212.2         1135141413.3          1.0894e-06          1.16133e-06               0           
    1134024146.1         1134025002.7         3.83367e-06          3.26714e-06               1           
    1133705658.4         1133706515.4         9.39585e-06          2.70499e-06               1           
    1133488045.5         1133488834.1         3.33145e-06          3.22661e-06               1           
    1133466712.5         1133467480.8         7.68907e-06          2.84433e-06               1           
    1132785187.3         1132786023.8         8.75393e-07          8.42862e-07               0           
    1132757256.3         1132758184.1         7.23472e-07          7.64146e-07               0           
    1132751515.8         1132752422.1         8.28034e-07          7.68758e-07               0           
    1132648458.6         1132649298.8         9.43934e-07          9.71896e-07               1           
    1131452514.0         1131453241.5         7.61628e-06          3.07190e-06               1           
    1130384944.5         1130385586.9         1.86256e-06          1.91642e-06               1           
    1129979115.4         1129980299.7         1.03312e-06          1.20782e-06               0           
    1129336631.5         1129337379.0         6.61258e-07          8.13905e-07               1           
    1128938865.1         1128939466.5         8.07827e-07          1.15263e-06               1           
    1128220238.6         1128220789.6         6.33563e-07          5.63011e-07               1           
    1127060334.9         1127061271.1         5.45925e-07          6.63131e-07               1           
    1126686701.6         1126687470.4         4.46454e-07          4.39032e-07               0           
    1137122455.8         1137122920.8         2.99054e-06          2.82190e-06               1           
    1132648454.8         1132649299.0         9.43934e-07          9.71896e-07               1           
    1136586013.3         1136586728.4         2.13638e-06          2.02820e-06               1           
    1136121552.6         1136121984.1         2.89777e-06          1.76303e-06               1           
    1136091553.4         1136092385.9          2.0099e-06          1.73982e-06               1           
    1135264806.1         1135265535.4         1.18945e-06          1.37122e-06               1           
    1134391460.2         1134392259.8         1.22444e-06          1.21523e-06               0           
    1134006754.7         1134007334.3          2.7334e-06          2.52036e-06               1           
    1134006442.4         1134007280.8         4.15363e-06          3.18647e-06               1           
    1133703193.1         1133703882.9         8.55206e-06          2.47149e-06               1           
    1133699968.2         1133700822.6         6.46046e-06          2.96551e-06               1           
    1133191765.5         1133192549.5         2.28497e-06          2.29003e-06               1           
    1133086126.0         1133086906.8         1.12752e-06          1.22325e-06               1           
    1132929941.3         1132930676.9         1.22469e-06          1.29680e-06               1           
    1131293524.3         1131294236.2         1.62239e-06          1.07591e-06               0           
    1131212920.1         1131213651.0         0.000487727          3.29046e-04               1           
    1131079604.7         1131080341.9         1.57686e-06          1.88598e-06               0           
    1130807413.5         1130807801.4         7.06355e-07          7.17401e-07               0           
    1130659950.9         1130660873.0         6.99417e-07          7.77219e-07               1           
    1130644279.6         1130645164.3         2.23473e-06          1.52809e-06               1           
    1130122185.0         1130122627.3         1.06328e-06          1.05452e-06               1           
    1129983338.3         1129984522.0          1.0075e-06          1.08789e-06               0           
    1129511847.3         1129512771.1         8.88245e-07          1.00877e-06               1           
    1127693117.8         1127694050.3         6.91931e-07          6.85055e-07               1           
    1126948969.4         1126949722.2         5.49189e-07          6.66071e-07               1           
    1126686892.6         1126687690.3         5.91672e-07          4.39032e-07               0           
    1137257680.8         1137258474.6         2.69999e-06          1.64203e-06               1           
    1137204142.4         1137205063.6          1.7254e-06          1.69198e-06               1           
    1136121552.5         1136121983.9         2.89777e-06          1.76303e-06               1           
    1134944915.5         1134945646.2         3.48839e-06          2.85908e-06               1           
    1133741389.4         1133742180.4         8.76732e-06          2.45281e-06               1           
    1130747000.5         1130747686.4         4.75929e-07          5.56026e-07               0           
    1136006927.2         1136007772.4         1.09361e-06          1.12055e-06               1           
    1135953390.9         1135954191.9          1.0976e-06          1.16316e-06               1           
    1135162870.0         1135163658.9         9.50783e-07          1.10702e-06               1           
    1134944917.0         1134945646.3         3.48839e-06          2.85908e-06               1           
    1134162738.8         1134163114.5         1.31974e-06          1.29314e-06               1           
    1133698001.2         1133698856.5         8.64814e-06          2.96551e-06               1           
    1133694946.2         1133695801.2         9.99672e-06          2.77204e-06               1           
    1133492096.7         1133492830.7         3.30008e-06          2.89971e-06               1           
    1133146971.5         1133147708.7         1.07563e-06          1.37381e-06               1           
    1132753180.3         1132754011.5         8.29045e-07          7.68758e-07               0           
    1131976201.7         1131977055.9         8.37837e-07          1.10384e-06               0           
    1130972051.4         1130972894.4         1.80096e-06          1.47991e-06               1           
    1130723979.4         1130724484.3         5.92352e-07          5.93046e-07               1           
    1130517424.7         1130518278.3         1.37934e-06          1.25477e-06               0           
    1130468665.3         1130469348.7         2.12485e-06          2.13772e-06               0           
    1130239620.4         1130240444.0         1.13796e-06          1.06218e-06               0           
    1129819689.0         1129820070.9         1.19195e-06          1.11014e-06               1           
    1129509165.4         1129510362.1         8.88245e-07          1.00877e-06               1           
    1128669822.8         1128670743.7          2.0738e-06          2.14038e-06               0           
    1128659757.8         1128660315.1         1.55214e-06          1.54782e-06               0           
    1127836330.3         1127837170.2         1.13657e-06          1.19579e-06               1           
    1127576133.8         1127576924.7          1.9571e-06          6.87524e-07               1           
    1127551627.6         1127552274.4         3.46562e-07          5.14992e-07               0           
    1126619494.0         1126620265.6         2.85493e-07          3.94577e-07               0           
    1137208939.4         1137209721.5         1.61661e-06          1.72584e-06               1           
    1137180127.2         1137180972.0         2.64222e-06          2.21966e-06               1           
    1137079820.5         1137080665.1         2.51548e-06          2.50500e-06               1           
    1137054640.7         1137055131.8          2.5094e-06          2.50800e-06               1           
    1137005690.7         1137006610.0         2.63137e-06          2.29068e-06               1           
    1136998697.7         1136999216.1         1.75645e-06          2.23653e-06               1           
    1136752515.8         1136753323.4         1.61885e-06          2.09567e-06               1           
    1136636859.5         1136637698.3         1.35014e-06          1.40496e-06               0           
    1136627220.2         1136628423.6         1.64701e-06          1.72648e-06               0           
    1135953390.5         1135954191.9          1.0976e-06          1.16316e-06               1           
    1136744969.0         1136745717.5         1.93678e-06          1.85265e-06               1           
    1126650938.1         1126651706.4         4.27795e-07          4.02676e-07               1           
    1136636865.3         1136637697.2         1.35014e-06          1.40496e-06               0           
    1136199048.9         1136199874.4          1.8173e-06          1.69461e-06               0           
    1135365872.5         1135366684.3         1.28996e-06          1.43248e-06               1           
    1135064647.0         1135065411.3         2.00239e-06          1.89236e-06               0           
    1135023539.7         1135024328.9         6.80979e-06          7.29700e-06               1           
    1134920230.5         1134921026.8          3.5354e-06          2.94876e-06               0           
    1134234522.1         1134235475.1         9.79829e-06          1.77549e-06               1           
    1134021217.0         1134021887.2         4.75786e-06          3.41899e-06               1           
    1133839265.8         1133840194.6         4.31867e-06          4.25400e-06               1           
    1133795023.4         1133795784.2         2.61466e-06          3.24754e-06               0           
    1133188290.1         1133189075.8         2.19714e-06          2.43101e-06               1           
    1132066257.3         1132067103.8          8.4844e-07          8.83180e-07               0           
    1131784437.8         1131785207.3         3.77583e-06          1.98306e-06               1           
    1131454495.4         1131455223.8         7.61627e-06          2.85105e-06               1           
    1131112673.4         1131113475.6         1.57837e-06          1.68367e-06               0           
    1131061680.7         1131062621.6         2.00415e-06          2.02134e-06               0           
    1130660114.8         1130660999.4         6.99416e-07          7.77219e-07               1           
    1130470520.5         1130470999.3         2.00387e-06          1.90944e-06               0           
    1130236037.8         1130236884.0         1.12552e-06          1.02442e-06               0           
    1130210338.9         1130211255.2         8.60542e-07          9.86127e-07               1           
    1129900335.8         1129901024.1         1.74508e-06          1.99366e-06               1           
    1129889363.0         1129890296.3         1.12563e-05          3.23059e-06               1           
    1128826044.8         1128826876.0         7.10779e-07          7.90433e-07               0           
    1128497484.6         1128498241.1         1.30167e-06          1.41562e-06               0           
    1127703009.9         1127703942.6         5.49704e-07          6.82311e-07               1           
    1126764438.2         1126765212.7         3.17664e-07          4.16123e-07               1           
    1126658931.4         1126659767.8         3.63373e-07          3.97582e-07               0           
    1137159855.0         1137160643.3         1.97284e-06          2.18251e-06               1           
    1137093933.8         1137095137.1         3.61676e-06          2.72431e-06               1           
    1137019103.5         1137019892.5         3.32893e-06          2.50679e-06               1           
    1136854625.0         1136855572.9         1.95648e-06          1.44490e-06               1           
    1136785196.7         1136785907.6         1.54076e-06          1.44217e-06               1           
    1136777915.1         1136778788.4         6.74938e-06          1.96185e-06               1           
    1136755111.5         1136755886.0         1.61886e-06          2.09567e-06               1           
    1136744960.9         1136745710.5         1.93678e-06          1.85265e-06               1           
    1136699267.8         1136700205.5         2.13281e-06          1.91745e-06               1           
    1136199048.4         1136199874.3          1.8173e-06          1.69461e-06               0           
    1136170372.7         1136170789.3         1.65102e-06          1.49766e-06               0           
    1131112673.9         1131113475.5         1.57837e-06          1.68367e-06               0           
    1127316923.0         1127317759.4         8.61182e-07          6.09045e-07               0           
    1127234249.0         1127235097.2         6.35118e-07          8.31271e-07               1           
    1126569317.7         1126570093.1          4.2643e-07          6.10327e-07               0           
    1137053871.7         1137054362.2         2.50939e-06          2.50800e-06               1           
    1136972570.4         1136973364.6         1.59318e-06          1.81140e-06               1           
    1135187994.1         1135188769.6         9.97595e-07          1.18300e-06               1           
    1131268082.2         1131268849.0         1.26034e-05          4.98214e-06               0           
    1127838184.0         1127838952.2         9.63708e-07          1.22295e-06               1           
    1136498874.7         1136499636.1         1.16485e-06          1.22410e-06               1           
    1136468031.3         1136468804.7         1.48651e-06          1.46052e-06               1           
    1136279246.5         1136280030.7         1.66693e-06          1.49966e-06               0           
    1136216460.1         1136217268.9         2.05941e-06          1.87393e-06               1           
    1136170370.0         1136170788.6         1.65102e-06          1.49766e-06               0           
    1135635754.3         1135636161.8         1.05973e-06          9.54261e-07               0           
    1135481152.3         1135481600.2         9.12645e-07          9.61331e-07               0           
    1135479533.5         1135480269.9         9.30009e-07          9.61331e-07               0           
    1135187905.2         1135188680.3         9.97595e-07          1.18300e-06               1           
    1134922688.6         1134923295.5         3.64334e-06          2.89205e-06               0           
    1134900546.8         1134901331.1         3.04013e-06          2.49027e-06               0           
    1134888219.0         1134888776.9         2.05828e-06          2.07754e-06               1           
    1134736649.3         1134737364.7         1.74701e-06          2.09815e-06               0           
    1134684291.9         1134685073.1         2.32312e-06          2.61250e-06               1           
    1134236947.2         1134237899.2         1.06815e-05          3.69786e-06               1           
    1134168994.2         1134169779.5         1.26096e-06          1.36130e-06               0           
    1133808948.9         1133809781.7         6.63997e-06          3.34348e-06               1           
    1133698656.5         1133699510.9         8.38387e-06          2.96551e-06               1           
    1133464614.0         1133465589.6         7.68906e-06          2.84433e-06               1           
    1133193332.1         1133194065.4         2.43628e-06          2.29003e-06               1           
    1132789674.1         1132790174.7         8.16968e-07          7.93912e-07               0           
    1132674419.8         1132675334.3         6.81923e-07          8.48797e-07               0           
    1132659651.3         1132660467.7         7.24724e-07          8.85737e-07               0           
    1132485799.0         1132486623.3         1.73815e-06          1.48662e-06               0           
    1132391673.0         1132392444.2         1.02944e-06          1.24005e-06               0           
    1132241664.9         1132242626.9          8.293e-07           8.72236e-07               1           
    1132215092.8         1132215503.7         8.50138e-07          8.02077e-07               1           
    1131799880.6         1131800728.2         6.44265e-06          2.45075e-06               1           
    1131707085.6         1131708283.1         1.37097e-06          1.70928e-06               0           
    1131599532.1         1131600295.7         2.04671e-06          3.02822e-06               0           
    1131432906.1         1131433548.2         6.27113e-06          2.88850e-06               1           
    1131148471.4         1131148875.9         9.29156e-07          1.16467e-06               0           
    1130898640.3         1130899465.5         6.55815e-07          7.26814e-07               0           
    1130876059.6         1130876474.7         5.52135e-07          6.38225e-07               1           
    1130781791.0         1130782442.6         9.50071e-07          7.26667e-07               1           
    1130775870.9         1130776754.0         7.82199e-07          6.80753e-07               1           
    1130656009.0         1130656802.8         6.83658e-07          7.79374e-07               1           
    1130506853.2         1130507678.0         1.40486e-06          1.48751e-06               1           
    1130224718.9         1130225635.8         1.03978e-06          1.02127e-06               0           
    1130223554.3         1130224358.7         1.03978e-06          8.75026e-07               0           
    1129986922.0         1129987773.6         2.87092e-06          1.08641e-06               0           
    1129905555.3         1129906264.5         1.64798e-06          1.83140e-06               1           
    1129535446.9         1129536643.7         1.07158e-06          1.03193e-06               0           
    1129370791.0         1129371558.9         6.34201e-07          8.72668e-07               0           
    1128655909.3         1128656681.4         1.55214e-06          1.54782e-06               0           
    1128393230.9         1128394189.8          5.1974e-07          5.44239e-07               1           
    1128225050.4         1128225840.9         4.65586e-07          6.21679e-07               1           
    1128042592.4         1128043403.6         7.21235e-07          8.80824e-07               1           
    1127880866.7         1127881671.1         1.23103e-06          1.29533e-06               1           
    1127574150.9         1127574536.9         1.28557e-06          7.49814e-07               1           
    1127291309.0         1127292305.2         6.23175e-07          8.78780e-07               0           
    1127069288.3         1127070102.6         6.89702e-07          7.67627e-07               0           
    1126911975.0         1126912771.6         4.81326e-07          6.73206e-07               1           
    1126870584.7         1126871538.0         3.73391e-07          5.49754e-07               0           
    1126753339.0         1126754107.0         3.12662e-07          3.83654e-07               1           
    1126657701.3         1126658494.2         3.63362e-07          3.97591e-07               0           
    1126585459.1         1126586233.8         3.38484e-07          5.26565e-07               0           
    1137276264.3         1137277091.2         7.21013e-06          2.10042e-06               1           
    1137085555.4         1137086307.5         3.26446e-06          2.63295e-06               1           
    1137079736.0         1137080464.9         2.51548e-06          2.50500e-06               1           
    1136954173.9         1136955067.6         1.18621e-06          1.31526e-06               1           
    1136756274.0         1136757072.1         1.56879e-06          1.70915e-06               1           
    1136706777.8         1136707582.1         1.91964e-06          2.00672e-06               1           
    1136656950.9         1136657902.9         4.32465e-06          5.08461e-06               1           
    1136498873.8         1136499635.2         1.16485e-06          1.22410e-06               1           
    1136482866.5         1136483650.6         1.34297e-06          1.25373e-06               1           
    1136468032.8         1136468804.6         1.48651e-06          1.46052e-06               1           
    1136299545.8         1136300250.8         1.30703e-06          1.21789e-06               0           
    1136294961.0         1136295884.4         1.30703e-06          1.32602e-06               0           
    1136279246.5         1136280030.0         1.66693e-06          1.49966e-06               0           
    1135635809.0         1135636812.3          1.1301e-06          1.03356e-06               0           
    1135481151.0         1135481599.8         9.36242e-07          9.61331e-07               0           
    1127060385.0         1127061582.6         5.45924e-07          6.63131e-07               1           
    1137177925.2         1137178730.7         2.01747e-06          2.21263e-06               1           
    1133292213.3         1133293054.6         1.95635e-06          1.94020e-06               0           
    1131742356.7         1131743126.8         2.18577e-06          1.51939e-06               1           
    1126649553.5         1126650323.2         4.27795e-07          4.02676e-07               1           
    1126585762.5         1126586535.3         3.35124e-07          5.26634e-07               0           
    1126582354.7         1126583130.2         3.38484e-07          5.26565e-07               0           
    1126581357.7         1126582128.9         3.59129e-07          4.40138e-07               0           
