    1129885799.6         1129886582.9         1129887307.5              1           
    1133509823.6         1133510622.0         1133513362.3              1           
    1133509824.5         1133510622.0         1133513362.3              1           
    1133509823.0         1133510622.2         1133513362.3              1           
    1133691727.4         1133692581.2         1133694933.4              1           
    1133691725.5         1133692581.1         1133694933.4              1           
    1131483108.0         1131483843.0         1131486128.6              1           
    1136777150.6         1136777788.7         1136779065.2              1           
    1136777150.0         1136777788.1         1136779065.2              1           
    1131779424.3         1131780193.4         1131782085.3              1           
    1130643872.2         1130644755.6         1130647268.4              1           
    1136565504.1         1136566341.0         1136568423.0              1           
    1136565502.9         1136566341.0         1136568423.0              1           
    1136565502.0         1136566340.1         1136568423.0              1           
    1136567301.0         1136567913.6         1136568423.0              1           
    1135021460.1         1135022294.3         1135024461.5              1           
    1132131989.1         1132132847.6         1132137833.2              1           
    1128560324.2         1128561157.0         1128561379.4              1           
    1133701098.8         1133701859.6         1133704253.9              1           
    1132131990.5         1132132847.1         1132137833.2              1           
    1136777145.3         1136777831.9         1136779065.2              1           
    1132406512.8         1132407181.9         1132407781.3              0           
    1129608275.1         1129609478.0         1129611961.1              0           
    1127338852.4         1127339700.4         1127341366.6              1           
    1134526270.3         1134527054.2         1134528877.0              1           
    1136627128.6         1136628331.9         1136636149.2              0           
    1129885789.0         1129886575.2         1129887307.5              1           
    1127888832.8         1127889599.3         1127890459.0              1           
    1136699779.2         1136700474.5         1136702240.6              1           
    1136627128.4         1136628331.8         1136636149.2              0           
    1135033875.2         1135034730.5         1135037083.8              1           
    1134924926.9         1134925934.4         1134932320.3              0           
    1134588322.5         1134589089.6         1134593240.4              1           
    1133024922.1         1133025650.6         1133026996.0              1           
    1131669590.5         1131670064.9         1131671281.5              1           
    1131320196.2         1131321051.0         1131325528.4              1           
    1130100417.3         1130101167.8         1130103593.4              1           
    1129820354.7         1129821144.3         1129821804.1              1           
    1127887439.1         1127888233.6         1127888653.3              1           
    1137176675.4         1137177451.7         1137180688.6              1           
    1136804675.0         1136805408.6         1136809042.9              1           
    1134924926.5         1134925933.8         1134932320.3              0           
    1134588322.6         1134589089.6         1134593240.4              1           
    1136664316.7         1136665098.6         1136667616.3              1           
    1135743756.7         1135744371.5         1135744582.8              0           
    1133784331.7         1133785294.3         1133790640.9              0           
    1132513078.6         1132513923.5         1132516883.5              0           
    1131010514.3         1131011428.8         1131013607.3              0           
    1131005634.4         1131006335.6         1131008396.4              0           
    1129368565.8         1129369247.0         1129370477.9              0           
    1127137755.5         1127137873.7         1127138102.1              1           
    1126688846.5         1126689617.6         1126690279.4              1           
    1136664316.0         1136665097.9         1136667616.3              1           
    1136463139.4         1136463994.9         1136466630.8              1           
    1133614584.4         1133615354.4         1133616411.7              0           
    1133456986.3         1133457677.5         1133459935.1              0           
    1132724697.1         1132725466.8         1132728243.0              1           
    1132714284.8         1132714900.9         1132717382.3              1           
    1132660004.2         1132660472.0         1132662169.6              0           
    1132346498.5         1132346900.7         1132347845.1              1           
    1131816593.3         1131817383.1         1131819468.6              1           
    1131429874.2         1131430655.9         1131431372.7              1           
    1131258410.7         1131258992.4         1131260244.8              1           
    1129139556.9         1129140359.2         1129144842.6              1           
    1128672318.6         1128673159.4         1128676736.4              0           
    1128654936.2         1128655708.1         1128658107.8              0           
    1137204824.2         1137205608.6         1137209149.2              1           
    1137021766.0         1137022630.5         1137025791.9              1           
    1136812506.2         1136813322.8         1136815551.8              1           
    1136804675.8         1136805409.3         1136809042.9              1           
    1134572633.0         1134573566.2         1134578356.6              1           
    1133998391.9         1133999177.6         1134000948.8              0           
    1133741389.8         1133742179.5         1133743022.3              1           
    1132949962.3         1132950972.4         1132953139.5              1           
    1131091986.6         1131092891.9         1131093075.4              1           
    1130776375.8         1130777166.4         1130781513.9              1           
    1129743096.4         1129743857.3         1129746495.6              0           
    1127965806.5         1127966576.8         1127967942.6              0           
    1127357790.7         1127358645.5         1127361586.1              1           
    1136808946.5         1136809864.2         1136810279.8              1           
    1131091983.0         1131092892.1         1131093075.4              1           
    1136383974.1         1136384716.0         1136385449.6              0           
    1135632595.9         1135633387.0         1135635226.1              0           
    1135140212.2         1135141413.3         1135142516.3              0           
    1134024146.1         1134025002.7         1134029870.3              1           
    1133705658.4         1133706515.4         1133710075.9              1           
    1133488045.5         1133488834.1         1133491230.0              1           
    1133466712.5         1133467480.8         1133470998.6              1           
    1132785187.3         1132786023.8         1132790536.0              0           
    1132757256.3         1132758184.1         1132762558.6              0           
    1132751515.8         1132752422.1         1132755768.0              0           
    1132648458.6         1132649298.8         1132653420.0              1           
    1131452514.0         1131453241.5         1131454263.3              1           
    1130384944.5         1130385586.9         1130387536.3              1           
    1129979115.4         1129980299.7         1129986712.6              0           
    1129336631.5         1129337379.0         1129337474.7              1           
    1128938865.1         1128939466.5         1128942223.8              1           
    1128220238.6         1128220789.6         1128221721.7              1           
    1127060334.9         1127061271.1         1127067038.9              1           
    1126686701.6         1126687470.4         1126690279.4              0           
    1137122455.8         1137122920.8         1137124242.9              1           
    1136586013.3         1136586728.4         1136588328.8              1           
    1136121552.6         1136121984.1         1136123057.2              1           
    1136091553.4         1136092385.9         1136096718.1              1           
    1135264806.1         1135265535.4         1135269144.0              1           
    1134391460.2         1134392259.8         1134394243.1              0           
    1134006754.7         1134007334.3         1134008592.9              1           
    1134006442.4         1134007280.8         1134011957.7              1           
    1133703193.1         1133703882.9         1133704253.9              1           
    1133699968.2         1133700822.6         1133704253.9              1           
    1133191765.5         1133192549.5         1133196395.0              1           
    1133086126.0         1133086906.8         1133087598.9              1           
    1132929941.3         1132930676.9         1132934693.4              1           
    1131293524.3         1131294236.2         1131297852.4              0           
    1131212920.1         1131213651.0         1131213611.4              1           
    1131079604.7         1131080341.9         1131081194.8              0           
    1130807413.5         1130807801.4         1130808603.9              0           
    1130659950.9         1130660873.0         1130664832.1              1           
    1130644279.6         1130645164.3         1130647268.4              1           
    1130122185.0         1130122627.3         1130123136.2              1           
    1129983338.3         1129984522.0         1129986712.6              0           
    1129511847.3         1129512771.1         1129518375.7              1           
    1127693117.8         1127694050.3         1127695471.8              1           
    1126948969.4         1126949722.2         1126951316.9              1           
    1126686892.6         1126687690.3         1126690279.4              0           
    1137257680.8         1137258474.6         1137262588.6              1           
    1137204142.4         1137205063.6         1137209149.2              1           
    1136121552.5         1136121983.9         1136123057.2              1           
    1134944915.5         1134945646.2         1134948787.7              1           
    1136006927.2         1136007772.4         1136008102.4              1           
    1135953390.9         1135954191.9         1135956819.5              1           
    1135162870.0         1135163658.9         1135163957.5              1           
    1134944917.0         1134945646.3         1134948787.7              1           
    1134162738.8         1134163114.5         1134163520.2              1           
    1133698001.2         1133698856.5         1133703658.9              1           
    1133694946.2         1133695801.2         1133696430.3              1           
    1133492096.7         1133492830.7         1133495315.2              1           
    1133146971.5         1133147708.7         1133148417.3              1           
    1132753180.3         1132754011.5         1132755768.0              0           
    1131976201.7         1131977055.9         1131980513.2              0           
    1130972051.4         1130972894.4         1130974550.1              1           
    1130723979.4         1130724484.3         1130725555.6              1           
    1130517424.7         1130518278.3         1130523408.3              0           
    1130468665.3         1130469348.7         1130470757.4              0           
    1130239620.4         1130240444.0         1130244306.2              0           
    1129819689.0         1129820070.9         1129820683.3              1           
    1129509165.4         1129510362.1         1129514967.1              1           
    1128669822.8         1128670743.7         1128671244.4              0           
    1128659757.8         1128660315.1         1128662785.6              0           
    1127836330.3         1127837170.2         1127837804.7              1           
    1127576133.8         1127576924.7         1127579682.6              1           
    1127551627.6         1127552274.4         1127554049.2              0           
    1126619494.0         1126620265.6         1126624372.6              0           
    1137208939.4         1137209721.5         1137213496.1              1           
    1137180127.2         1137180972.0         1137185116.2              1           
    1137079820.5         1137080665.1         1137081470.8              1           
    1137054640.7         1137055131.8         1137056914.1              1           
    1137005690.7         1137006610.0         1137010400.9              1           
    1136998697.7         1136999216.1         1137000686.3              1           
    1136752515.8         1136753323.4         1136756899.1              1           
    1136636859.5         1136637698.3         1136638253.7              0           
    1136627220.2         1136628423.6         1136636149.2              0           
    1135953390.5         1135954191.9         1135956819.5              1           
    1136636865.3         1136637697.2         1136638253.7              0           
    1136199048.9         1136199874.4         1136204439.9              0           
    1135365872.5         1135366684.3         1135367881.9              1           
    1135064647.0         1135065411.3         1135068705.3              0           
    1135023539.7         1135024328.9         1135024461.5              1           
    1134920230.5         1134921026.8         1134923620.9              0           
    1134234522.1         1134235475.1         1134240145.2              1           
    1134021217.0         1134021887.2         1134022311.4              1           
    1133839265.8         1133840194.6         1133844774.5              1           
    1133795023.4         1133795784.2         1133797316.4              0           
    1133188290.1         1133189075.8         1133190708.5              1           
    1132066257.3         1132067103.8         1132070859.5              0           
    1131784437.8         1131785207.3         1131785412.4              1           
    1131454495.4         1131455223.8         1131457256.2              1           
    1131112673.4         1131113475.6         1131113523.3              0           
    1131061680.7         1131062621.6         1131064569.8              0           
    1130660114.8         1130660999.4         1130664832.1              1           
    1130470520.5         1130470999.3         1130472937.6              0           
    1130236037.8         1130236884.0         1130237669.4              0           
    1130210338.9         1130211255.2         1130214582.2              1           
    1129900335.8         1129901024.1         1129902758.9              1           
    1129889363.0         1129890296.3         1129890749.9              1           
    1128826044.8         1128826876.0         1128829093.2              0           
    1128497484.6         1128498241.1         1128501638.6              0           
    1127703009.9         1127703942.6         1127708333.6              1           
    1126764438.2         1126765212.7         1126767278.9              1           
    1126658931.4         1126659767.8         1126660254.9              0           
    1137159855.0         1137160643.3         1137162126.2              1           
    1137093933.8         1137095137.1         1137102163.3              1           
    1137019103.5         1137019892.5         1137023009.1              1           
    1136854625.0         1136855572.9         1136860141.7              1           
    1136785196.7         1136785907.6         1136789182.6              1           
    1136777915.1         1136778788.4         1136779065.2              1           
    1136755111.5         1136755886.0         1136756899.1              1           
    1136744960.9         1136745710.5         1136748110.3              1           
    1136699267.8         1136700205.5         1136702240.6              1           
    1136199048.4         1136199874.3         1136204439.9              0           
    1136170372.7         1136170789.3         1136171529.6              0           
    1131112673.9         1131113475.5         1131113523.3              0           
    1127316923.0         1127317759.4         1127321375.5              0           
    1127234249.0         1127235097.2         1127239222.1              1           
    1126569317.7         1126570093.1         1126573558.2              0           
    1136498874.7         1136499636.1         1136501038.8              1           
    1136468031.3         1136468804.7         1136471701.4              1           
    1136279246.5         1136280030.7         1136283889.1              0           
    1136216460.1         1136217268.9         1136219875.8              1           
    1136170370.0         1136170788.6         1136171529.6              0           
    1135635754.3         1135636161.8         1135637130.3              0           
    1135481152.3         1135481600.2         1135483025.0              0           
    1135479533.5         1135480269.9         1135481425.6              0           
    1135187905.2         1135188680.3         1135191481.9              1           
    1134922688.6         1134923295.5         1134923620.9              0           
    1134900546.8         1134901331.1         1134904880.8              0           
    1134888219.0         1134888776.9         1134890259.3              1           
    1134736649.3         1134737364.7         1134741109.6              0           
    1134684291.9         1134685073.1         1134689319.1              1           
    1134236947.2         1134237899.2         1134240145.2              1           
    1134168994.2         1134169779.5         1134173006.3              0           
    1133808948.9         1133809781.7         1133811573.2              1           
    1133698656.5         1133699510.9         1133704253.9              1           
    1133464614.0         1133465589.6         1133470998.6              1           
    1133193332.1         1133194065.4         1133196395.0              1           
    1132789674.1         1132790174.7         1132791263.3              0           
    1132674419.8         1132675334.3         1132678748.5              0           
    1132659651.3         1132660467.7         1132665049.7              0           
    1132485799.0         1132486623.3         1132491019.2              0           
    1132391673.0         1132392444.2         1132395910.2              0           
    1132241664.9         1132242626.9         1132247089.3              1           
    1132215092.8         1132215503.7         1132216569.0              1           
    1131799880.6         1131800728.2         1131805025.6              1           
    1131707085.6         1131708283.1         1131713132.0              0           
    1131599532.1         1131600295.7         1131603458.8              0           
    1131432906.1         1131433548.2         1131434361.1              1           
    1131148471.4         1131148875.9         1131150366.7              0           
    1130898640.3         1130899465.5         1130901450.3              0           
    1130876059.6         1130876474.7         1130877943.4              1           
    1130781791.0         1130782442.6         1130785499.8              1           
    1130775870.9         1130776754.0         1130781891.0              1           
    1130656009.0         1130656802.8         1130659599.8              1           
    1130506853.2         1130507678.0         1130508086.3              1           
    1130224718.9         1130225635.8         1130228366.7              0           
    1130223554.3         1130224358.7         1130228366.7              0           
    1129986922.0         1129987773.6         1129992761.4              0           
    1129905555.3         1129906264.5         1129906939.3              1           
    1129535446.9         1129536643.7         1129537587.6              0           
    1129370791.0         1129371558.9         1129373011.5              0           
    1128655909.3         1128656681.4         1128658107.8              0           
    1128393230.9         1128394189.8         1128394107.7              1           
    1128225050.4         1128225840.9         1128228360.3              1           
    1128042592.4         1128043403.6         1128046920.7              1           
    1127880866.7         1127881671.1         1127881768.6              1           
    1127574150.9         1127574536.9         1127575789.4              1           
    1127291309.0         1127292305.2         1127293755.9              0           
    1127069288.3         1127070102.6         1127070375.2              0           
    1126911975.0         1126912771.6         1126913759.5              1           
    1126870584.7         1126871538.0         1126876949.1              0           
    1126753339.0         1126754107.0         1126757759.0              1           
    1126657701.3         1126658494.2         1126660254.9              0           
    1126585459.1         1126586233.8         1126590392.8              0           
    1137276264.3         1137277091.2         1137277353.4              1           
    1137085555.4         1137086307.5         1137089655.5              1           
    1137079736.0         1137080464.9         1137081470.8              1           
    1136954173.9         1136955067.6         1136959852.7              1           
    1136756274.0         1136757072.1         1136758989.5              1           
    1136706777.8         1136707582.1         1136707504.6              1           
    1136656950.9         1136657902.9         1136658953.5              1           
    1136498873.8         1136499635.2         1136501038.8              1           
    1136482866.5         1136483650.6         1136487672.3              1           
    1136468032.8         1136468804.6         1136471701.4              1           
    1136299545.8         1136300250.8         1136300678.4              0           
    1136294961.0         1136295884.4         1136299305.0              0           
    1136279246.5         1136280030.0         1136283889.1              0           
    1135635809.0         1135636812.3         1135638954.4              0           
    1135481151.0         1135481599.8         1135483025.0              0           
    1127060385.0         1127061582.6         1127067038.9              1           
