    1129885799.6         1129886582.9         4.32498e-05               1           
    1133509823.6         1133510622.0         0.000105458               1           
    1133509824.5         1133510622.0         0.000105458               1           
    1133509823.0         1133510622.2         0.000105458               1           
    1133691727.4         1133692581.2         1.33446e-05               1           
    1133691725.5         1133692581.1         1.33446e-05               1           
    1131483108.0         1131483843.0         2.69685e-05               1           
    1136777150.6         1136777788.7         8.98546e-06               1           
    1136777150.0         1136777788.1         8.98546e-06               1           
    1131779424.3         1131780193.4         1.14331e-05               1           
    1130643872.2         1130644755.6         3.37332e-06               1           
    1136565504.1         1136566341.0         9.19379e-06               1           
    1136565502.9         1136566341.0         9.19379e-06               1           
    1136565502.0         1136566340.1         9.19379e-06               1           
    1136567301.0         1136567913.6          9.1956e-06               1           
    1135021460.1         1135022294.3         6.73303e-06               1           
    1132131989.1         1132132847.6         1.08498e-06               1           
    1128560324.2         1128561157.0         3.50021e-06               1           
    1133701098.8         1133701859.6         3.70547e-06               1           
    1132131990.5         1132132847.1         1.08498e-06               1           
    1136777145.3         1136777831.9          8.9875e-06               1           
    1132406512.8         1132407181.9         1.97136e-06               0           
    1129608275.1         1129609478.0          1.625e-06                0           
    1127338852.4         1127339700.4         9.70269e-07               1           
    1134526270.3         1134527054.2         2.18953e-06               1           
    1136627128.6         1136628331.9         2.65845e-06               0           
    1129885789.0         1129886575.2         4.32498e-05               1           
    1127888832.8         1127889599.3         1.46624e-06               1           
    1136699779.2         1136700474.5         2.34276e-06               1           
    1136627128.4         1136628331.8         2.65845e-06               0           
    1135033875.2         1135034730.5         2.26401e-06               1           
    1134924926.9         1134925934.4         5.43719e-06               0           
    1134588322.5         1134589089.6          2.3462e-06               1           
    1133024922.1         1133025650.6         1.60361e-06               1           
    1131669590.5         1131670064.9         2.47894e-06               1           
    1131320196.2         1131321051.0         1.64136e-06               1           
    1130100417.3         1130101167.8          1.6169e-06               1           
    1129820354.7         1129821144.3         1.58897e-06               1           
    1127887439.1         1127888233.6         1.46184e-06               1           
    1137176675.4         1137177451.7         2.97375e-06               1           
    1136804675.0         1136805408.6         2.52227e-06               1           
    1134924926.5         1134925933.8         5.43719e-06               0           
    1134588322.6         1134589089.6          2.3462e-06               1           
    1136664316.7         1136665098.6         1.90866e-06               1           
    1135743756.7         1135744371.5         1.21947e-06               0           
    1133784331.7         1133785294.3         3.58567e-06               0           
    1132513078.6         1132513923.5         1.47147e-06               0           
    1131010514.3         1131011428.8         3.16567e-06               0           
    1131005634.4         1131006335.6         3.04852e-06               0           
    1129368565.8         1129369247.0         9.44606e-07               0           
    1127137755.5         1127137873.7          4.5786e-05               1           
    1126688846.5         1126689617.6         7.46807e-07               1           
    1136664316.0         1136665097.9         1.90866e-06               1           
    1136463139.4         1136463994.9         2.13595e-06               1           
    1133614584.4         1133615354.4          1.8258e-06               0           
    1133456986.3         1133457677.5         4.25727e-06               0           
    1132724697.1         1132725466.8         1.17633e-06               1           
    1132714284.8         1132714900.9         8.50365e-07               1           
    1132660004.2         1132660472.0         9.01457e-07               0           
    1132346498.5         1132346900.7         4.57608e-06               1           
    1131816593.3         1131817383.1         2.73372e-06               1           
    1131429874.2         1131430655.9         3.56871e-06               1           
    1131258410.7         1131258992.4          1.9095e-06               1           
    1129139556.9         1129140359.2          4.1663e-07               1           
    1128672318.6         1128673159.4         2.35089e-06               0           
    1128654936.2         1128655708.1         1.57205e-06               0           
    1137204824.2         1137205608.6         2.19201e-06               1           
    1137021766.0         1137022630.5         3.74329e-06               1           
    1136812506.2         1136813322.8         1.68576e-06               1           
    1136804675.8         1136805409.3         2.52227e-06               1           
    1134572633.0         1134573566.2          2.5914e-06               1           
    1133998391.9         1133999177.6         3.01502e-06               0           
    1133741389.8         1133742179.5         2.71494e-06               1           
    1132949962.3         1132950972.4         1.70778e-06               1           
    1131091986.6         1131092891.9         2.24464e-06               1           
    1130776375.8         1130777166.4         6.70575e-07               1           
    1129743096.4         1129743857.3         7.45398e-07               0           
    1127965806.5         1127966576.8         8.18931e-07               0           
    1127357790.7         1127358645.5         3.91402e-07               1           
    1136808946.5         1136809864.2         1.69193e-06               1           
    1131091983.0         1131092892.1         2.24464e-06               1           
    1136383974.1         1136384716.0         1.35225e-06               0           
    1135632595.9         1135633387.0         1.42315e-06               0           
    1135140212.2         1135141413.3         1.56599e-06               0           
    1134024146.1         1134025002.7         3.89812e-06               1           
    1133705658.4         1133706515.4         3.13812e-06               1           
    1133488045.5         1133488834.1         3.91853e-06               1           
    1133466712.5         1133467480.8         3.32382e-06               1           
    1132785187.3         1132786023.8         1.03847e-06               0           
    1132757256.3         1132758184.1         9.87426e-07               0           
    1132751515.8         1132752422.1         1.02887e-06               0           
    1132648458.6         1132649298.8         1.10453e-06               1           
    1131452514.0         1131453241.5         4.11206e-06               1           
    1130384944.5         1130385586.9         1.85694e-06               1           
    1129979115.4         1129980299.7         1.34718e-06               0           
    1129336631.5         1129337379.0          9.1189e-07               1           
    1128938865.1         1128939466.5         8.17148e-07               1           
    1128220238.6         1128220789.6         7.38855e-07               1           
    1127060334.9         1127061271.1         5.52574e-07               1           
    1126686701.6         1126687470.4         7.55532e-07               0           
    1137122455.8         1137122920.8         4.85601e-06               1           
    1136586013.3         1136586728.4         3.19342e-06               1           
    1136121552.6         1136121984.1         3.11116e-06               1           
    1136091553.4         1136092385.9         2.60214e-06               1           
    1135264806.1         1135265535.4         1.64165e-06               1           
    1134391460.2         1134392259.8         2.01858e-06               0           
    1134006754.7         1134007334.3         3.42318e-06               1           
    1134006442.4         1134007280.8         3.42816e-06               1           
    1133703193.1         1133703882.9         2.96414e-06               1           
    1133699968.2         1133700822.6         3.70188e-06               1           
    1133191765.5         1133192549.5         3.03679e-06               1           
    1133086126.0         1133086906.8         1.52246e-06               1           
    1132929941.3         1132930676.9         1.53574e-06               1           
    1131293524.3         1131294236.2         1.00525e-06               0           
    1131212920.1         1131213651.0         0.000347829               1           
    1131079604.7         1131080341.9         2.05784e-06               0           
    1130807413.5         1130807801.4         1.03963e-06               0           
    1130659950.9         1130660873.0         8.93678e-07               1           
    1130644279.6         1130645164.3         3.37327e-06               1           
    1130122185.0         1130122627.3         1.43861e-06               1           
    1129983338.3         1129984522.0         1.25292e-06               0           
    1129511847.3         1129512771.1          1.1012e-06               1           
    1127693117.8         1127694050.3         7.36428e-07               1           
    1126948969.4         1126949722.2         4.72204e-07               1           
    1126686892.6         1126687690.3         7.54131e-07               0           
    1137257680.8         1137258474.6         2.43033e-06               1           
    1137204142.4         1137205063.6         3.00737e-06               1           
    1136121552.5         1136121983.9         3.11116e-06               1           
    1134944915.5         1134945646.2         5.21225e-06               1           
    1136006927.2         1136007772.4         1.74628e-06               1           
    1135953390.9         1135954191.9         1.69813e-06               1           
    1135162870.0         1135163658.9         1.18796e-06               1           
    1134944917.0         1134945646.3         5.21225e-06               1           
    1134162738.8         1134163114.5         1.54991e-06               1           
    1133698001.2         1133698856.5         3.85229e-06               1           
    1133694946.2         1133695801.2         4.71412e-06               1           
    1133492096.7         1133492830.7         4.12047e-06               1           
    1133146971.5         1133147708.7         1.24859e-06               1           
    1132753180.3         1132754011.5         1.02926e-06               0           
    1131976201.7         1131977055.9         1.16519e-06               0           
    1130972051.4         1130972894.4         1.95706e-06               1           
    1130723979.4         1130724484.3         6.91798e-07               1           
    1130517424.7         1130518278.3         1.92762e-06               0           
    1130468665.3         1130469348.7         2.93366e-06               0           
    1130239620.4         1130240444.0          1.1481e-06               0           
    1129819689.0         1129820070.9          1.3639e-06               1           
    1129509165.4         1129510362.1         1.10098e-06               1           
    1128669822.8         1128670743.7         2.35663e-06               0           
    1128659757.8         1128660315.1         1.87022e-06               0           
    1127836330.3         1127837170.2         1.44904e-06               1           
    1127576133.8         1127576924.7         5.92698e-07               1           
    1127551627.6         1127552274.4         4.20962e-07               0           
    1126619494.0         1126620265.6         3.17007e-07               0           
    1137208939.4         1137209721.5         2.47371e-06               1           
    1137180127.2         1137180972.0         2.75405e-06               1           
    1137079820.5         1137080665.1         3.34553e-06               1           
    1137054640.7         1137055131.8         3.37476e-06               1           
    1137005690.7         1137006610.0         3.12572e-06               1           
    1136998697.7         1136999216.1         2.20778e-06               1           
    1136752515.8         1136753323.4         2.01856e-06               1           
    1136636859.5         1136637698.3         1.95575e-06               0           
    1136627220.2         1136628423.6         2.65799e-06               0           
    1135953390.5         1135954191.9         1.69813e-06               1           
    1136636865.3         1136637697.2         1.95575e-06               0           
    1136199048.9         1136199874.4         2.68669e-06               0           
    1135365872.5         1135366684.3         1.46422e-06               1           
    1135064647.0         1135065411.3         3.21547e-06               0           
    1135023539.7         1135024328.9         6.74383e-06               1           
    1134920230.5         1134921026.8         4.48233e-06               0           
    1134234522.1         1134235475.1         1.99953e-06               1           
    1134021217.0         1134021887.2          3.0641e-06               1           
    1133839265.8         1133840194.6         5.36592e-06               1           
    1133795023.4         1133795784.2         3.38145e-06               0           
    1133188290.1         1133189075.8         2.84683e-06               1           
    1132066257.3         1132067103.8          1.0493e-06               0           
    1131784437.8         1131785207.3          2.4595e-06               1           
    1131454495.4         1131455223.8         4.43324e-06               1           
    1131112673.4         1131113475.6         1.95356e-06               0           
    1131061680.7         1131062621.6         2.65735e-06               0           
    1130660114.8         1130660999.4         8.93701e-07               1           
    1130470520.5         1130470999.3         2.65004e-06               0           
    1130236037.8         1130236884.0         1.08094e-06               0           
    1130210338.9         1130211255.2         9.80437e-07               1           
    1129900335.8         1129901024.1         2.30708e-06               1           
    1129889363.0         1129890296.3         8.20092e-06               1           
    1128826044.8         1128826876.0         9.13566e-07               0           
    1128497484.6         1128498241.1         1.35718e-06               0           
    1127703009.9         1127703942.6         8.27129e-07               1           
    1126764438.2         1126765212.7         2.96385e-07               1           
    1126658931.4         1126659767.8         3.46029e-07               0           
    1137159855.0         1137160643.3         3.30895e-06               1           
    1137093933.8         1137095137.1         3.94999e-06               1           
    1137019103.5         1137019892.5         3.45825e-06               1           
    1136854625.0         1136855572.9         1.65328e-06               1           
    1136785196.7         1136785907.6         1.75953e-06               1           
    1136777915.1         1136778788.4         8.99208e-06               1           
    1136755111.5         1136755886.0         2.17791e-06               1           
    1136744960.9         1136745710.5          2.5628e-06               1           
    1136699267.8         1136700205.5         2.88189e-06               1           
    1136199048.4         1136199874.3         2.68669e-06               0           
    1136170372.7         1136170789.3         2.12331e-06               0           
    1131112673.9         1131113475.5         1.95356e-06               0           
    1127316923.0         1127317759.4         5.52237e-07               0           
    1127234249.0         1127235097.2         8.28026e-07               1           
    1126569317.7         1126570093.1         4.47681e-07               0           
    1136498874.7         1136499636.1          1.698e-06                1           
    1136468031.3         1136468804.7         1.85918e-06               1           
    1136279246.5         1136280030.7         2.19369e-06               0           
    1136216460.1         1136217268.9         3.48991e-06               1           
    1136170370.0         1136170788.6         2.12331e-06               0           
    1135635754.3         1135636161.8         1.17596e-06               0           
    1135481152.3         1135481600.2         1.38084e-06               0           
    1135479533.5         1135480269.9         1.38097e-06               0           
    1135187905.2         1135188680.3         1.05132e-06               1           
    1134922688.6         1134923295.5         4.23367e-06               0           
    1134900546.8         1134901331.1         3.79202e-06               0           
    1134888219.0         1134888776.9         3.06814e-06               1           
    1134736649.3         1134737364.7         2.91895e-06               0           
    1134684291.9         1134685073.1         2.93724e-06               1           
    1134236947.2         1134237899.2         1.82413e-06               1           
    1134168994.2         1134169779.5         1.67521e-06               0           
    1133808948.9         1133809781.7         4.30867e-06               1           
    1133698656.5         1133699510.9         3.69567e-06               1           
    1133464614.0         1133465589.6         3.89723e-06               1           
    1133193332.1         1133194065.4         3.70487e-06               1           
    1132789674.1         1132790174.7         1.10739e-06               0           
    1132674419.8         1132675334.3         9.82135e-07               0           
    1132659651.3         1132660467.7         1.08265e-06               0           
    1132485799.0         1132486623.3         1.61991e-06               0           
    1132391673.0         1132392444.2         1.47348e-06               0           
    1132241664.9         1132242626.9         9.33106e-07               1           
    1132215092.8         1132215503.7         8.84223e-07               1           
    1131799880.6         1131800728.2         2.44916e-06               1           
    1131707085.6         1131708283.1         1.97162e-06               0           
    1131599532.1         1131600295.7         3.02342e-06               0           
    1131432906.1         1131433548.2         3.76071e-06               1           
    1131148471.4         1131148875.9         1.83355e-06               0           
    1130898640.3         1130899465.5         8.15543e-07               0           
    1130876059.6         1130876474.7         6.32527e-07               1           
    1130781791.0         1130782442.6         6.87896e-07               1           
    1130775870.9         1130776754.0         6.70686e-07               1           
    1130656009.0         1130656802.8         8.85787e-07               1           
    1130506853.2         1130507678.0         1.77448e-06               1           
    1130224718.9         1130225635.8         1.07194e-06               0           
    1130223554.3         1130224358.7         1.08375e-06               0           
    1129986922.0         1129987773.6         1.26106e-06               0           
    1129905555.3         1129906264.5         1.95474e-06               1           
    1129535446.9         1129536643.7         1.28259e-06               0           
    1129370791.0         1129371558.9         8.42161e-07               0           
    1128655909.3         1128656681.4         1.78276e-06               0           
    1128393230.9         1128394189.8          5.759e-07                1           
    1128225050.4         1128225840.9         7.02418e-07               1           
    1128042592.4         1128043403.6         7.82754e-07               1           
    1127880866.7         1127881671.1         1.43625e-06               1           
    1127574150.9         1127574536.9          1.6589e-06               1           
    1127291309.0         1127292305.2         6.28512e-07               0           
    1127069288.3         1127070102.6         6.44169e-07               0           
    1126911975.0         1126912771.6          4.4094e-07               1           
    1126870584.7         1126871538.0         3.21863e-07               0           
    1126753339.0         1126754107.0         2.78159e-07               1           
    1126657701.3         1126658494.2          3.4557e-07               0           
    1126585459.1         1126586233.8         4.78867e-07               0           
    1137276264.3         1137277091.2         2.00034e-06               1           
    1137085555.4         1137086307.5         3.95035e-06               1           
    1137079736.0         1137080464.9          3.3457e-06               1           
    1136954173.9         1136955067.6         1.68294e-06               1           
    1136756274.0         1136757072.1         2.17627e-06               1           
    1136706777.8         1136707582.1          2.964e-06                1           
    1136656950.9         1136657902.9          2.3712e-06               1           
    1136498873.8         1136499635.2          1.698e-06                1           
    1136482866.5         1136483650.6         1.72348e-06               1           
    1136468032.8         1136468804.6         1.85918e-06               1           
    1136299545.8         1136300250.8         1.91473e-06               0           
    1136294961.0         1136295884.4         2.24706e-06               0           
    1136279246.5         1136280030.0         2.19369e-06               0           
    1135635809.0         1135636812.3         1.62297e-06               0           
    1135481151.0         1135481599.8         1.38086e-06               0           
    1127060385.0         1127061582.6         5.49806e-07               1           
