1126479289.9 8.3 1126480063.4 1126480575.0 1126484244.4 1126482121.0 1126481271.7 1.70536e-04 1126480000.0 1126484300.0 -31.6 -71.7 9909068.0 22.4 1126482406.7 1.60475e-04 0 -1
1132440670.8 7.6 1132441289.3 1132441798.6 1132444628.1 1132442932.1 1132442253.7 4.05000e-05 1132441200.0 1132444700.0 -10.0 -71.0 7914603.0 611.7 1132441910.8 4.39394e-06 0 -1
1129885799.6 7.5 1129886582.9 1129887051.1 1129891168.8 1129888867.7 1129887947.3 3.21704e-05 1129886500.0 1129891200.0 36.5 70.4 10738530.0 231.0 1129889652.7 5.22451e-06 0 -1
1133509823.6 7.2 1133510622.0 1133511117.4 1133515083.5 1133512829.2 1133511927.5 2.28860e-05 1133510600.0 1133515100.0 38.3 72.8 10519680.0 26.0 1133513446.2 3.87236e-05 0 -1
1133303117.1 7.1 1133304315.2 1133304524.2 1133312192.5 1133308303.0 1133306747.3 1.00057e-05 1133304300.0 1133312200.0 -47.6 85.1 18150740.0 35.0 1133309463.9 4.08909e-06 2 1133304360
1129413139.6 7.1 1129413901.6 1129414399.8 1129418117.4 1129415984.1 1129415130.7 1.74066e-05 1129413900.0 1129418200.0 -14.9 167.3 9955734.0 135.0 1129416957.1 1.08101e-06 0 -1
1131906681.6 7.0 1131907465.5 1131907972.6 1131911741.5 1131909573.0 1131908705.5 1.68472e-05 1131907400.0 1131911800.0 -8.9 158.4 10119740.0 13.4 1131909685.6 1.37660e-05 0 -1
1126480738.8 7.0 1126481512.0 1126482022.5 1126485698.9 1126483573.2 1126482722.9 1.68335e-05 1126481500.0 1126485700.0 -31.6 -71.4 9920125.0 28.4 1126482406.7 1.54945e-04 0 -1
1133691727.4 6.9 1133692581.2 1133693042.6 1133697693.0 1133695136.3 1133694113.7 1.11685e-05 1133692500.0 1133697700.0 -4.1 129.5 11931190.0 33.9 1133695061.9 4.48998e-06 2 1133692878
1131245196.9 6.9 1131245963.0 1131246482.2 1131250040.2 1131247964.5 1131247134.2 1.48064e-05 1131245900.0 1131250100.0 -29.5 -72.1 9686536.0 10.0 1131245975.1 6.66488e-06 0 -1
1131242095.5 6.9 1131242861.6 1131243380.3 1131246942.7 1131244865.3 1131244034.4 1.47410e-05 1131242800.0 1131247000.0 -29.5 -72.0 9694506.0 12.0 1131245638.7 7.84569e-06 0 -1
1130916720.8 6.8 1130917488.9 1130917999.3 1130921647.7 1130919536.2 1130918691.6 1.12336e-05 1130917400.0 1130921700.0 -30.9 -71.5 9853684.0 46.0 1130919736.2 4.49067e-06 0 -1
1132551935.3 6.7 1132552549.8 1132553055.8 1132555845.0 1132554169.4 1132553499.2 3.56093e-06 1132552500.0 1132555900.0 -9.2 -71.3 7819342.0 599.4 1132553166.4 3.79720e-07 2 1132552703
1131483108.0 6.7 1131483843.0 1131484382.6 1131487614.7 1131485683.2 1131484910.7 1.10337e-05 1131483800.0 1131487700.0 31.0 128.9 9013333.0 12.0 1131486726.3 5.11591e-06 0 -1
1126498244.8 6.7 1126499017.8 1126499529.6 1126503193.5 1126501072.6 1126500224.3 9.65811e-06 1126499000.0 1126503200.0 -31.5 -71.8 9897493.0 23.0 1126501271.2 4.16650e-06 0 -1
1126167265.6 6.7 1126167571.6 1126167824.0 1126168550.4 1126167999.8 1126167779.5 4.43744e-05 1126167500.0 1126168600.0 24.9 -109.6 2569759.0 10.0 1126168440.3 1.89864e-05 0 -1
1135897539.1 6.7 1135898369.8 1135898840.7 1135903245.6 1135900800.0 1135899821.7 7.60798e-06 1135898300.0 1135903300.0 24.8 93.7 11412990.0 55.0 1135901329.2 1.35150e-06 2 1135898693
1136777150.6 6.7 1136777788.7 1136778310.4 1136780788.4 1136779229.3 1136778605.7 1.30855e-05 1136777700.0 1136780800.0 42.0 142.8 7275463.0 46.0 1136779314.0 2.15446e-06 0 -1
1131036439.2 6.6 1131037346.8 1131037782.6 1131043032.4 1131040206.7 1131039076.5 5.80730e-06 1131037300.0 1131043100.0 6.8 94.6 13186490.0 10.0 1131041425.7 5.80621e-07 0 -1
1127145224.7 6.6 1127146064.2 1127146537.0 1127150980.3 1127148513.6 1127147527.0 6.72287e-06 1127146000.0 1127151000.0 -0.6 131.3 11511130.0 18.0 1127148468.7 7.46371e-07 0 -1
1126892417.1 6.6 1126893190.0 1126893699.3 1126897386.1 1126895256.5 1126894404.7 7.68723e-06 1126893100.0 1126897400.0 -31.7 -71.4 9938141.0 35.0 1126895509.1 4.02262e-06 2 1126893227
1134417010.2 6.6 1134417436.2 1134417780.1 1134419100.3 1134418204.5 1134417846.2 1.81399e-05 1134417400.0 1134419200.0 15.8 -93.6 4180302.0 86.0 1134418665.9 2.25249e-06 0 -1
1131779424.3 6.5 1131780193.4 1131780710.4 1131784304.6 1131782213.1 1131781376.4 6.87207e-06 1131780100.0 1131784400.0 38.7 20.6 9760668.0 11.0 1131782790.9 3.46970e-06 2 1131780860
1131120243.1 6.5 1131120651.7 1131120981.6 1131122169.1 1131121343.7 1131121013.5 1.96874e-05 1131120600.0 1131122200.0 51.6 -173.1 3852122.0 15.0 1131121797.5 3.78013e-06 2 1131121000
1130643872.2 6.5 1130644755.6 1130645202.9 1130650181.8 1130647477.7 1130646396.0 4.89324e-06 1130644700.0 1130650200.0 -8.3 124.9 12619260.0 20.0 1130647395.6 9.72517e-07 2 1130645698
1136565504.1 6.5 1136566341.0 1136566814.7 1136571233.5 1136568778.0 1136567795.8 5.50279e-06 1136566300.0 1136571300.0 3.9 126.9 11458850.0 20.8 1136568771.9 2.91956e-06 2 1136567007
1126489282.9 6.4 1126490051.9 1126490562.3 1126494215.7 1126492101.6 1126491256.0 5.06031e-06 1126490000.0 1126494300.0 -31.1 -71.7 9865596.0 42.3 1126490208.7 1.96291e-06 0 -1
1127271095.8 6.3 1127271863.9 1127272374.3 1127276022.9 1127273911.3 1127273066.7 4.05196e-06 1127271800.0 1127276100.0 -30.8 -71.3 9854196.0 46.0 1127274115.2 1.15764e-06 2 1127272523
1126424475.7 6.3 1126425317.6 1126425784.4 1126430304.3 1126427806.3 1126426807.1 3.32702e-06 1126425300.0 1126430400.0 1.9 126.4 11657180.0 41.6 1126427797.1 6.70201e-07 0 -1
1135648856.9 6.3 1135649815.2 1135650208.7 1135656083.3 1135652986.3 1135651747.5 2.80157e-06 1135649800.0 1135656100.0 -50.6 139.4 14452770.0 10.0 1135652887.2 1.57708e-06 2 1135651273
1135106104.2 6.3 1135106890.1 1135107361.1 1135111471.3 1135109171.1 1135108251.0 2.08143e-06 1135106800.0 1135111500.0 36.5 71.1 10734300.0 206.0 1135109979.7 1.84291e-07 2 1135107747
1132693240.0 6.2 1132693986.0 1132694512.9 1132697901.5 1132695903.7 1132695104.6 3.65161e-06 1132693900.0 1132698000.0 -24.8 -70.6 9322897.0 35.0 1132696096.9 2.49513e-07 0 -1
1130915088.4 6.2 1130915853.6 1130916372.7 1130919927.3 1130917853.5 1130917023.9 3.79694e-06 1130915800.0 1130920000.0 -29.5 -72.3 9677763.0 13.0 1130919736.2 4.90713e-06 2 1130916520
1129599623.3 6.2 1129600800.3 1129601014.9 1129607709.2 1129604243.8 1129602857.7 1.92562e-06 1129600800.0 1129607800.0 -54.2 6.2 16171660.0 11.0 1129604492.8 1.06172e-07 0 -1
1126702357.9 6.2 1126703134.4 1126703645.1 1126707339.2 1126705204.3 1126704350.4 3.58877e-06 1126703100.0 1126707400.0 -32.3 -72.1 9962451.0 18.0 1126705713.2 9.54936e-07 0 -1
1126602661.7 6.2 1126603439.7 1126603951.8 1126607640.9 1126605506.9 1126604653.4 3.73420e-06 1126603400.0 1126607700.0 -32.4 -72.2 9958245.0 8.0 1126606394.2 6.32841e-07 2 1126604112
1136567301.0 6.2 1136567913.6 1136568414.9 1136570899.0 1136569357.0 1136568740.2 2.25112e-06 1136567900.0 1136570900.0 44.5 141.1 7196065.0 239.9 1136568771.9 2.55963e-06 0 -1
1135021460.1 6.2 1135022294.3 1135022771.5 1135027137.2 1135024704.2 1135023731.0 3.10045e-06 1135022200.0 1135027200.0 -55.8 -123.1 11354120.0 12.3 1135024614.9 3.49958e-07 1 -1
1132131989.1 6.1 1132132847.6 1132133300.5 1132138063.6 1132135460.2 1132134418.9 1.79910e-06 1132132800.0 1132138100.0 -7.2 129.9 12149020.0 67.3 1132135473.1 6.73826e-08 1 -1
1128560324.2 6.1 1128561157.0 1128561635.5 1128565979.5 1128563555.8 1128562586.3 2.54898e-06 1128561100.0 1128566000.0 -54.5 -135.7 11310570.0 10.0 1128563782.6 9.78866e-07 0 -1
1126849191.9 6.1 1126849964.2 1126850474.9 1126854144.9 1126852022.2 1126851173.1 2.78049e-06 1126849900.0 1126854200.0 -31.6 -71.7 9906000.0 30.0 1126852268.2 6.98108e-07 1 -1
1126674424.5 6.1 1126675192.1 1126675711.3 1126679277.1 1126677197.4 1126676365.5 3.17323e-06 1126675100.0 1126679300.0 -29.6 -72.1 9705170.0 6.0 1126677922.8 2.70681e-07 1 -1
1126447419.1 6.1 1126448216.2 1126448716.9 1126452624.1 1126450393.4 1126449501.1 2.89592e-06 1126448200.0 1126452700.0 -6.0 151.5 10409950.0 6.0 1126450599.1 1.19812e-06 0 -1
1134672472.5 6.1 1134673338.3 1134673798.6 1134678534.6 1134675936.5 1134674897.3 2.35251e-06 1134673300.0 1134678600.0 3.6 117.6 12124080.0 6.9 1134676126.9 6.30417e-07 2 1134673757
1133701098.8 6.1 1133701859.6 1133702382.3 1133705882.4 1133703832.3 1133703012.2 3.17610e-06 1133701800.0 1133705900.0 -16.7 175.2 9567181.0 10.0 1133703848.4 8.93282e-07 0 -1
1132406512.8 6.0 1132407181.9 1132407664.5 1132410957.7 1132409052.8 1132408290.8 1.65396e-07 1132407100.0 1132411000.0 18.8 145.3 8889856.0 586.2 1132408186.3 2.88840e-08 1 -1
1129608275.1 6.0 1129609478.0 1129609689.8 1129617391.0 1129613484.2 1129611921.5 1.01966e-06 1129609400.0 1129617400.0 -45.8 37.2 18231790.0 10.0 1129614189.8 1.43066e-07 1 -1
1129220332.5 6.0 1129221056.5 1129221603.9 1129224726.0 1129222843.0 1129222089.9 2.85279e-06 1129221000.0 1129224800.0 -16.2 -173.3 8786864.0 12.0 1129222975.4 1.71513e-06 1 -1
1128836605.3 6.0 1128837167.4 1128837470.8 1128839594.0 1128838313.1 1128837800.8 4.62514e-06 1128837100.0 1128839600.0 48.9 156.2 5977376.0 12.0 1128839069.2 4.79315e-07 2 1128837796
1127338852.4 6.0 1127339700.4 1127340170.1 1127344698.6 1127342193.1 1127341190.9 1.96467e-06 1127339700.0 1127344700.0 -57.1 -142.4 11692340.0 10.0 1127342140.4 2.55459e-07 1 -1
1126941197.5 6.0 1126941966.9 1126942474.3 1126946155.9 1126944030.9 1126943180.9 1.93922e-06 1126941900.0 1126946200.0 -31.4 -71.3 9916754.0 58.0 1126944227.4 2.36704e-07 1 -1
1126627199.6 6.0 1126627858.0 1126628397.0 1126630970.6 1126629354.5 1126628708.0 3.50323e-06 1126627800.0 1126631000.0 15.3 -46.0 7542006.0 10.0 1126629966.1 8.81649e-07 1 -1
1134526270.3 6.0 1134527054.2 1134527562.1 1134531322.9 1134529157.5 1134528291.4 2.39634e-06 1134527000.0 1134531400.0 -18.4 169.4 10105060.0 10.0 1134529279.1 4.09682e-07 1 -1
1136021671.0 6.0 1136022503.2 1136022982.1 1136027319.2 1136024898.5 1136023930.3 2.06035e-06 1136022500.0 1136027400.0 -54.3 -136.3 11296350.0 10.0 1136025168.2 4.88530e-07 1 -1
1136627128.6 5.9 1136628331.9 1136628543.7 1136636271.7 1136632353.2 1136630785.8 7.94492e-07 1136628300.0 1136636300.0 -31.3 58.1 18286180.0 10.0 1136633364.9 1.20833e-07 1 -1
1136066407.2 5.9 1136067111.8 1136067644.2 1136070782.0 1136068907.1 1136068157.1 1.03236e-06 1136067100.0 1136070800.0 22.0 143.7 8749664.0 158.4 1136070355.4 7.07393e-08 0 -1
1131727770.7 5.9 1131728339.7 1131728636.3 1131730836.8 1131729522.7 1131728997.1 3.24192e-06 1131728300.0 1131730900.0 48.3 154.2 6132045.0 34.0 1131729593.2 3.04702e-07 2 1131728752
1128098023.8 5.9 1128098790.8 1128099304.0 1128102921.4 1128100822.4 1128099982.8 1.76518e-06 1128098700.0 1128103000.0 -30.3 -71.5 9795174.0 34.0 1128101030.7 4.14279e-07 1 -1
1127888832.8 5.9 1127889599.3 1127890112.1 1127893729.8 1127891631.1 1127890791.6 1.72681e-06 1127889500.0 1127893800.0 -30.3 -71.6 9793989.0 38.0 1127891843.0 3.40574e-07 0 -1
1127489302.8 5.9 1127490033.3 1127490536.7 1127494025.6 1127492001.5 1127491191.9 6.66063e-07 1127490000.0 1127494100.0 -23.8 -66.6 9445605.0 219.0 1127490930.0 3.23851e-08 2 1127490664
1136699779.2 5.9 1136700474.5 1136700993.9 1136704175.1 1136702291.2 1136701537.6 5.74811e-07 1136700400.0 1136704200.0 -15.2 -174.9 8791919.0 263.0 1136701219.9 4.12323e-08 0 -1
1126531963.0 5.9 1126532739.5 1126533252.1 1126536927.9 1126534800.1 1126533949.0 1.97879e-06 1126532700.0 1126537000.0 -32.1 -72.4 9929644.0 10.0 1126535152.2 1.70141e-07 0 -1
1126527291.9 5.9 1126528073.0 1126528582.7 1126532312.0 1126530160.5 1126529299.9 1.94899e-06 1126528000.0 1126532400.0 -32.9 -71.6 10040200.0 10.0 1126530957.1 2.81613e-07 0 -1
1126125164.0 5.9 1126125966.6 1126126463.5 1126130439.7 1126128178.7 1126127274.3 1.84004e-06 1126125900.0 1126130500.0 -32.6 -178.0 10551420.0 8.0 1126128435.1 8.53251e-07 0 -1
1135995689.6 5.8 1135996414.4 1135996961.7 1136000087.5 1135998202.7 1135997448.8 1.87845e-06 1135996400.0 1136000100.0 30.6 132.8 8795844.0 10.0 1135998734.2 4.02767e-08 0 -1
1135695752.6 5.8 1135696535.4 1135697037.9 1135700844.8 1135698662.4 1135697789.5 1.28503e-06 1135696500.0 1135700900.0 -29.1 -177.1 10184410.0 38.3 1135698568.1 1.27553e-07 1 -1
1135389118.9 5.8 1135389903.0 1135390406.6 1135394210.2 1135392028.2 1135391155.4 1.36451e-06 1135389900.0 1135394300.0 -6.3 154.8 10182500.0 28.7 1135391959.3 6.06551e-07 1 -1
1135101502.0 5.8 1135102290.7 1135102795.6 1135106613.1 1135104422.6 1135103546.4 1.52387e-06 1135102200.0 1135106700.0 -40.7 -86.4 10222170.0 10.0 1135105179.2 2.51458e-08 1 -1
1135033875.2 5.8 1135034730.5 1135035176.3 1135039985.8 1135037367.0 1135036319.4 5.97084e-07 1135034700.0 1135040000.0 -7.2 129.0 12221230.0 119.0 1135037217.6 2.75072e-08 1 -1
1134924926.9 5.8 1134925934.4 1134926311.6 1134932769.9 1134929408.6 1134928064.1 7.96675e-07 1134925900.0 1134932800.0 -54.2 -1.4 15685910.0 10.0 1134929740.9 1.51949e-07 1 -1
1134588322.5 5.8 1134589089.6 1134589600.3 1134593239.7 1134591132.3 1134590289.4 1.27430e-06 1134589000.0 1134593300.0 -30.6 -71.3 9834336.0 47.6 1134591345.4 1.76968e-07 1 -1
1133024922.1 5.8 1133025650.6 1133026195.3 1133029357.8 1133027456.8 1133026696.4 1.85666e-06 1133025600.0 1133029400.0 -14.9 -176.6 8871344.0 10.0 1133027421.4 1.25293e-07 0 -1
1132858386.5 5.8 1132859145.7 1132859669.2 1132863154.0 1132861110.8 1132860293.5 1.67018e-06 1132859100.0 1132863200.0 -23.6 -64.7 9535036.0 11.0 1132862293.1 5.39642e-08 0 -1
1132182347.7 5.8 1132183116.3 1132183630.0 1132187252.4 1132185150.4 1132184309.5 1.45335e-06 1132183100.0 1132187300.0 -30.6 -71.8 9809472.0 27.0 1132185356.6 2.46818e-07 1 -1
1132032729.5 5.8 1132033437.8 1132033995.9 1132036970.2 1132035152.7 1132034425.8 1.92543e-06 1132033400.0 1132037000.0 26.4 142.6 8481342.0 14.0 1132035449.2 4.86254e-07 1 -1
1131669590.5 5.8 1131670064.9 1131670409.4 1131671943.7 1131670935.2 1131670531.8 4.27251e-06 1131670000.0 1131672000.0 17.8 -81.8 4706372.0 6.7 1131671834.4 3.26233e-07 0 -1
1131320196.2 5.8 1131321051.0 1131321495.9 1131326309.9 1131323689.7 1131322641.7 5.71254e-07 1131321000.0 1131326400.0 -7.2 128.9 12227320.0 126.0 1131323532.6 2.83517e-08 1 -1
1130487350.5 5.8 1130487761.0 1130488092.3 1130489286.1 1130488456.6 1130488124.8 5.19059e-06 1130487700.0 1130489300.0 51.6 -173.3 3871092.0 13.0 1130488766.2 5.95511e-07 0 -1
1130426194.5 5.8 1130426930.3 1130427450.0 1130430841.2 1130428849.7 1130428053.2 9.30129e-07 1130426900.0 1130430900.0 -23.2 -68.4 9293388.0 111.0 1130427058.0 2.10927e-08 0 -1
1130100417.3 5.8 1130101167.8 1130101672.3 1130105267.1 1130103188.6 1130102357.3 7.27381e-07 1130101100.0 1130105300.0 -11.0 166.4 9699544.0 141.0 1130102179.4 1.18707e-08 0 -1
1129820354.7 5.8 1129821144.3 1129821648.6 1129825477.0 1129823281.7 1129822403.6 1.51914e-06 1129821100.0 1129825500.0 -29.3 -177.8 10244690.0 10.0 1129823975.5 2.04551e-07 0 -1
1129673019.8 5.8 1129673845.0 1129674328.4 1129678575.1 1129676194.3 1129675241.9 1.36893e-06 1129673800.0 1129678600.0 -2.2 138.3 11110460.0 8.0 1129676813.1 1.53031e-07 2 1129674015
1129297858.6 5.8 1129298667.8 1129299142.4 1129303371.2 1129301008.7 1129300063.7 7.53222e-07 1129298600.0 1129303400.0 13.9 120.6 11025230.0 106.0 1129301290.0 3.67775e-08 1 -1
1129116806.0 5.8 1129117572.3 1129118089.7 1129121665.4 1129119582.8 1129118749.7 1.56673e-06 1129117500.0 1129121700.0 -25.5 -64.5 9718949.0 17.0 1129120386.2 9.44841e-08 1 -1
1127887439.1 5.8 1127888233.6 1127888733.9 1127892629.2 1127890404.9 1127889515.1 1.44964e-06 1127888200.0 1127892700.0 -37.5 -73.7 10380320.0 14.5 1127891843.0 3.53475e-07 0 -1
1137176675.4 5.8 1137177451.7 1137177965.1 1137181632.5 1137179508.0 1137178658.2 1.62070e-06 1137177400.0 1137181700.0 -21.4 176.1 9914048.0 7.0 1137179521.6 3.51372e-07 0 -1
1136804675.0 5.8 1136805408.6 1136805949.7 1136809163.5 1136807239.9 1136806470.4 1.82676e-06 1136805400.0 1136809200.0 -15.6 -177.2 8977082.0 10.0 1136807282.6 5.31687e-07 0 -1
1135594635.1 5.8 1135595129.5 1135595461.2 1135597140.6 1135596066.8 1135595637.3 3.64435e-06 1135595100.0 1135597200.0 11.2 -86.6 5010921.0 20.0 1135596795.9 6.79661e-07 1 -1
1136664316.7 5.7 1136665098.6 1136665566.3 1136669680.2 1136667381.5 1136666462.1 2.29255e-07 1136665000.0 1136669700.0 36.6 71.0 10727010.0 239.0 1136669250.7 9.58075e-09 0 -1
1135743756.7 5.7 1135744371.5 1135744877.4 1135747655.8 1135745984.8 1135745316.4 3.28102e-08 1135744300.0 1135747700.0 44.9 130.0 7798104.0 583.1 1135747216.9 2.94660e-08 1 -1
1134747861.8 5.7 1134748632.8 1134749120.6 1134752984.5 1134750789.1 1134749910.9 4.19555e-07 1134748600.0 1134753000.0 -4.4 152.0 10245290.0 162.0 1134751124.7 1.59031e-08 1 -1
1133784331.7 5.7 1133785294.3 1133785687.1 1133791611.7 1133788491.7 1133787243.7 7.01342e-07 1133785200.0 1133791700.0 -58.9 -23.9 14559910.0 10.0 1133789180.2 6.15275e-08 1 -1
1133564032.1 5.7 1133564480.9 1133564824.2 1133566272.0 1133565312.1 1133564928.1 2.16879e-06 1133564400.0 1133566300.0 14.2 -90.9 4479869.0 84.0 1133565174.5 8.30253e-08 0 -1
1132513078.6 5.7 1132513923.5 1132514390.1 1132518931.3 1132516423.0 1132515419.7 8.43560e-07 1132513900.0 1132519000.0 1.4 126.3 11705320.0 33.2 1132516410.7 6.27172e-08 1 -1
1132251381.7 5.7 1132252179.7 1132252661.7 1132256749.5 1132254449.0 1132253528.9 5.94829e-07 1132252100.0 1132256800.0 36.4 71.4 10735630.0 102.0 1132255351.1 2.64734e-08 1 -1
1131564038.4 5.7 1131564772.0 1131565313.1 1131568527.1 1131566603.4 1131565833.9 1.46335e-06 1131564700.0 1131568600.0 31.4 128.8 8977374.0 10.0 1131567521.4 1.91837e-07 0 -1
1131017611.6 5.7 1131018019.2 1131018348.3 1131019535.8 1131018711.1 1131018381.3 4.07200e-06 1131018000.0 1131019600.0 51.5 -173.0 3848352.0 20.0 1131019155.1 4.91413e-07 0 -1
1131010514.3 5.7 1131011428.8 1131011849.5 1131017292.1 1131014387.3 1131013225.4 5.22231e-07 1131011400.0 1131017300.0 0.8 98.9 13555610.0 69.0 1131016443.8 6.99226e-07 1 -1
1131005634.4 5.7 1131006335.6 1131006870.1 1131009976.4 1131008115.5 1131007371.2 5.39673e-07 1131006300.0 1131010000.0 -17.3 -69.4 8683999.0 159.9 1131008452.3 1.84736e-08 1 -1
1130928841.2 5.7 1130929609.2 1130930120.3 1130933762.2 1130931653.2 1130930809.6 1.02653e-06 1130929600.0 1130933800.0 -30.7 -71.4 9842023.0 42.0 1130931854.8 1.31273e-07 0 -1
1130621119.0 5.7 1130622003.7 1130622452.5 1130627425.1 1130624722.5 1130623641.5 8.81592e-07 1130622000.0 1130627500.0 -8.3 124.9 12612240.0 10.3 1130624645.4 3.65096e-08 0 -1
1129368565.8 5.7 1129369247.0 1129369768.8 1129372862.3 1129371020.9 1129370284.4 2.00606e-07 1129369200.0 1129372900.0 27.1 140.2 8592980.0 304.0 1129370506.4 2.53425e-08 1 -1
1128101771.9 5.7 1128102203.2 1128102549.9 1128103899.5 1128102987.7 1128102622.9 2.20201e-06 1128102200.0 1128103900.0 51.9 -179.3 4255268.0 90.8 1128103080.8 9.50913e-08 0 -1
1127664429.3 5.7 1127665366.6 1127665768.7 1127671539.8 1127668492.5 1127667273.5 3.86659e-07 1127665300.0 1127671600.0 -56.2 -27.7 14220960.0 101.0 1127670504.7 3.09675e-07 1 -1
1127137755.5 5.7 1127137873.7 1127137966.8 1127138207.9 1127138014.0 1127137936.5 2.21630e-05 1127137800.0 1127138300.0 50.8 -130.2 904880.1 10.0 1127138163.8 5.84467e-06 0 -1
1126688846.5 5.7 1126689617.6 1126690129.5 1126693780.6 1126691666.0 1126690820.2 1.12736e-06 1126689600.0 1126693800.0 -31.1 -71.6 9868118.0 28.0 1126691866.9 2.12334e-07 1 -1
1126534773.0 5.7 1126535545.3 1126536060.5 1126539688.4 1126537581.8 1126536739.1 1.28505e-06 1126535500.0 1126539700.0 -30.9 -72.0 9830882.0 10.0 1126535604.8 1.73729e-07 0 -1
1136463139.4 5.6 1136463994.9 1136464461.7 1136469066.8 1136466526.5 1136465510.4 7.99649e-07 1136463900.0 1136469100.0 -57.7 -147.9 11854920.0 4.0 1136466774.8 2.50262e-07 1 -1
1136250738.0 5.6 1136251506.6 1136252019.5 1136255649.1 1136253544.3 1136252702.4 8.66407e-07 1136251500.0 1136255700.0 -30.7 -71.7 9822137.0 30.9 1136253766.3 2.13452e-07 0 -1
1135320947.0 5.6 1135321522.3 1135321798.3 1135324161.6 1135322783.9 1135322232.8 6.07512e-07 1135321500.0 1135324200.0 14.6 -61.4 6429151.0 152.9 1135323290.0 4.03082e-08 1 -1
1134092775.8 5.6 1134093633.0 1134094097.5 1134098736.5 1134096181.9 1134095160.1 7.56228e-07 1134093600.0 1134098800.0 -4.1 129.5 11921320.0 10.0 1134095090.4 2.54221e-08 0 -1
1133614584.4 5.6 1133615354.4 1133615867.7 1133619500.7 1133617393.7 1133616550.9 9.05872e-07 1133615300.0 1133619600.0 -30.8 -71.8 9832560.0 25.0 1133617606.8 1.33986e-07 1 -1
1133456986.3 5.6 1133457677.5 1133458151.3 1133461635.6 1133459643.1 1133458846.1 1.66210e-08 1133457600.0 1133461700.0 -18.2 -178.7 9298623.0 547.0 1133457687.2 1.34012e-08 1 -1
1132724697.1 5.6 1132725466.8 1132725983.6 1132729582.6 1132727488.8 1132726651.3 1.02818e-06 1132725400.0 1132729600.0 -30.4 -72.2 9771007.0 10.0 1132728385.7 1.33482e-07 1 -1
1132714284.8 5.6 1132714900.9 1132715285.2 1132717757.7 1132716269.3 1132715674.0 1.05446e-06 1132714900.0 1132717800.0 43.4 146.4 6945666.0 69.0 1132716515.2 5.52323e-09 1 -1
1132660004.2 5.6 1132660472.0 1132660811.0 1132662351.9 1132661345.7 1132660943.3 2.00850e-06 1132660400.0 1132662400.0 13.1 -88.9 4695458.0 52.0 1132661955.5 1.36369e-07 1 -1
1132346498.5 5.6 1132346900.7 1132347225.8 1132348400.1 1132347585.1 1132347259.1 2.99952e-06 1132346900.0 1132348500.0 17.0 -98.9 3803147.0 34.0 1132347941.8 8.84524e-07 1 -1
1131816593.3 5.6 1131817383.1 1131817885.5 1131821734.0 1131819530.9 1131818649.6 8.94489e-07 1131817300.0 1131821800.0 40.4 73.2 10281520.0 18.0 1131820452.3 1.11140e-07 0 -1
1131429874.2 5.6 1131430655.9 1131431161.3 1131434933.6 1131432765.3 1131431897.9 8.54071e-07 1131430600.0 1131435000.0 -29.9 -64.5 10118850.0 27.0 1131434276.4 8.69344e-08 0 -1
1131258410.7 5.6 1131258992.4 1131259288.6 1131261547.7 1131260203.3 1131259665.5 1.91799e-06 1131258900.0 1131261600.0 -9.1 -108.6 6273995.0 10.0 1131260339.6 6.54115e-07 1 -1
1131236834.8 5.6 1131237601.8 1131238119.7 1131241694.6 1131239611.8 1131238778.7 1.01232e-06 1131237600.0 1131241700.0 6.2 147.6 9719609.0 13.0 1131239786.9 9.91187e-08 0 -1
1131045304.4 5.6 1131046211.8 1131046647.7 1131051893.4 1131049069.6 1131047940.0 6.42527e-07 1131046200.0 1131051900.0 7.0 94.5 13178010.0 10.0 1131046511.7 9.61023e-08 0 -1
1131014794.5 5.6 1131015202.3 1131015531.7 1131016716.7 1131015892.9 1131015563.4 3.40789e-06 1131015200.0 1131016800.0 51.5 -172.9 3844581.0 16.0 1131016443.8 5.07801e-07 1 -1
1130651565.4 5.6 1130652359.3 1130652861.0 1130656739.3 1130654521.9 1130653635.0 9.42925e-07 1130652300.0 1130656800.0 -3.5 149.7 10347820.0 10.0 1130652386.7 2.84635e-07 0 -1
1129595276.6 5.6 1129596116.6 1129596590.7 1129601025.3 1129598561.5 1129597576.0 7.94720e-07 1129596100.0 1129601100.0 29.6 70.3 11497380.0 11.0 1129599624.3 1.41991e-07 0 -1
1129408409.1 5.6 1129409291.8 1129409741.9 1129414688.0 1129411997.0 1129410920.6 7.00419e-07 1129409200.0 1129414700.0 -57.4 -65.9 12557890.0 9.1 1129414054.2 9.39934e-07 0 -1
1129139556.9 5.6 1129140359.2 1129140855.8 1129144832.4 1129142571.5 1129141667.1 9.14417e-07 1129140300.0 1129144900.0 -42.7 -82.5 10550900.0 10.1 1129142986.2 1.55063e-08 1 -1
1129012723.2 5.6 1129013220.6 1129013507.0 1129015441.8 1129014276.7 1129013810.6 2.69500e-07 1129013200.0 1129015500.0 55.6 159.2 5437189.0 285.0 1129014441.6 1.93954e-08 0 -1
1128672318.6 5.6 1128673159.4 1128673630.6 1128678099.5 1128675622.0 1128674631.0 7.22793e-07 1128673100.0 1128678100.0 -40.6 176.3 11561850.0 22.0 1128675685.3 8.03161e-08 1 -1
1128654936.2 5.6 1128655708.1 1128656221.0 1128659868.6 1128657754.7 1128656909.1 9.30053e-07 1128655700.0 1128659900.0 -31.2 -71.8 9864880.0 21.0 1128658058.1 9.72066e-08 1 -1
1126900585.7 5.6 1126901359.3 1126901869.5 1126905551.0 1126903423.0 1126902571.8 8.69336e-07 1126901300.0 1126905600.0 -31.8 -71.6 9930613.0 28.4 1126901521.9 2.30818e-07 0 -1
1126599514.9 5.6 1126600292.4 1126600805.2 1126604484.0 1126602354.4 1126601502.5 1.03420e-06 1126600200.0 1126604500.0 -32.2 -72.4 9938352.0 6.0 1126603130.2 1.72735e-07 1 -1
1137204824.2 5.6 1137205608.6 1137206112.4 1137209916.6 1137207734.1 1137206861.2 8.45110e-07 1137205600.0 1137210000.0 22.9 121.3 10184650.0 27.1 1137208649.3 2.39191e-08 0 -1
1137021766.0 5.6 1137022630.5 1137023092.1 1137027805.1 1137025216.9 1137024181.7 7.75480e-07 1137022600.0 1137027900.0 -3.9 127.2 12078170.0 4.1 1137025873.4 1.44806e-07 0 -1
1136812506.2 5.6 1136813322.8 1136813805.4 1136818008.0 1136815650.1 1136814706.9 7.05569e-07 1136813300.0 1136818100.0 9.7 126.3 11003670.0 35.0 1136815711.7 7.24493e-08 0 -1
1126166270.5 5.6 1126166577.8 1126166831.0 1126167562.5 1126167008.8 1126166787.3 5.72001e-06 1126166500.0 1126167600.0 24.8 -109.5 2584039.0 10.0 1126167279.7 7.63307e-07 0 -1
1134572633.0 5.5 1134573566.2 1134573983.6 1134579578.8 1134576602.0 1134575411.3 3.89854e-07 1134573500.0 1134579600.0 -8.4 107.0 13891470.0 27.0 1134577920.7 3.63795e-08 1 -1
1133998391.9 5.5 1133999177.6 1133999684.4 1134003467.7 1134001292.4 1134000422.2 7.62680e-07 1133999100.0 1134003500.0 -41.1 -90.1 10151740.0 10.0 1134001512.5 5.24455e-08 1 -1
1133741389.8 5.5 1133742179.5 1133742683.8 1133746513.2 1133744317.5 1133743439.2 7.51571e-07 1133742100.0 1133746600.0 -35.9 -73.3 10246760.0 10.0 1133744542.8 8.84051e-08 1 -1
1133512273.7 5.5 1133513056.0 1133513562.3 1133517330.8 1133515163.5 1133514296.6 6.93309e-07 1133513000.0 1133517400.0 41.7 74.6 10114170.0 21.5 1133513446.2 3.79475e-05 0 -1
1132949962.3 5.5 1132950972.4 1132951347.9 1132957838.1 1132954462.7 1132953112.6 3.60232e-07 1132950900.0 1132957900.0 -8.8 67.7 15751570.0 10.0 1132957454.9 1.87852e-08 1 -1
1132433119.3 5.5 1132433936.3 1132434424.1 1132438576.8 1132436237.9 1132435302.3 6.79615e-07 1132433900.0 1132438600.0 -0.1 -17.8 10914950.0 10.0 1132436463.2 7.78411e-08 0 -1
1131277540.9 5.5 1131278460.6 1131278875.9 1131284404.1 1131281462.7 1131280286.2 2.43581e-07 1131278400.0 1131284500.0 -8.9 110.2 13726420.0 83.0 1131280903.7 5.53251e-08 0 -1
1131091986.6 5.5 1131092891.9 1131093323.7 1131098598.9 1131095765.0 1131094631.5 3.96105e-07 1131092800.0 1131098600.0 6.4 94.8 13224660.0 35.0 1131096810.1 5.55381e-08 1 -1
1130960430.5 5.5 1130961240.5 1130961726.7 1130965851.9 1130963528.5 1130962599.1 5.42057e-07 1130961200.0 1130965900.0 16.5 119.8 10842760.0 37.0 1130964799.2 1.42683e-08 1 -1
1130776375.8 5.5 1130777166.4 1130777670.1 1130781511.0 1130779310.2 1130778429.8 7.48852e-07 1130777100.0 1130781600.0 -3.7 150.9 10270490.0 10.0 1130779461.6 4.23806e-08 1 -1
1130447397.8 5.5 1130448184.9 1130448691.5 1130452484.5 1130450304.5 1130449432.4 7.80397e-07 1130448100.0 1130452500.0 22.8 121.7 10173480.0 7.0 1130451389.8 2.04093e-08 0 -1
1129743096.4 5.5 1129743857.3 1129744324.8 1129748302.2 1129746071.2 1129745178.7 5.10579e-08 1129743800.0 1129748400.0 -30.2 -179.3 10411730.0 313.7 1129745173.6 1.19561e-08 1 -1
1128502582.4 5.5 1128503554.4 1128503945.3 1128509981.3 1128506810.3 1128505542.0 4.04113e-07 1128503500.0 1128510000.0 -60.7 -20.8 14797730.0 10.0 1128504876.4 6.49996e-08 1 -1
1128450473.7 5.5 1128451245.9 1128451755.6 1128455434.4 1128453308.3 1128452457.9 6.34875e-07 1128451200.0 1128455500.0 -31.7 -71.7 9921439.0 35.0 1128453547.0 6.81141e-08 1 -1
1127965806.5 5.5 1127966576.8 1127967094.2 1127970690.4 1127968597.3 1127967760.0 8.39690e-07 1127966500.0 1127970700.0 -30.3 -72.1 9767845.0 5.9 1127969659.3 5.17375e-08 1 -1
1127357790.7 5.5 1127358645.5 1127359093.7 1127363876.1 1127361268.1 1127360224.9 2.42658e-07 1127358600.0 1127363900.0 -7.2 129.6 12170750.0 107.0 1127361900.9 6.32816e-09 1 -1
1127326661.9 5.5 1127327459.8 1127327960.7 1127331870.3 1127329638.1 1127328745.2 7.79135e-07 1127327400.0 1127331900.0 -6.3 151.7 10416870.0 2.9 1127329882.7 9.77384e-08 1 -1
1127323423.8 5.5 1127324210.6 1127324630.7 1127329202.7 1127326726.0 1127325735.4 7.31234e-09 1127324200.0 1127329300.0 5.3 123.8 11557700.0 516.0 1127328940.7 9.51626e-09 1 -1
1126895830.5 5.5 1126896601.0 1126897113.5 1126900756.4 1126898645.3 1126897800.9 6.88855e-07 1126896600.0 1126900800.0 -31.0 -71.8 9851749.0 26.9 1126896677.1 3.13417e-07 0 -1
1136808946.5 5.5 1136809864.2 1136810294.2 1136815665.6 1136812785.9 1136811634.1 4.79698e-07 1136809800.0 1136815700.0 -53.3 159.8 13438180.0 10.0 1136815636.0 6.07606e-08 0 -1
1126557648.8 5.5 1126558418.1 1126558936.2 1126562521.3 1126560433.1 1126559597.8 8.44219e-07 1126558400.0 1126562600.0 -30.0 -71.9 9745174.0 5.7 1126560768.8 3.47648e-08 0 -1
1126515541.7 5.5 1126516066.4 1126516376.0 1126518302.6 1126517119.4 1126516646.1 1.09888e-06 1126516000.0 1126518400.0 53.3 159.7 5521646.0 68.1 1126517237.4 2.30113e-08 0 -1
1126503897.0 5.5 1126504672.5 1126505185.7 1126508851.4 1126506728.0 1126505878.7 7.92119e-07 1126504600.0 1126508900.0 -31.8 -72.1 9908776.0 10.0 1126504891.0 3.13600e-07 0 -1
1126493986.1 5.5 1126494755.6 1126495267.0 1126498915.0 1126496802.6 1126495957.7 6.41261e-07 1126494700.0 1126499000.0 -31.0 -71.5 9857922.0 35.0 1126494853.1 2.41304e-07 0 -1
1126131385.1 5.5 1126132192.1 1126132682.1 1126136751.7 1126134451.7 1126133531.7 6.01486e-07 1126132100.0 1126136800.0 -6.1 147.4 10733090.0 27.0 1126134522.7 4.19788e-08 0 -1
1136383974.1 5.4 1136384716.0 1136385245.2 1136388594.4 1136386614.3 1136385822.3 5.27028e-07 1136384700.0 1136388600.0 27.7 129.7 9240562.0 37.5 1136387476.9 1.17303e-08 1 -1
1136326909.4 5.4 1136327809.0 1136328234.8 1136333528.8 1136330691.9 1136329557.2 1.73071e-07 1136327800.0 1136333600.0 -9.4 117.7 13238750.0 88.9 1136327898.6 3.82547e-08 0 -1
1135632595.9 5.4 1135633387.0 1135633886.6 1135637770.2 1135635552.6 1135634665.6 4.85724e-07 1135633300.0 1135637800.0 -30.4 -178.0 10348670.0 27.3 1135635910.6 1.53474e-08 1 -1
1135140212.2 5.4 1135141413.3 1135141625.4 1135149229.6 1135145365.0 1135143819.2 2.05804e-07 1135141400.0 1135149300.0 -42.0 84.5 18034700.0 10.0 1135146778.9 1.07975e-08 1 -1
1134512233.5 5.4 1134513066.6 1134513545.0 1134517891.8 1134515466.8 1134514496.8 4.95737e-07 1134513000.0 1134517900.0 29.4 81.7 11316430.0 10.0 1134516294.6 2.56248e-08 0 -1
1134474425.3 5.4 1134475252.3 1134475734.2 1134480008.8 1134477615.9 1134476658.7 5.07060e-07 1134475200.0 1134480100.0 -1.3 -15.8 11167110.0 10.0 1134477921.4 1.00615e-07 1 -1
1134423116.6 5.4 1134423675.0 1134423914.3 1134426419.1 1134425003.7 1134424437.6 1.60622e-08 1134423600.0 1134426500.0 48.0 146.9 6604848.0 443.4 1134423671.9 6.61335e-08 0 -1
1134024146.1 5.4 1134025002.7 1134025455.0 1134030209.4 1134027610.9 1134026571.5 2.28013e-07 1134025000.0 1134030300.0 -6.9 129.9 12126610.0 76.8 1134029185.9 1.68490e-08 0 -1
1133708235.0 5.4 1133709092.3 1133709556.7 1133714196.7 1133711641.7 1133710619.7 4.53103e-07 1133709000.0 1133714200.0 -4.1 129.5 11923380.0 10.0 1133710180.8 3.15314e-08 0 -1
1133705658.4 5.4 1133706515.4 1133706980.0 1133711616.9 1133709063.3 1133708041.8 4.53529e-07 1133706500.0 1133711700.0 -4.1 129.6 11916890.0 10.0 1133706651.3 4.76886e-08 0 -1
1133517915.3 5.4 1133518712.6 1133519210.0 1133523150.8 1133520907.0 1133520009.5 5.12446e-07 1133518700.0 1133523200.0 38.6 73.2 10471040.0 19.9 1133518797.8 7.90245e-07 0 -1
1133488045.5 5.4 1133488834.1 1133489334.1 1133493198.3 1133490990.0 1133490106.6 4.64763e-07 1133488800.0 1133493200.0 -30.1 -177.6 10305720.0 32.5 1133491298.9 6.96033e-08 0 -1
1133466712.5 5.4 1133467480.8 1133467992.3 1133471632.1 1133469523.7 1133468680.3 4.70522e-07 1133467400.0 1133471700.0 -10.6 164.1 9839292.0 38.9 1133470776.8 2.55972e-08 2 1133468426
1133238367.8 5.4 1133239085.1 1133239637.8 1133242689.9 1133240837.6 1133240096.6 7.67206e-07 1133239000.0 1133242700.0 21.5 145.7 8644086.0 10.0 1133241261.2 1.25151e-07 0 -1
1133134046.9 5.4 1133134837.9 1133135341.4 1133139186.0 1133136983.5 1133136102.5 5.82305e-07 1133134800.0 1133139200.0 39.3 40.3 10278220.0 10.0 1133137340.1 4.61809e-08 1 -1
1132785187.3 5.4 1132786023.8 1132786497.2 1132790917.5 1132788461.7 1132787479.4 4.23400e-07 1132786000.0 1132791000.0 3.8 126.9 11460370.0 23.8 1132789959.8 2.93821e-08 1 -1
1132757256.3 5.4 1132758184.1 1132758600.3 1132764174.0 1132761209.3 1132760023.4 2.32854e-07 1132758100.0 1132764200.0 -7.0 106.0 13835550.0 50.5 1132762275.2 1.12550e-08 1 -1
1132751515.8 5.4 1132752422.1 1132752858.7 1132758091.4 1132755273.3 1132754146.1 3.80759e-07 1132752400.0 1132758100.0 15.2 59.5 13151130.0 10.0 1132756456.8 3.95273e-08 1 -1
1132648458.6 5.4 1132649298.8 1132649767.0 1132654262.1 1132651774.9 1132650780.0 3.55518e-07 1132649200.0 1132654300.0 22.5 94.9 11606960.0 39.4 1132652628.7 2.68210e-08 1 -1
1132521455.5 5.4 1132522285.1 1132522765.0 1132527074.6 1132524666.4 1132523703.1 4.91840e-07 1132522200.0 1132527100.0 31.9 49.5 11238120.0 12.0 1132525397.1 1.94956e-08 1 -1
1132368395.3 5.4 1132369162.1 1132369680.8 1132373247.2 1132371167.8 1132370336.0 6.39346e-07 1132369100.0 1132373300.0 -24.8 -175.6 9703806.0 10.0 1132372419.6 1.41161e-07 2 1132370126
1131452514.0 5.4 1131453241.5 1131453785.4 1131456949.1 1131455048.4 1131454288.1 6.94800e-07 1131453200.0 1131457000.0 17.3 147.2 8870092.0 16.0 1131455572.9 5.10816e-08 0 -1
1130834664.5 5.4 1130835433.4 1130835951.2 1130839536.5 1130837448.5 1130836613.3 6.44622e-07 1130835400.0 1130839600.0 -30.1 -72.3 9743980.0 8.5 1130838058.7 5.36635e-08 1 -1
1130384944.5 5.4 1130385586.9 1130386112.6 1130388621.5 1130387045.6 1130386415.3 6.79999e-07 1130385500.0 1130388700.0 41.6 142.0 7354019.0 47.0 1130387587.2 2.62803e-08 0 -1
1129979115.4 5.4 1129980299.7 1129980513.4 1129987428.8 1129983865.9 1129982440.7 2.43275e-07 1129980200.0 1129987500.0 -16.6 66.5 16626790.0 10.0 1129980967.0 9.94702e-09 1 -1
1129336631.5 5.4 1129337379.0 1129337896.9 1129341365.7 1129339336.7 1129338525.2 3.40506e-07 1129337300.0 1129341400.0 12.9 143.9 9468505.0 78.0 1129339681.4 9.91813e-09 1 -1
1129149910.9 5.4 1129150694.0 1129151194.1 1129155023.2 1129152832.2 1129151955.8 3.93088e-07 1129150600.0 1129155100.0 -5.1 152.9 10224650.0 50.8 1129152964.6 4.64676e-07 1 -1
1128938865.1 5.4 1128939466.5 1128939741.5 1128942241.8 1128940794.6 1128940215.8 4.69857e-07 1128939400.0 1128942300.0 -2.5 -78.8 6753251.0 97.1 1128941442.2 8.83842e-09 1 -1
1128220238.6 5.4 1128220789.6 1128221098.0 1128223141.6 1128221897.4 1128221399.8 1.36983e-06 1128220700.0 1128223200.0 -3.9 -104.1 5806087.0 10.0 1128222115.1 1.02483e-07 1 -1
1127900655.5 5.4 1127901851.8 1127902064.4 1127909436.8 1127905673.4 1127904168.0 2.17507e-07 1127901800.0 1127909500.0 -26.2 70.8 17562650.0 10.0 1127909436.0 2.22081e-08 0 -1
1127774987.6 5.4 1127775703.7 1127776240.6 1127779402.1 1127777510.2 1127776753.4 3.32896e-07 1127775700.0 1127779500.0 -16.3 -173.9 8829104.0 91.5 1127778015.9 8.01800e-09 0 -1
1127669171.2 5.4 1127669555.8 1127669867.1 1127670965.4 1127670196.4 1127669888.9 1.87598e-06 1127669500.0 1127671000.0 18.0 -101.3 3588389.0 42.0 1127670504.7 2.37696e-07 1 -1
1127604067.8 5.4 1127604886.5 1127605371.2 1127609565.4 1127607209.3 1127606266.8 4.76375e-07 1127604800.0 1127609600.0 -2.6 140.2 10995340.0 19.0 1127607940.4 2.04651e-08 1 -1
1127436160.6 5.4 1127436799.9 1127437322.0 1127439767.3 1127438221.5 1127437603.2 1.00683e-06 1127436700.0 1127439800.0 20.1 -45.5 7213416.0 10.0 1127438506.7 1.23875e-07 1 -1
1127423102.0 5.4 1127423873.8 1127424383.5 1127428060.5 1127425935.4 1127425085.4 4.73706e-07 1127423800.0 1127428100.0 -31.7 -71.7 9916933.0 36.9 1127426350.3 4.71168e-08 1 -1
1127272864.6 5.4 1127273657.5 1127274158.6 1127278037.7 1127275820.7 1127274933.8 5.46457e-07 1127273600.0 1127278100.0 -21.0 169.0 10346190.0 15.3 1127274115.2 1.17598e-06 0 -1
1127060334.9 5.4 1127061271.1 1127061690.2 1127067288.0 1127064308.1 1127063116.2 3.39402e-07 1127061200.0 1127067300.0 -6.0 103.6 13906090.0 11.3 1127064405.9 6.16857e-09 1 -1
1126885045.0 5.4 1126885815.7 1126886328.4 1126889970.5 1126887859.6 1126887015.2 5.35356e-07 1126885800.0 1126890000.0 -31.0 -71.8 9850948.0 25.6 1126888100.3 8.82983e-08 1 -1
1126686701.6 5.4 1126687470.4 1126687988.4 1126691572.3 1126689484.9 1126688649.9 6.48013e-07 1126687400.0 1126691600.0 -30.1 -72.2 9741434.0 8.0 1126690095.2 8.79414e-08 1 -1
1137122455.8 5.4 1137122920.8 1137123269.3 1137124748.3 1137123765.8 1137123372.8 1.88005e-06 1137122900.0 1137124800.0 17.1 -84.6 4585166.0 10.0 1137124478.5 1.04083e-07 0 -1
1126142011.6 5.4 1126142856.5 1126143304.2 1126148025.1 1126145447.9 1126144417.0 1.20537e-07 1126142800.0 1126148100.0 0.0 123.4 12026980.0 143.0 1126143753.6 1.08143e-08 0 -1
1126100298.9 5.4 1126100937.4 1126101459.5 1126103943.4 1126102381.4 1126101756.7 6.75520e-07 1126100900.0 1126104000.0 41.9 142.7 7289020.0 49.0 1126102471.5 4.50998e-08 0 -1
1136586013.3 5.3 1136586728.4 1136587186.0 1136590948.7 1136588833.5 1136587987.5 1.20229e-09 1136586700.0 1136591000.0 -23.1 179.1 9870808.0 552.5 1136587952.9 1.74982e-08 1 -1
1136325311.4 5.3 1136325673.8 1136325967.9 1136326957.6 1136326252.1 1136325969.9 1.83484e-06 1136325600.0 1136327000.0 18.8 -107.1 3292397.0 31.1 1136326577.2 3.33210e-07 0 -1
1136121552.6 5.3 1136121984.1 1136122332.0 1136123622.4 1136122735.3 1136122380.5 1.72828e-06 1136121900.0 1136123700.0 15.4 -95.2 4139517.0 10.0 1136123148.4 2.86854e-07 1 -1
1136091553.4 5.3 1136092385.9 1136092863.6 1136097215.2 1136094788.7 1136093818.1 3.60719e-07 1136092300.0 1136097300.0 -54.5 -136.8 11323550.0 14.5 1136095013.6 3.40798e-08 0 -1
1135264806.1 5.3 1135265535.4 1135266079.5 1135269250.2 1135267345.6 1135266583.8 5.72213e-07 1135265500.0 1135269300.0 -33.0 -108.8 8888180.0 10.0 1135267372.2 3.14905e-08 1 -1
1134391460.2 5.3 1134392259.8 1134392746.4 1134396801.7 1134394512.5 1134393596.8 2.16661e-07 1134392200.0 1134396900.0 17.8 120.6 10683090.0 70.0 1134396130.6 7.60873e-09 1 -1
1134333534.1 5.3 1134334273.8 1134334804.5 1134338131.2 1134336161.0 1134335372.9 4.00663e-07 1134334200.0 1134338200.0 -19.6 -174.9 9194158.0 37.3 1134334908.7 2.35423e-08 1 -1
1134006754.7 5.3 1134007334.3 1134007623.3 1134009922.5 1134008564.9 1134008021.8 5.74292e-07 1134007300.0 1134010000.0 46.7 152.6 6335705.0 56.7 1134008675.6 3.34180e-08 1 -1
1133733179.2 5.3 1133734385.9 1133734597.2 1133742562.1 1133738540.8 1133736932.3 1.37396e-07 1133734300.0 1133742600.0 -37.7 51.3 18765730.0 10.0 1133734467.7 1.86654e-08 0 -1
1133703193.1 5.3 1133703882.9 1133704381.2 1133707680.3 1133705757.2 1133704988.0 7.46185e-09 1133703800.0 1133707700.0 -15.2 -177.8 8974342.0 401.5 1133703882.2 1.00226e-06 0 -1
1133409805.2 5.3 1133410594.3 1133411098.7 1133414923.7 1133412730.0 1133411852.6 4.46614e-07 1133410500.0 1133415000.0 -7.2 155.0 10236970.0 11.1 1133413285.9 1.75924e-08 0 -1
1133316617.7 5.3 1133317376.6 1133317900.1 1133321383.3 1133319340.9 1133318523.9 5.01387e-07 1133317300.0 1133321400.0 -23.5 -64.6 9531209.0 11.6 1133317450.9 3.17456e-08 0 -1
1133191765.5 5.3 1133192549.5 1133193032.5 1133197022.2 1133194769.3 1133193868.2 9.80647e-08 1133192500.0 1133197100.0 -5.7 149.8 10513350.0 144.2 1133192666.9 1.10761e-08 1 -1
1133086126.0 5.3 1133086906.8 1133087407.4 1133091218.5 1133089036.0 1133088163.0 2.74157e-07 1133086900.0 1133091300.0 -6.2 154.7 10184950.0 56.1 1133088955.9 5.16283e-08 1 -1
1132929941.3 5.3 1132930676.9 1132931184.2 1132934671.3 1132932644.2 1132931833.3 7.96015e-08 1132930600.0 1132934700.0 -24.3 -67.2 9459877.0 179.3 1132933976.6 1.20634e-08 1 -1
1132170352.4 5.3 1132171083.4 1132171626.3 1132174814.0 1132172901.9 1132172137.0 5.68593e-07 1132171000.0 1132174900.0 -18.1 -172.6 8923203.0 10.0 1132173446.8 2.63625e-07 1 -1
1131555228.3 5.3 1131556136.3 1131556571.9 1131561824.9 1131558997.8 1131557867.0 2.86004e-07 1131556100.0 1131561900.0 6.8 94.5 13193150.0 10.0 1131560152.4 1.82186e-08 0 -1
1131513952.5 5.3 1131514690.8 1131515228.7 1131518489.7 1131516545.2 1131515767.4 5.53236e-07 1131514600.0 1131518500.0 7.2 -34.3 9074391.0 10.0 1131517165.8 2.93634e-08 0 -1
1131293524.3 5.3 1131294236.2 1131294782.3 1131297858.0 1131296000.7 1131295257.8 3.47465e-07 1131294200.0 1131297900.0 22.0 144.9 8667395.0 58.9 1131295912.8 1.42935e-08 1 -1
1131212920.1 5.3 1131213651.0 1131214174.3 1131217511.1 1131215543.5 1131214756.5 1.81163e-07 1131213600.0 1131217600.0 -22.2 -68.7 9181916.0 109.3 1131214697.1 3.45926e-09 0 -1
1131084752.7 5.3 1131085659.1 1131086092.7 1131091356.7 1131088526.4 1131087394.3 2.46485e-07 1131085600.0 1131091400.0 6.5 94.9 13207970.0 23.3 1131090214.8 7.91511e-09 1 -1
1131079604.7 5.3 1131080341.9 1131080862.8 1131084251.9 1131082260.2 1131081463.6 1.98717e-07 1131080300.0 1131084300.0 -23.6 -69.0 9294412.0 99.2 1131082764.2 1.15589e-08 1 -1
1130925991.8 5.3 1130926727.5 1130927267.1 1130930502.6 1130928569.4 1130927796.1 5.58505e-07 1130926700.0 1130930600.0 -18.2 -174.1 9021713.0 10.0 1130926782.9 8.39337e-08 0 -1
1130807413.5 5.3 1130807801.4 1130808115.1 1130809210.4 1130808440.3 1130808132.3 1.88172e-06 1130807800.0 1130809300.0 52.3 -169.4 3593813.0 18.8 1130808711.4 2.48563e-07 1 -1
1130659950.9 5.3 1130660873.0 1130661296.4 1130666762.2 1130663843.1 1130662675.4 2.18222e-07 1130660800.0 1130666800.0 0.6 98.0 13622580.0 28.9 1130664889.4 1.80191e-08 1 -1
1130488292.3 5.3 1130488702.9 1130489034.3 1130490226.0 1130489397.3 1130489065.8 1.88806e-06 1130488700.0 1130490300.0 51.6 -173.3 3867388.0 10.0 1130488778.5 4.55202e-07 0 -1
1130391748.5 5.3 1130392581.7 1130393051.1 1130397488.1 1130395028.2 1130394044.3 2.24201e-07 1130392500.0 1130397500.0 -39.4 175.9 11479260.0 55.4 1130393528.1 2.79600e-08 0 -1
1130301852.8 5.3 1130302736.5 1130303177.4 1130308221.9 1130305492.3 1130304400.5 1.88569e-07 1130302700.0 1130308300.0 -9.1 124.1 12738250.0 53.7 1130307973.7 5.21062e-09 0 -1
1130122185.0 5.3 1130122627.3 1130122972.3 1130124387.8 1130123443.8 1130123066.1 6.30108e-07 1130122600.0 1130124400.0 51.8 178.5 4405662.0 93.9 1130123556.2 1.56269e-08 1 -1
1129983338.3 5.3 1129984522.0 1129984735.8 1129991630.2 1129988076.5 1129986655.1 1.80358e-07 1129984500.0 1129991700.0 -16.3 67.1 16583820.0 10.0 1129988808.7 1.64914e-08 1 -1
1129571279.1 5.3 1129572006.0 1129572553.3 1129575689.3 1129573799.2 1129573043.2 6.17511e-07 1129572000.0 1129575700.0 17.9 147.2 8820372.0 4.2 1129574396.4 2.56288e-08 1 -1
1129511847.3 5.3 1129512771.1 1129513196.4 1129518653.7 1129515736.7 1129514569.9 2.54108e-07 1129512700.0 1129518700.0 -60.3 -45.4 13612780.0 15.3 1129515296.8 1.97867e-08 1 -1
1129442706.2 5.3 1129443373.0 1129443920.1 1129446572.5 1129444915.5 1129444252.7 6.10204e-07 1129443300.0 1129446600.0 37.3 141.1 7732694.0 24.2 1129444990.2 9.81483e-09 0 -1
1129256274.1 5.3 1129257052.3 1129257563.8 1129261259.8 1129259123.1 1129258268.4 4.72893e-07 1129257000.0 1129261300.0 24.8 122.0 9971403.0 10.0 1129260062.9 2.51913e-08 1 -1
1128005451.4 5.3 1128006147.7 1128006698.7 1128009668.2 1128007861.0 1128007138.1 2.51725e-07 1128006100.0 1128009700.0 -16.3 -72.1 8433703.0 92.0 1128008348.8 2.87836e-08 1 -1
1127693117.8 5.3 1127694050.3 1127694466.7 1127700068.9 1127697089.9 1127695898.3 1.98314e-07 1127694000.0 1127700100.0 -6.0 103.7 13902240.0 34.0 1127697057.6 1.37593e-08 1 -1
1126948969.4 5.3 1126949722.2 1126950209.5 1126953964.3 1126951823.6 1126950967.4 4.20066e-08 1126949700.0 1126954000.0 -16.0 168.1 9989678.0 228.9 1126950321.5 1.36213e-08 1 -1
1137257680.8 5.3 1137258474.6 1137258976.4 1137262853.5 1137260636.6 1137259749.9 4.44079e-07 1137258400.0 1137262900.0 -22.9 171.5 10345280.0 10.0 1137261532.0 3.61516e-08 0 -1
1134944915.5 5.3 1134945646.2 1134946189.3 1134949374.9 1134947463.7 1134946699.3 5.69030e-07 1134945600.0 1134949400.0 -17.3 -173.7 8918955.0 10.0 1134949270.9 1.72091e-08 0 -1
1126543954.9 5.3 1126544722.3 1126545240.7 1126548813.2 1126546731.1 1126545898.2 4.94004e-07 1126544700.0 1126548900.0 -29.8 -72.1 9716485.0 10.0 1126547011.2 6.73579e-09 0 -1
1126541332.5 5.3 1126542102.0 1126542613.4 1126546261.2 1126544148.9 1126543304.0 3.65842e-07 1126542100.0 1126546300.0 -30.9 -71.4 9857516.0 35.0 1126542215.0 1.28610e-08 0 -1
1126482108.5 5.3 1126482877.8 1126483393.5 1126487000.1 1126484903.7 1126484065.2 4.56166e-07 1126482800.0 1126487100.0 -30.5 -72.1 9783159.0 16.2 1126482881.4 1.20738e-04 0 -1
1126452161.1 5.3 1126452957.6 1126453457.7 1126457365.7 1126455135.2 1126454243.0 4.39419e-07 1126452900.0 1126457400.0 -6.1 151.5 10409120.0 10.0 1126453126.4 1.61788e-07 0 -1
1126381071.8 5.3 1126381851.6 1126382360.8 1126386086.6 1126383937.4 1126383077.7 4.40208e-07 1126381800.0 1126386100.0 24.2 121.9 10029610.0 15.6 1126383481.6 3.94595e-08 0 -1
1126165253.6 5.3 1126165559.5 1126165811.7 1126166537.7 1126165987.3 1126165767.2 3.14370e-06 1126165500.0 1126166600.0 24.9 -109.7 2568218.0 10.0 1126166428.2 2.94827e-07 0 -1
1136590790.6 5.2 1136591633.1 1136592063.6 1136596929.9 1136594298.8 1136593246.3 1.23629e-08 1136591600.0 1136597000.0 -7.0 128.0 12278590.0 251.3 1136596724.7 2.40647e-08 1 -1
1136233436.8 5.2 1136233993.1 1136234288.2 1136236439.0 1136235152.4 1136234637.7 3.63970e-07 1136233900.0 1136236500.0 49.4 155.3 6004339.0 75.6 1136234863.4 1.00806e-08 0 -1
1136061393.7 5.2 1136062211.5 1136062696.7 1136066879.8 1136064528.6 1136063588.2 2.71785e-07 1136062200.0 1136066900.0 10.1 126.2 10972130.0 19.1 1136066809.7 6.18547e-08 0 -1
1136006927.2 5.2 1136007772.4 1136008222.1 1136012926.8 1136010355.6 1136009327.1 5.78807e-08 1136007700.0 1136013000.0 -6.0 130.6 11999290.0 130.3 1136009671.0 4.25980e-08 1 -1
1135953390.9 5.2 1135954191.9 1135954688.7 1135958656.6 1135956399.9 1135955497.2 3.17625e-07 1135954100.0 1135958700.0 19.2 121.0 10531410.0 12.6 1135956786.9 2.48884e-08 1 -1
1135759059.5 5.2 1135759847.2 1135760320.2 1135764424.5 1135762125.2 1135761205.5 3.44986e-08 1135759800.0 1135764500.0 36.5 70.9 10729850.0 189.0 1135763736.6 5.70168e-09 1 -1
1135355182.0 5.2 1135356035.9 1135356494.2 1135361174.4 1135358606.2 1135357579.0 1.54929e-07 1135356000.0 1135361200.0 -3.8 128.4 11984890.0 51.0 1135358705.1 1.60366e-08 1 -1
1135348784.8 5.2 1135349574.4 1135350078.8 1135353906.5 1135351711.5 1135350833.5 3.44803e-07 1135349500.0 1135354000.0 -5.2 152.8 10243390.0 10.0 1135351876.1 3.78102e-08 1 -1
1135203094.3 5.2 1135203908.0 1135204388.3 1135208594.0 1135206237.0 1135205294.2 1.66425e-07 1135203900.0 1135208600.0 10.0 126.0 10999270.0 58.3 1135203971.6 1.02292e-08 1 -1
1135162870.0 5.2 1135163658.9 1135164157.9 1135168032.8 1135165820.2 1135164935.1 2.43868e-07 1135163600.0 1135168100.0 35.5 27.4 10325710.0 36.8 1135166554.9 9.79641e-09 1 -1
1134824727.8 5.2 1134825510.3 1134826019.1 1134829765.3 1134827606.3 1134826742.8 3.55185e-07 1134825500.0 1134829800.0 -28.3 -176.4 10074960.0 10.0 1134828007.4 1.77428e-07 1 -1
1134638948.5 5.2 1134639751.0 1134640229.3 1134644380.6 1134642052.6 1134641121.3 9.22625e-08 1134639700.0 1134644400.0 12.9 124.4 10864110.0 107.8 1134640485.4 1.31171e-08 1 -1
1134631768.0 5.2 1134632549.9 1134633059.1 1134636798.0 1134634642.3 1134633780.0 3.56131e-07 1134632500.0 1134636800.0 -28.3 -176.3 10059940.0 10.0 1134635040.9 1.54158e-07 1 -1
1134221393.0 5.2 1134222170.3 1134222678.2 1134226403.2 1134224256.0 1134223397.1 2.85044e-07 1134222100.0 1134226500.0 -15.6 167.3 10020480.0 28.5 1134222179.6 7.89453e-08 2 1134222546
1134162738.8 5.2 1134163114.5 1134163419.0 1134164479.6 1134163733.6 1134163435.1 1.10418e-06 1134163100.0 1134164500.0 52.8 -167.9 3481544.0 46.7 1134164012.3 4.52583e-08 1 -1
1133748300.7 5.2 1133749155.3 1133749616.9 1133754268.5 1133751710.9 1133750687.8 2.02125e-07 1133749100.0 1133754300.0 -4.2 129.5 11935590.0 30.2 1133753506.4 1.83850e-08 0 -1
1133698001.2 5.2 1133698856.5 1133699319.3 1133703963.1 1133701408.0 1133700386.0 2.23748e-07 1133698800.0 1133704000.0 -4.1 129.6 11923810.0 22.2 1133703848.4 9.21438e-07 0 -1
1133694946.2 5.2 1133695801.2 1133696263.6 1133700911.0 1133698354.7 1133697332.1 2.14398e-07 1133695800.0 1133701000.0 -4.3 129.7 11929620.0 25.5 1133695878.6 1.42126e-06 0 -1
1133492096.7 5.2 1133492830.7 1133493371.5 1133496590.0 1133494664.3 1133493894.0 4.33336e-07 1133492800.0 1133496600.0 -17.7 -174.4 8986772.0 10.0 1133494457.6 1.88457e-08 0 -1
1133146971.5 5.2 1133147708.7 1133148247.3 1133151498.4 1133149558.3 1133148782.3 4.27894e-07 1133147700.0 1133151500.0 -34.6 -109.3 9053873.0 10.0 1133151099.1 9.84474e-09 1 -1
1131976201.7 5.2 1131977055.9 1131977522.1 1131982125.6 1131979586.8 1131978571.2 2.63375e-07 1131977000.0 1131982200.0 -7.6 -13.6 11847820.0 10.0 1131980145.4 1.01094e-08 1 -1
1131847144.0 5.2 1131847993.4 1131848443.1 1131853175.1 1131850590.4 1131849556.4 6.84190e-08 1131847900.0 1131853200.0 -6.5 130.3 12062320.0 116.0 1131848261.3 6.37211e-08 0 -1
1131531719.4 5.2 1131532373.0 1131532908.3 1131535472.6 1131533864.1 1131533220.7 4.69793e-07 1131532300.0 1131535500.0 37.9 143.9 7506387.0 27.4 1131534858.9 3.51641e-08 0 -1
1131384536.1 5.2 1131384952.2 1131385288.2 1131386531.1 1131385676.1 1131385334.1 1.00988e-06 1131384900.0 1131386600.0 51.5 -175.1 3989964.0 39.4 1131385999.2 2.96514e-08 1 -1
1131315496.5 5.2 1131316330.6 1131316792.4 1131321307.7 1131318817.2 1131317821.0 9.32902e-08 1131316300.0 1131321400.0 1.6 127.3 11622360.0 96.7 1131318074.7 1.06835e-08 0 -1
1131032473.4 5.2 1131033038.4 1131033334.2 1131035521.8 1131034215.3 1131033692.8 4.91478e-07 1131033000.0 1131035600.0 48.4 154.8 6096695.0 49.5 1131034294.9 3.12099e-08 0 -1
1131024244.8 5.2 1131025153.1 1131025588.5 1131030845.8 1131028016.8 1131026885.2 2.13657e-07 1131025100.0 1131030900.0 6.8 94.5 13202050.0 9.8 1131025177.9 5.61605e-08 0 -1
1130972051.4 5.2 1130972894.4 1130973361.3 1130977886.8 1130975385.9 1130974385.6 1.93720e-07 1130972800.0 1130977900.0 1.6 126.6 11670840.0 37.1 1130974910.6 1.56078e-08 1 -1
1130723979.4 5.2 1130724484.3 1130724803.9 1130726592.4 1130725472.5 1130725024.6 5.33660e-07 1130724400.0 1130726600.0 56.2 162.4 5225933.0 61.0 1130725676.3 4.96832e-08 1 -1
1130517424.7 5.2 1130518278.3 1130518726.7 1130523500.1 1130520896.4 1130519854.9 7.30267e-08 1130518200.0 1130523600.0 -7.0 129.7 12150820.0 109.6 1130519557.4 1.09056e-08 1 -1
1130468665.3 5.2 1130469348.7 1130469818.2 1130473288.4 1130471307.0 1130470514.5 2.48462e-10 1130469300.0 1130473300.0 -18.2 -177.8 9246169.0 608.4 1130472809.9 2.18221e-08 1 -1
1130239620.4 5.2 1130240444.0 1130240924.7 1130245190.5 1130242803.3 1130241848.5 2.46817e-07 1130240400.0 1130245200.0 25.1 99.6 11140300.0 24.6 1130244227.2 7.82761e-09 1 -1
1129819689.0 5.2 1129820070.9 1129820380.1 1129821466.0 1129820704.4 1129820399.8 1.13936e-06 1129820000.0 1129821500.0 18.3 -101.6 3554145.0 42.0 1129820998.8 9.10781e-08 0 -1
1129509165.4 5.2 1129510362.1 1129510574.6 1129517963.8 1129514193.1 1129512684.8 1.14264e-07 1129510300.0 1129518000.0 -27.8 74.1 17596770.0 10.0 1129515296.8 2.13590e-08 1 -1
1128669822.8 5.2 1128670743.7 1128671171.9 1128676581.4 1128673684.9 1128672526.2 2.03064e-07 1128670700.0 1128676600.0 11.9 57.8 13517270.0 10.0 1128675685.2 9.66655e-08 1 -1
1128659757.8 5.2 1128660315.1 1128660620.9 1128662708.3 1128661443.8 1128660938.0 8.41722e-07 1128660300.0 1128662800.0 7.5 -77.5 5901121.0 10.0 1128660894.6 9.93703e-09 1 -1
1128202070.0 5.2 1128202861.6 1128203361.9 1128207240.1 1128205024.3 1128204138.0 2.90727e-07 1128202800.0 1128207300.0 36.2 29.9 10340220.0 22.4 1128205728.6 2.16042e-08 0 -1
1127836330.3 5.2 1127837170.2 1127837626.4 1127842233.9 1127839703.8 1127838691.8 7.69470e-08 1127837100.0 1127842300.0 1.3 125.0 11807120.0 109.8 1127842132.0 7.94527e-09 2 1127837187
1127591618.3 5.2 1127592421.6 1127592917.0 1127596911.9 1127594643.2 1127593735.7 3.15873e-07 1127592400.0 1127597000.0 -3.4 146.4 10587260.0 12.3 1127594754.8 3.38775e-08 0 -1
1127576133.8 5.2 1127576924.7 1127577425.7 1127581293.1 1127579082.0 1127578197.5 2.96944e-07 1127576900.0 1127581300.0 -5.4 152.1 10318570.0 21.0 1127579198.1 6.65250e-08 0 -1
1127551627.6 5.2 1127552274.4 1127552803.1 1127555298.2 1127553725.1 1127553095.8 6.03467e-07 1127552200.0 1127555300.0 40.3 143.7 7341298.0 10.0 1127555218.7 1.83951e-08 1 -1
1127257137.3 5.2 1127257870.5 1127258410.4 1127261632.3 1127259705.8 1127258935.3 4.01940e-07 1127257800.0 1127261700.0 17.0 145.9 8989993.0 16.0 1127261438.8 1.04249e-08 1 -1
1126929811.7 5.2 1126930724.9 1126931157.5 1126936473.8 1126933618.6 1126932476.6 2.09074e-07 1126930700.0 1126936500.0 13.1 51.1 13324200.0 10.0 1126934396.4 2.80352e-08 1 -1
1126619494.0 5.2 1126620265.6 1126620776.8 1126624438.9 1126622319.7 1126621472.0 2.86123e-07 1126620200.0 1126624500.0 -31.4 -71.8 9889869.0 30.1 1126622592.3 1.42227e-08 1 -1
1137208939.4 5.2 1137209721.5 1137210223.0 1137214034.7 1137211851.0 1137210977.5 2.21755e-07 1137209700.0 1137214100.0 -6.8 155.2 10190690.0 46.4 1137211980.9 3.10145e-08 0 -1
1137180127.2 5.2 1137180972.0 1137181443.6 1137185932.7 1137183444.6 1137182449.4 2.73693e-07 1137180900.0 1137186000.0 -0.3 129.5 11611050.0 10.0 1137180975.8 1.09559e-07 0 -1
1137079820.5 5.2 1137080665.1 1137081114.8 1137085815.0 1137083245.9 1137082218.3 5.68804e-08 1137080600.0 1137085900.0 -5.4 130.2 11989090.0 131.8 1137084634.1 5.81457e-08 0 -1
1137054640.7 5.2 1137055131.8 1137055467.3 1137057112.0 1137056052.9 1137055629.2 1.08586e-06 1137055100.0 1137057200.0 19.7 -76.1 4942507.0 10.0 1137056584.4 1.34066e-07 0 -1
1137005690.7 5.2 1137006610.0 1137007029.1 1137012517.6 1137009591.8 1137008421.5 1.04804e-07 1137006600.0 1137012600.0 -0.5 99.3 13653970.0 61.7 1137008672.9 9.73338e-08 0 -1
1136998697.7 5.2 1136999216.1 1136999535.7 1137001378.3 1137000229.5 1136999769.9 8.04239e-07 1136999200.0 1137001400.0 8.9 -84.2 5361029.0 24.9 1136999832.1 7.11861e-08 0 -1
1136752515.8 5.2 1136753323.4 1136753816.8 1136757856.6 1136755567.7 1136754652.1 3.19620e-07 1136753300.0 1136757900.0 32.7 91.6 10681730.0 10.0 1136756612.1 2.59513e-08 0 -1
1136636859.5 5.2 1136637698.3 1136638173.3 1136642590.5 1136640134.3 1136639151.9 2.80447e-07 1136637600.0 1136642600.0 3.7 127.0 11461980.0 10.0 1136639713.6 1.38027e-08 1 -1
1126564777.4 5.2 1126565548.4 1126566061.4 1126569702.9 1126567592.0 1126566747.6 3.13736e-07 1126565500.0 1126569800.0 -31.0 -71.8 9851040.0 23.2 1126567793.4 5.35631e-08 0 -1
1126521103.1 5.2 1126521872.6 1126522383.5 1126526035.6 1126523921.7 1126523076.1 2.60064e-07 1126521800.0 1126526100.0 -31.0 -71.4 9864921.0 38.2 1126522996.1 1.03652e-08 0 -1
1126499905.1 5.2 1126500677.3 1126501190.3 1126504839.3 1126502724.6 1126501878.8 3.26338e-07 1126500600.0 1126504900.0 -31.3 -71.9 9868374.0 19.8 1126501271.2 4.33942e-06 0 -1
1126484557.5 5.2 1126485333.1 1126485846.2 1126489512.2 1126487388.7 1126486539.3 3.65774e-07 1126485300.0 1126489600.0 -31.8 -72.1 9909412.0 10.0 1126485374.6 7.76310e-06 0 -1
1126444156.1 5.2 1126444935.7 1126445444.7 1126449171.4 1126447022.0 1126446162.2 3.29303e-07 1126444900.0 1126449200.0 24.3 121.8 10030480.0 16.7 1126449136.0 1.46660e-07 0 -1
1126168049.4 5.2 1126168354.8 1126168606.8 1126169330.8 1126168781.7 1126168562.0 2.55640e-06 1126168300.0 1126169400.0 25.0 -109.7 2562815.0 10.0 1126168440.1 1.65453e-05 0 -1
1126148163.7 5.2 1126148948.0 1126149448.9 1126153279.1 1126151086.8 1126150209.9 2.31492e-07 1126148900.0 1126153300.0 -29.4 -177.5 10230810.0 42.3 1126151227.6 1.43441e-08 0 -1
1126111370.8 5.2 1126112133.4 1126112641.6 1126116276.6 1126114174.1 1126113333.1 1.61777e-07 1126112100.0 1126116300.0 -25.0 -177.0 9811676.0 77.2 1126114523.3 5.82641e-09 0 -1
1136199048.9 5.1 1136199874.4 1136200357.1 1136204613.0 1136202228.4 1136201274.5 2.21867e-07 1136199800.0 1136204700.0 -1.0 -16.0 11128330.0 10.0 1136202625.9 2.40395e-08 1 -1
1136079018.5 5.1 1136079710.9 1136080279.7 1136083088.3 1136081344.1 1136080646.4 4.51534e-07 1136079700.0 1136083100.0 41.3 129.0 8139775.0 0.0 1136079946.1 3.46211e-08 0 -1
1135508931.7 5.1 1135509680.8 1135510206.2 1135513623.7 1135511612.9 1135510808.5 2.24682e-07 1135509600.0 1135513700.0 -21.9 -174.5 9384106.0 32.2 1135512088.6 1.47158e-07 0 -1
1135365872.5 5.1 1135366684.3 1135367175.2 1135371265.9 1135368954.4 1135368029.9 2.35715e-07 1135366600.0 1135371300.0 -0.5 -20.0 10786890.0 10.0 1135369436.7 1.50993e-08 1 -1
1135064647.0 5.1 1135065411.3 1135065910.5 1135069633.4 1135067496.4 1135066641.6 5.81472e-08 1135065400.0 1135069700.0 -15.3 167.6 9972881.0 121.4 1135068225.2 9.55351e-09 1 -1
1135023539.7 5.1 1135024328.9 1135024833.5 1135028656.8 1135026463.8 1135025586.5 2.60573e-07 1135024300.0 1135028700.0 -3.7 151.3 10234280.0 10.0 1135028112.8 7.98076e-06 2 1135024394
1134920230.5 5.1 1134921026.8 1134921527.2 1134925431.4 1134923202.5 1134922310.9 2.55040e-07 1134921000.0 1134925500.0 -21.0 168.3 10401770.0 9.3 1134925025.4 3.89636e-08 1 -1
1134234522.1 5.1 1134235475.1 1134235884.1 1134241688.7 1134238617.3 1134237388.7 1.25764e-07 1134235400.0 1134241700.0 -56.4 -25.8 14333080.0 12.9 1134237621.3 7.55840e-08 0 -1
1134174050.5 5.1 1134174758.4 1134175308.0 1134178340.7 1134176502.0 1134175766.6 1.90547e-07 1134174700.0 1134178400.0 25.7 141.9 8580418.0 55.5 1134176746.1 7.52828e-08 1 -1
1134021217.0 5.1 1134021887.2 1134022437.1 1134025097.4 1134023434.4 1134022769.2 4.12587e-07 1134021800.0 1134025100.0 55.0 111.6 7760671.0 12.3 1134023521.8 2.26772e-08 0 -1
1133839265.8 5.1 1133840194.6 1133840610.6 1133846191.7 1133843223.4 1133842036.2 8.28440e-08 1133840100.0 1133846200.0 -5.0 103.0 13851770.0 48.3 1133841524.7 3.92199e-08 0 -1
1133795023.4 5.1 1133795784.2 1133796305.4 1133799818.0 1133797763.2 1133796941.3 2.69588e-07 1133795700.0 1133799900.0 -17.0 175.3 9589257.0 16.2 1133797947.0 2.29567e-08 1 -1
1133188290.1 5.1 1133189075.8 1133189579.6 1133193391.5 1133191205.2 1133190330.6 2.17883e-07 1133189000.0 1133193400.0 22.6 121.4 10202720.0 23.3 1133192667.1 1.14566e-08 1 -1
1133007278.8 5.1 1133008125.3 1133008595.9 1133013105.9 1133010608.6 1133009609.7 2.02497e-07 1133008100.0 1133013200.0 1.0 127.5 11654050.0 10.0 1133009252.0 2.53645e-08 1 -1
1132985640.4 5.1 1132986422.4 1132986924.9 1132990726.0 1132988546.4 1132987674.6 1.71731e-07 1132986400.0 1132990800.0 41.4 73.3 10171190.0 40.8 1132990466.0 1.37737e-08 1 -1
1132620791.5 5.1 1132621405.8 1132621911.7 1132624711.4 1132623031.4 1132622359.5 9.18580e-11 1132621400.0 1132624800.0 -9.3 -71.1 7839610.0 616.0 1132622181.3 4.80985e-09 1 -1
1132581108.3 5.1 1132581796.6 1132582263.5 1132585781.6 1132583778.7 1132582977.6 7.96769e-11 1132581700.0 1132585800.0 -17.7 179.8 9346512.0 604.1 1132584762.1 4.63447e-09 1 -1
1132532259.8 5.1 1132533050.4 1132533521.9 1132537658.1 1132535344.5 1132534419.1 2.00448e-08 1132533000.0 1132537700.0 -4.8 145.1 10796480.0 187.2 1132535588.6 3.22591e-08 1 -1
1132261380.1 5.1 1132262151.5 1132262666.6 1132266291.4 1132264186.5 1132263344.6 2.70075e-07 1132262100.0 1132266300.0 38.0 100.3 9822540.0 12.9 1132264685.8 2.74199e-08 1 -1
1132259928.5 5.1 1132260506.4 1132260804.0 1132263036.6 1132261704.5 1132261171.7 6.09231e-07 1132260500.0 1132263100.0 8.5 -71.4 6216216.0 10.0 1132262249.1 1.19240e-08 1 -1
1132097158.4 5.1 1132097930.1 1132098445.7 1132102067.0 1132099963.3 1132099121.8 2.81628e-07 1132097900.0 1132102100.0 -11.6 165.5 9817142.0 10.0 1132101451.5 7.07486e-09 0 -1
1132066257.3 5.1 1132067103.8 1132067574.4 1132072084.8 1132069587.3 1132068588.3 2.02464e-07 1132067100.0 1132072100.0 1.0 127.5 11655000.0 10.0 1132070777.7 6.20880e-09 1 -1
1131992151.2 5.1 1131992918.2 1131993436.8 1131997005.2 1131994924.9 1131994092.8 2.87492e-07 1131992900.0 1131997100.0 -24.6 -175.9 9708087.0 10.0 1131995450.2 3.82125e-08 0 -1
1131940068.8 5.1 1131940863.4 1131941358.4 1131945304.2 1131943060.5 1131942163.0 1.65473e-07 1131940800.0 1131945400.0 -32.5 -176.7 10470800.0 39.5 1131943341.6 4.69609e-08 0 -1
1131908052.8 5.1 1131908837.3 1131909344.8 1131913113.9 1131910944.8 1131910077.2 2.66023e-07 1131908800.0 1131913200.0 -9.0 158.5 10122140.0 10.0 1131909685.6 1.35200e-05 0 -1
1131900444.9 5.1 1131901378.7 1131901794.6 1131907410.3 1131904425.1 1131903231.1 1.01228e-07 1131901300.0 1131907500.0 -6.3 103.7 13930790.0 33.0 1131905844.3 9.55033e-09 0 -1
1131856747.9 5.1 1131857478.7 1131858017.6 1131861235.9 1131859312.5 1131858543.1 2.59752e-07 1131857400.0 1131861300.0 31.4 129.0 8976102.0 27.5 1131859536.2 3.21938e-08 0 -1
1131784437.8 5.1 1131785207.3 1131785724.5 1131789318.4 1131787226.7 1131786390.0 2.88601e-07 1131785200.0 1131789400.0 38.6 20.6 9761131.0 9.0 1131788830.7 1.88182e-07 0 -1
1131679919.2 5.1 1131680390.7 1131680731.5 1131682276.8 1131681266.4 1131680862.2 6.83493e-07 1131680300.0 1131682300.0 52.1 173.6 4715273.0 31.3 1131681717.9 2.32556e-08 0 -1
1131568486.3 5.1 1131569220.4 1131569761.2 1131572979.4 1131571053.8 1131570283.6 3.30638e-07 1131569200.0 1131573000.0 31.3 128.9 8986161.0 10.0 1131569526.5 4.75252e-08 0 -1
1131454495.4 5.1 1131455223.8 1131455768.6 1131458931.0 1131457030.0 1131456269.6 3.38282e-07 1131455200.0 1131459000.0 17.3 147.2 8871254.0 10.0 1131455572.9 5.25732e-08 0 -1
1131246486.0 5.1 1131247252.4 1131247771.4 1131251332.5 1131249255.4 1131248424.6 2.88313e-07 1131247200.0 1131251400.0 -29.5 -72.1 9692954.0 10.0 1131248594.3 1.39025e-06 0 -1
1131243836.3 5.1 1131244602.8 1131245121.7 1131248684.2 1131246606.5 1131245775.4 2.88160e-07 1131244600.0 1131248700.0 -29.5 -71.9 9695765.0 10.0 1131245638.7 7.36098e-06 0 -1
1131112673.4 5.1 1131113475.6 1131113972.8 1131117942.8 1131115684.5 1131114781.1 2.54926e-07 1131113400.0 1131118000.0 -7.0 150.8 10538740.0 7.6 1131115735.2 1.57948e-08 1 -1
1131061680.7 5.1 1131062621.6 1131063026.0 1131068798.1 1131065747.8 1131064527.6 5.37936e-08 1131062600.0 1131068800.0 -56.0 -27.3 14234850.0 75.1 1131064603.6 1.67898e-08 1 -1
1131028462.4 5.1 1131029371.1 1131029806.2 1131035068.8 1131032237.5 1131031104.9 1.56268e-07 1131029300.0 1131035100.0 6.7 94.4 13212740.0 10.0 1131034294.9 4.29816e-08 0 -1
1131018896.3 5.1 1131019804.3 1131020239.8 1131025493.1 1131022665.9 1131021535.0 1.56472e-07 1131019800.0 1131025500.0 6.8 94.6 13193560.0 10.1 1131020043.9 2.43551e-07 0 -1
1130652889.8 5.1 1130653825.2 1130654245.1 1130659830.2 1130656855.8 1130655666.0 1.40489e-07 1130653800.0 1130659900.0 -6.7 105.0 13880840.0 10.0 1130654560.8 8.65194e-08 2 1130654675
1130548261.0 5.1 1130549005.7 1130549535.4 1130552894.8 1130550908.9 1130550114.5 2.50439e-07 1130549000.0 1130552900.0 13.4 146.0 9267526.0 26.0 1130551632.7 1.02586e-08 1 -1
1130487879.5 5.1 1130488290.4 1130488622.0 1130489814.9 1130488985.4 1130488653.7 1.20872e-06 1130488200.0 1130489900.0 51.6 -173.3 3870680.0 10.0 1130488766.2 4.79947e-07 0 -1
1130470520.5 5.1 1130470999.3 1130471337.1 1130472925.5 1130471894.8 1130471482.5 6.91914e-07 1130470900.0 1130473000.0 11.9 -88.9 4809982.0 28.3 1130472809.9 1.91938e-08 1 -1
1130236037.8 5.1 1130236884.0 1130237331.1 1130242068.2 1130239483.7 1130238449.9 3.01824e-08 1130236800.0 1130242100.0 -6.2 130.0 12060820.0 141.9 1130237255.3 1.03518e-08 1 -1
1130210338.9 5.1 1130211255.2 1130211686.0 1130217040.4 1130214168.3 1130213019.5 1.51565e-07 1130211200.0 1130217100.0 -60.9 -51.4 13403060.0 10.0 1130216642.3 1.10086e-08 1 -1
1129900335.8 5.1 1129901024.1 1129901497.3 1129904969.5 1129902983.6 1129902189.3 1.43457e-10 1129901000.0 1129905000.0 -18.0 -178.4 9267532.0 562.9 1129901120.4 4.14939e-08 0 -1
1129889363.0 5.1 1129890296.3 1129890714.9 1129896299.2 1129893326.5 1129892137.5 1.20697e-07 1129890200.0 1129896300.0 -1.5 97.1 13872220.0 21.0 1129890285.2 3.18718e-06 0 -1
1129590476.0 5.1 1129590592.3 1129590684.1 1129590921.1 1129590730.3 1129590654.0 7.08948e-06 1129590500.0 1129591000.0 50.8 -130.0 890266.1 10.0 1129590880.4 3.66910e-07 0 -1
1129227462.2 5.1 1129228186.5 1129228734.1 1129231855.4 1129229972.6 1129229219.4 3.44058e-07 1129228100.0 1129231900.0 -16.1 -173.4 8786455.0 10.0 1129230322.6 5.05022e-08 1 -1
1128826044.8 5.1 1128826876.0 1128827340.9 1128831807.7 1128829337.9 1128828350.0 6.98149e-08 1128826800.0 1128831900.0 1.8 128.3 11525960.0 88.2 1128830467.6 6.03042e-09 1 -1
1128679473.0 5.1 1128680263.6 1128680767.0 1128684610.3 1128682408.6 1128681527.9 2.53490e-07 1128680200.0 1128684700.0 34.3 98.2 10274800.0 11.4 1128683218.9 2.45275e-08 1 -1
1128497484.6 5.1 1128498241.1 1128498721.1 1128502561.4 1128500385.6 1128499515.3 8.53227e-09 1128498200.0 1128502600.0 -19.1 169.5 10153560.0 257.0 1128500286.1 6.44546e-09 1 -1
1128447307.7 5.1 1128448108.1 1128448605.8 1128452560.9 1128450309.5 1128449409.0 2.47940e-07 1128448100.0 1128452600.0 -32.2 -177.9 10506530.0 10.0 1128448941.4 1.03865e-08 1 -1
1128443322.4 5.1 1128444171.6 1128444624.8 1128449322.7 1128446751.1 1128445722.5 5.75312e-08 1128444100.0 1128449400.0 -0.0 123.9 12000740.0 96.3 1128448941.4 1.51875e-08 1 -1
1128436772.0 5.1 1128437554.3 1128438064.4 1128441796.9 1128439643.4 1128438781.9 2.89046e-07 1128437500.0 1128441800.0 40.7 36.7 10049740.0 5.0 1128440412.8 1.07033e-08 1 -1
1128297970.0 5.1 1128298351.7 1128298660.8 1128299733.4 1128298977.7 1128298675.4 1.11176e-06 1128298300.0 1128299800.0 52.2 -168.4 3526873.0 25.0 1128298389.2 6.89622e-08 1 -1
1128296620.2 5.1 1128297004.3 1128297315.0 1128298384.1 1128297628.1 1128297325.7 1.38186e-06 1128297000.0 1128298400.0 52.3 -168.5 3527847.0 9.3 1128298096.4 1.13104e-07 1 -1
1128158500.7 5.1 1128158977.5 1128159316.0 1128160893.2 1128159867.8 1128159457.7 6.85414e-07 1128158900.0 1128160900.0 12.1 -89.0 4784835.0 29.6 1128160779.1 2.07889e-08 1 -1
1127906478.7 5.1 1127907244.2 1127907759.6 1127911348.5 1127909261.4 1127908426.6 2.20846e-07 1127907200.0 1127911400.0 -29.8 -71.7 9739622.0 28.5 1127909569.2 3.23628e-08 0 -1
1127703009.9 5.1 1127703942.6 1127704358.7 1127709965.1 1127706984.3 1127705792.0 9.87793e-08 1127703900.0 1127710000.0 -6.1 103.6 13910430.0 35.0 1127704663.4 6.78292e-09 1 -1
1127437342.4 5.1 1127437981.4 1127438503.2 1127440946.3 1127439401.7 1127438783.9 4.81444e-07 1127437900.0 1127441000.0 20.1 -45.5 7207729.0 10.0 1127438506.7 1.16156e-07 1 -1
1126902399.5 5.1 1126903138.5 1126903675.9 1126906944.9 1126904996.9 1126904217.7 3.23885e-07 1126903100.0 1126907000.0 -19.5 -173.3 9090732.0 10.0 1126903695.2 1.09679e-07 0 -1
1126774969.5 5.1 1126775738.7 1126776256.2 1126779845.7 1126777755.9 1126776920.0 2.90607e-07 1126775700.0 1126779900.0 -30.2 -72.3 9752485.0 8.6 1126778044.6 1.45518e-08 1 -1
1126764438.2 5.1 1126765212.7 1126765725.8 1126769386.0 1126767265.5 1126766417.3 2.65928e-07 1126765200.0 1126769400.0 -31.7 -72.2 9895680.0 13.1 1126767519.4 2.13463e-08 1 -1
1126676179.4 5.1 1126676970.5 1126677466.3 1126681383.5 1126679153.1 1126678261.0 1.50843e-07 1126676900.0 1126681400.0 -6.0 151.5 10408150.0 47.0 1126677922.8 2.62114e-07 2 1126677317
1126658931.4 5.1 1126659767.8 1126660240.2 1126664669.7 1126662210.5 1126661226.7 1.60406e-07 1126659700.0 1126664700.0 3.6 127.0 11476660.0 29.0 1126661017.8 1.39474e-08 1 -1
1137159855.0 5.1 1137160643.3 1137161132.4 1137165093.0 1137162848.1 1137161950.2 7.64853e-08 1137160600.0 1137165100.0 -31.3 -178.7 10475860.0 95.0 1137164867.3 1.22350e-08 0 -1
1137093933.8 5.1 1137095137.1 1137095348.9 1137103078.7 1137099159.4 1137097591.8 7.32722e-08 1137095100.0 1137103100.0 -38.0 77.9 18289810.0 10.0 1137098926.1 3.76746e-08 0 -1
1137019103.5 5.1 1137019892.5 1137020397.2 1137024219.0 1137022026.6 1137021149.7 2.60723e-07 1137019800.0 1137024300.0 -8.5 156.5 10231110.0 10.0 1137020564.4 1.39990e-07 0 -1
1136854625.0 5.1 1136855572.9 1136855985.5 1136861721.8 1136858680.3 1136857463.7 1.33774e-07 1136855500.0 1136861800.0 -62.2 155.8 14193650.0 10.0 1136858446.3 2.05874e-08 0 -1
1136785196.7 5.1 1136785907.6 1136786439.1 1136789614.4 1136787721.1 1136786963.8 5.59826e-08 1136785900.0 1136789700.0 -16.2 -174.1 8835401.0 139.9 1136786122.3 3.70141e-08 0 -1
1136777915.1 5.1 1136778788.4 1136779217.3 1136784307.5 1136781567.9 1136780472.1 2.13292e-08 1136778700.0 1136784400.0 -8.6 122.9 12784840.0 158.2 1136779314.0 2.42072e-06 0 -1
1136755111.5 5.1 1136755886.0 1136756399.8 1136760053.0 1136757935.2 1136757088.1 2.78154e-07 1136755800.0 1136760100.0 42.2 84.3 9882985.0 10.0 1136758721.2 9.49121e-08 0 -1
1136744960.9 5.1 1136745710.5 1136746240.6 1136749619.2 1136747622.8 1136746824.2 3.09901e-07 1136745700.0 1136749700.0 -21.5 -174.0 9316577.0 10.0 1136747739.1 3.92027e-08 0 -1
1136170372.7 5.1 1136170789.3 1136171125.6 1136172373.6 1136171516.1 1136171173.1 7.15693e-07 1136170700.0 1136172400.0 51.8 -175.4 4001723.0 44.4 1136170775.2 2.01209e-08 1 -1
1135143625.0 5.1 1135144379.5 1135144906.3 1135148337.9 1135146318.1 1135145510.2 3.03422e-07 1135144300.0 1135148400.0 -36.5 -99.5 9425854.0 10.0 1135146778.9 8.38782e-09 1 -1
1127316923.0 5.1 1127317759.4 1127318235.8 1127322623.8 1127320180.6 1127319203.3 2.11528e-07 1127317700.0 1127322700.0 -56.1 -125.3 11401550.0 10.0 1127318971.1 5.14067e-09 1 -1
1127234249.0 5.1 1127235097.2 1127235566.8 1127240097.8 1127237591.2 1127236588.5 2.00991e-07 1127235000.0 1127240100.0 -57.2 -141.8 11697590.0 10.0 1127237435.8 3.85757e-09 1 -1
1126569317.7 5.1 1126570093.1 1126570606.3 1126574269.3 1126572147.2 1126571298.4 2.77096e-07 1126570000.0 1126574300.0 -31.8 -72.3 9903269.0 10.0 1126571437.8 4.29654e-09 1 -1
1126507011.3 5.1 1126507736.8 1126508283.4 1126511418.0 1126509529.4 1126508774.0 3.38716e-07 1126507700.0 1126511500.0 -18.5 -69.2 8813451.0 10.7 1126507774.4 2.89870e-07 0 -1
1126485811.1 5.1 1126486584.3 1126487098.5 1126490740.3 1126488627.8 1126487782.8 2.73260e-07 1126486500.0 1126490800.0 -31.1 -71.8 9858518.0 11.6 1126486574.4 6.55019e-06 0 -1
1126466490.3 5.1 1126467285.9 1126467785.1 1126471696.7 1126469465.4 1126468572.9 2.32267e-07 1126467200.0 1126471700.0 -6.1 151.5 10412980.0 15.9 1126469646.0 4.11134e-08 0 -1
1126376780.5 5.1 1126377509.8 1126378053.1 1126381230.6 1126379323.4 1126378560.5 3.20622e-07 1126377500.0 1126381300.0 -33.2 -109.4 8900098.0 13.4 1126378768.3 5.59388e-09 0 -1
1136498874.7 5.0 1136499636.1 1136500146.8 1136503752.2 1136501661.8 1136500825.7 8.72056e-08 1136499600.0 1136503800.0 -11.6 166.4 9755100.0 67.3 1136501656.1 1.58915e-08 1 -1
1136481065.8 5.0 1136481762.3 1136482225.5 1136485823.8 1136483784.6 1136482969.0 2.49740e-11 1136481700.0 1136485900.0 -20.8 -178.4 9516125.0 593.4 1136484246.6 1.53201e-08 1 -1
1136468031.3 5.0 1136468804.7 1136469317.9 1136472970.5 1136470853.7 1136470007.0 1.90356e-07 1136468800.0 1136473000.0 -31.3 -71.8 9878413.0 15.7 1136469167.4 1.81907e-08 0 -1
1136279246.5 5.0 1136280030.7 1136280500.5 1136284609.7 1136282311.2 1136281391.8 6.77928e-09 1136280000.0 1136284700.0 36.6 70.9 10726310.0 219.0 1136281804.4 2.13829e-08 1 -1
1136254656.4 5.0 1136255352.5 1136255920.6 1136258772.4 1136257008.4 1136256302.8 2.92763e-07 1136255300.0 1136258800.0 -13.3 -70.7 8232023.0 10.0 1136255375.4 2.78774e-08 0 -1
1136216460.1 5.0 1136217268.9 1136217758.4 1136221844.4 1136219536.9 1136218613.8 1.40552e-07 1136217200.0 1136221900.0 -41.7 -74.1 10768680.0 24.1 1136220013.4 2.26749e-08 2 1136217629
1135994319.9 5.0 1135994746.9 1135995091.5 1135996383.3 1135995499.0 1135995145.3 5.92845e-07 1135994700.0 1135996400.0 15.5 -95.2 4126675.0 35.0 1135995998.0 1.48365e-07 0 -1
1135724710.3 5.0 1135725402.5 1135725859.1 1135729481.6 1135727436.8 1135726618.8 9.37689e-12 1135725400.0 1135729500.0 -20.5 -179.2 9542705.0 655.8 1135726677.9 5.55175e-09 0 -1
1135635754.3 5.0 1135636161.8 1135636491.1 1135637693.9 1135636862.6 1135636530.1 6.00037e-07 1135636100.0 1135637700.0 51.7 -173.5 3879002.0 39.9 1135637170.6 1.25117e-08 1 -1
1135481152.3 5.0 1135481600.2 1135481943.3 1135483389.2 1135482430.5 1135482047.1 2.29554e-07 1135481600.0 1135483400.0 14.2 -91.1 4473728.0 88.4 1135481664.5 3.43532e-09 1 -1
1135479533.5 5.0 1135480269.9 1135480809.0 1135484051.9 1135482115.4 1135481340.8 2.46693e-07 1135480200.0 1135484100.0 -34.4 -109.4 9036821.0 10.0 1135481523.9 1.04814e-08 1 -1
1135187905.2 5.0 1135188680.3 1135189193.4 1135192856.0 1135190734.3 1135189885.6 2.01810e-07 1135188600.0 1135192900.0 -31.7 -72.2 9901567.0 11.7 1135191427.5 1.23714e-08 1 -1
1134922688.6 5.0 1134923295.5 1134923582.4 1134926026.3 1134924595.9 1134924023.7 4.20244e-07 1134923200.0 1134926100.0 45.1 -28.0 6675535.0 10.0 1134925025.4 3.65341e-08 1 -1
1134900546.8 5.0 1134901331.1 1134901833.5 1134905650.3 1134903463.1 1134902588.2 1.33999e-07 1134901300.0 1134905700.0 -6.9 155.1 10206890.0 34.1 1134903617.9 1.80049e-08 1 -1
1134888219.0 5.0 1134888776.9 1134889075.7 1134891212.2 1134889929.4 1134889416.2 2.78106e-07 1134888700.0 1134891300.0 49.3 155.6 5986431.0 47.8 1134888780.1 7.57272e-08 1 -1
1134736649.3 5.0 1134737364.7 1134737882.2 1134741181.5 1134739239.1 1134738462.2 1.31214e-08 1134737300.0 1134741200.0 -18.2 -174.9 9064323.0 197.7 1134739835.8 9.59250e-09 1 -1
1134684291.9 5.0 1134685073.1 1134685574.0 1134689385.8 1134687202.7 1134686329.4 1.00296e-07 1134685000.0 1134689400.0 -6.3 154.7 10187840.0 52.9 1134687140.8 4.77468e-08 0 -1
1134534469.8 5.0 1134535030.4 1134535331.1 1134537467.2 1134536182.6 1134535668.7 3.68693e-07 1134535000.0 1134537500.0 2.1 -84.4 5994812.0 29.6 1134535077.7 4.87070e-08 0 -1
1134236947.2 5.0 1134237899.2 1134238307.2 1134244116.1 1134241043.7 1134239814.8 7.99429e-08 1134237800.0 1134244200.0 -56.4 -25.7 14337710.0 20.1 1134242482.1 6.15507e-08 0 -1
1134168994.2 5.0 1134169779.5 1134170280.6 1134174114.6 1134171920.1 1134171042.4 1.26124e-07 1134169700.0 1134174200.0 -5.4 153.1 10240760.0 37.5 1134172120.7 2.33672e-08 1 -1
1133968155.0 5.0 1133968939.6 1133969441.1 1133973268.3 1133971076.9 1133970200.3 1.25839e-07 1133968900.0 1133973300.0 -35.0 -71.9 10226560.0 37.9 1133969821.5 9.01190e-09 1 -1
1133906753.8 5.0 1133907955.9 1133908167.8 1133915826.4 1133911938.2 1133910382.9 5.14760e-08 1133907900.0 1133915900.0 -47.6 85.2 18145210.0 10.0 1133912189.0 1.91925e-08 0 -1
1133808948.9 5.0 1133809781.7 1133810217.2 1133814970.0 1133812389.5 1133811357.4 3.06063e-09 1133809700.0 1133815000.0 -5.4 129.4 12042110.0 254.4 1133814821.0 2.07553e-08 0 -1
1133723875.3 5.0 1133724675.7 1133725173.5 1133729128.3 1133726877.0 1133725976.5 1.84166e-07 1133724600.0 1133729200.0 38.4 72.9 10505970.0 10.0 1133724698.7 1.44554e-08 0 -1
1133714161.7 5.0 1133715016.7 1133715478.8 1133720129.0 1133717571.6 1133716548.6 1.08826e-07 1133715000.0 1133720200.0 -4.1 129.5 11934770.0 26.8 1133716074.9 1.55542e-08 0 -1
1133712387.4 5.0 1133713241.9 1133713704.5 1133718347.0 1133715792.9 1133714771.2 1.10860e-07 1133713200.0 1133718400.0 -4.0 129.5 11919300.0 25.8 1133716074.9 1.36144e-08 0 -1
1133634936.4 5.0 1133635782.9 1133636253.5 1133640763.3 1133638266.0 1133637267.2 1.48610e-07 1133635700.0 1133640800.0 1.0 127.5 11653680.0 10.0 1133636918.3 9.42176e-09 0 -1
1133391600.9 5.0 1133392366.9 1133392886.2 1133396442.7 1133394367.7 1133393537.6 2.16269e-07 1133392300.0 1133396500.0 43.9 85.3 9683528.0 10.0 1133395539.4 2.30262e-08 0 -1
1133295755.1 5.0 1133296759.2 1133297137.5 1133303565.7 1133300218.3 1133298879.3 7.11008e-08 1133296700.0 1133303600.0 -54.0 -2.4 15621310.0 14.2 1133301996.1 1.01125e-08 1 -1
1133193332.1 5.0 1133194065.4 1133194605.6 1133197826.4 1133195900.3 1133195129.8 2.31730e-07 1133194000.0 1133197900.0 -34.0 -109.3 8988723.0 14.7 1133196466.2 7.50967e-09 1 -1
1133137452.7 5.0 1133138189.6 1133138728.5 1133141975.6 1133140037.2 1133139261.9 2.46242e-07 1133138100.0 1133142000.0 -34.5 -109.2 9045711.0 10.0 1133138250.6 2.31208e-08 2 1133138742
1133012412.1 5.0 1133013108.9 1133013654.7 1133016662.1 1133014840.7 1133014112.1 5.18000e-08 1133013100.0 1133016700.0 -16.4 -71.1 8500027.0 117.3 1133015715.2 1.07582e-08 1 -1
1132989991.1 5.0 1132990762.7 1132991271.9 1132994951.7 1132992825.7 1132991975.3 1.28825e-07 1132990700.0 1132995000.0 -31.6 -71.5 9921084.0 40.2 1132991173.2 1.72412e-08 1 -1
1132789674.1 5.0 1132790174.7 1132790503.3 1132792224.3 1132791131.3 1132790694.2 5.41664e-07 1132790100.0 1132792300.0 10.5 -86.2 5100393.0 21.0 1132791691.4 1.86720e-08 1 -1
1132674419.8 5.0 1132675334.3 1132675759.1 1132681161.6 1132678272.2 1132677116.5 6.25488e-08 1132675300.0 1132681200.0 2.9 96.5 13483430.0 45.0 1132681136.0 6.62952e-09 1 -1
1132485799.0 5.0 1132486623.3 1132487083.1 1132491552.6 1132489086.8 1132488100.4 1.97975e-08 1132486600.0 1132491600.0 4.2 125.8 11507300.0 141.0 1132489263.8 6.81981e-09 1 -1
1132462027.8 5.0 1132462711.0 1132463265.3 1132466153.5 1132464385.3 1132463678.1 4.87338e-08 1132462700.0 1132466200.0 31.4 140.1 8251357.0 124.7 1132463850.0 7.47663e-09 0 -1
1132391673.0 5.0 1132392444.2 1132392953.8 1132396627.4 1132394504.1 1132393654.8 1.31350e-07 1132392400.0 1132396700.0 -31.8 -72.2 9908751.0 39.1 1132392495.5 1.70199e-08 1 -1
1132312750.6 5.0 1132313942.5 1132314155.5 1132321344.0 1132317661.1 1132316188.0 5.95166e-08 1132313900.0 1132321400.0 -53.0 21.8 17186730.0 10.0 1132315935.8 9.26643e-09 2 1132314879
1132241664.9 5.0 1132242626.9 1132243019.8 1132248937.5 1132245820.7 1132244573.9 9.03917e-08 1132242600.0 1132249000.0 -53.7 140.5 14545090.0 10.0 1132244936.3 7.86997e-09 1 -1
1132215092.8 5.0 1132215503.7 1132215835.6 1132217060.4 1132216217.1 1132215879.8 5.09848e-07 1132215500.0 1132217100.0 16.9 -96.4 3935303.0 49.0 1132216605.9 7.17482e-09 1 -1
1131941769.6 5.0 1131942603.8 1131943080.0 1131947455.7 1131945018.8 1131944044.0 1.41435e-07 1131942600.0 1131947500.0 27.9 85.7 11372220.0 16.5 1131943341.6 4.87848e-08 0 -1
1131884155.0 5.0 1131884923.4 1131885441.1 1131889025.9 1131886938.4 1131886103.3 2.13774e-07 1131884900.0 1131889100.0 38.8 20.6 9741933.0 10.0 1131887520.9 3.17869e-08 0 -1
1131878233.7 5.0 1131879152.2 1131879562.8 1131885126.6 1131882172.5 1131880990.9 2.02256e-08 1131879100.0 1131885200.0 -4.7 103.6 13785770.0 114.0 1131879861.1 1.58599e-08 0 -1
1131799880.6 5.0 1131800728.2 1131801198.2 1131805721.9 1131803218.5 1131802217.1 1.47921e-07 1131800700.0 1131805800.0 1.5 126.5 11682610.0 10.0 1131804982.5 2.30235e-08 0 -1
1131725605.7 5.0 1131726369.9 1131726884.7 1131730472.4 1131728386.7 1131727552.4 1.44982e-07 1131726300.0 1131730500.0 -24.8 -176.0 9733493.0 35.0 1131729593.2 3.61205e-07 1 -1
1131707085.6 5.0 1131708283.1 1131708495.5 1131715921.4 1131712134.6 1131710619.9 5.52820e-08 1131708200.0 1131716000.0 -26.5 67.8 17671460.0 10.0 1131713883.5 1.16726e-08 1 -1
1131599532.1 5.0 1131600295.7 1131600810.9 1131604390.8 1131602308.5 1131601475.6 1.45450e-07 1131600200.0 1131604400.0 -24.8 -175.8 9717331.0 35.0 1131603112.4 1.59812e-07 1 -1
1131432906.1 5.0 1131433548.2 1131434074.6 1131436647.6 1131435044.1 1131434402.7 6.47072e-08 1131433500.0 1131436700.0 -8.5 -75.9 7482819.0 117.6 1131434276.4 9.13837e-08 0 -1
1131301151.7 5.0 1131301704.8 1131301953.6 1131304373.0 1131302992.4 1131302440.2 1.21729e-09 1131301700.0 1131304400.0 48.4 149.1 6442577.0 388.4 1131301877.3 1.19326e-08 1 -1
1131148471.4 5.0 1131148875.9 1131149202.8 1131150394.6 1131149570.4 1131149240.7 5.65622e-07 1131148800.0 1131150400.0 51.4 -172.9 3846484.0 44.4 1131150172.4 2.23399e-08 1 -1
1131123803.9 5.0 1131124524.9 1131125066.4 1131128218.0 1131126326.3 1131125569.6 1.40695e-07 1131124500.0 1131128300.0 18.0 147.0 8828193.0 48.8 1131124634.5 6.03071e-07 0 -1
1130965088.8 5.0 1130966019.5 1130966442.1 1130971970.7 1130969021.3 1130967841.6 1.02908e-07 1130966000.0 1130972000.0 -10.2 111.2 13763720.0 10.0 1130966072.8 2.18040e-08 0 -1
1130939101.7 5.0 1130939768.8 1130940317.6 1130943058.2 1130941362.5 1130940684.3 6.86478e-08 1130939700.0 1130943100.0 35.9 140.0 7912901.0 107.5 1130941867.9 1.39655e-08 1 -1
1130898640.3 5.0 1130899465.5 1130899941.4 1130904263.5 1130901853.5 1130900889.6 9.25984e-08 1130899400.0 1130904300.0 -3.1 137.4 11246240.0 45.1 1130901644.4 3.86447e-08 1 -1
1130876059.6 5.0 1130876474.7 1130876810.0 1130878054.5 1130877199.5 1130876857.5 5.02189e-07 1130876400.0 1130878100.0 16.6 -95.9 3989907.0 48.7 1130876491.2 5.70425e-08 1 -1
1130838247.9 5.0 1130838990.4 1130839525.3 1130842830.7 1130840866.6 1130840081.0 2.40216e-07 1130838900.0 1130842900.0 -20.2 -173.6 9165695.0 10.0 1130841475.3 6.89438e-08 1 -1
1130825526.9 5.0 1130826326.5 1130826810.3 1130830891.5 1130828592.4 1130827672.7 5.38339e-08 1130826300.0 1130830900.0 -6.3 147.6 10729190.0 86.1 1130827835.1 6.43568e-09 1 -1
1130781791.0 5.0 1130782442.6 1130782975.6 1130785503.0 1130783912.2 1130783275.8 3.51223e-07 1130782400.0 1130785600.0 39.4 143.4 7423874.0 10.0 1130782685.6 7.88183e-09 1 -1
1130680087.3 5.0 1130680701.9 1130681133.5 1130683572.1 1130682078.6 1130681481.2 1.02808e-07 1130680700.0 1130683600.0 43.3 146.1 6969660.0 95.7 1130682058.4 7.34926e-09 1 -1
1130656009.0 5.0 1130656802.8 1130657304.6 1130661181.1 1130658964.5 1130658077.9 1.89971e-07 1130656800.0 1130661200.0 -3.6 149.8 10344130.0 10.0 1130656868.2 1.23738e-08 1 -1
1130506853.2 5.0 1130507678.0 1130508154.1 1130512471.3 1130510063.6 1130509100.4 9.33779e-08 1130507600.0 1130512500.0 32.1 69.6 11236240.0 44.7 1130512217.2 1.39287e-08 1 -1
1130224718.9 5.0 1130225635.8 1130226066.2 1130231427.5 1130228552.4 1130227402.3 1.09113e-07 1130225600.0 1130231500.0 -60.9 -51.0 13417310.0 10.0 1130228429.1 1.04509e-08 1 -1
1129986922.0 5.0 1129987773.6 1129988241.3 1129992812.6 1129990288.1 1129989278.3 1.45303e-07 1129987700.0 1129992900.0 27.4 66.0 11781190.0 10.0 1129988808.7 1.54764e-08 1 -1
1129905555.3 5.0 1129906264.5 1129906801.7 1129909926.8 1129908053.3 1129907303.9 5.04236e-08 1129906200.0 1129910000.0 -18.0 -69.5 8742967.0 115.7 1129906575.0 1.99019e-08 0 -1
1129858909.3 5.0 1129859634.0 1129860086.6 1129863952.2 1129861790.9 1129860926.5 4.66704e-11 1129859600.0 1129864000.0 -25.2 178.7 10085680.0 546.0 1129863365.1 1.08591e-08 0 -1
1129757102.3 5.0 1129757873.3 1129758382.9 1129762055.1 1129759932.5 1129759083.4 1.29759e-07 1129757800.0 1129762100.0 -31.4 -71.5 9905659.0 39.9 1129759389.6 1.36312e-08 1 -1
1129535446.9 5.0 1129536643.7 1129536856.2 1129544250.9 1129540477.8 1129538968.5 5.58170e-08 1129536600.0 1129544300.0 -27.9 74.0 17608090.0 10.0 1129541536.2 8.71521e-09 1 -1
1129370791.0 5.0 1129371558.9 1129372069.4 1129375714.7 1129373604.6 1129372760.5 1.19353e-07 1129371500.0 1129375800.0 -30.8 -71.4 9847416.0 46.0 1129371567.1 1.05429e-08 1 -1
1129300276.0 5.0 1129301222.1 1129301635.8 1129307351.3 1129304319.0 1129303106.1 9.64686e-08 1129301200.0 1129307400.0 -7.8 102.4 14150750.0 10.0 1129301285.3 5.19836e-08 1 -1
1129208437.0 5.0 1129209275.3 1129209744.0 1129214221.1 1129211742.2 1129210750.7 9.08109e-08 1129209200.0 1129214300.0 2.9 126.5 11568160.0 42.6 1129209983.9 1.26823e-08 1 -1
1128844056.0 5.0 1128844617.2 1128844902.6 1128847137.5 1128845816.8 1128845288.6 7.87805e-08 1128844600.0 1128847200.0 7.7 -73.3 6163030.0 125.7 1128844686.8 4.09484e-08 0 -1
1128605539.9 5.0 1128606119.0 1128606407.0 1128608709.8 1128607351.3 1128606807.9 1.96352e-07 1128606100.0 1128608800.0 46.7 152.5 6339831.0 64.2 1128606236.9 9.69144e-09 0 -1
1128393230.9 5.0 1128394189.8 1128394585.4 1128400453.0 1128397357.8 1128396119.7 1.01217e-07 1128394100.0 1128400500.0 -57.4 -24.8 14444240.0 3.8 1128400327.3 1.14292e-08 1 -1
1128225050.4 5.0 1128225840.9 1128226340.8 1128230217.2 1128228002.9 1128227117.2 1.44564e-07 1128225800.0 1128230300.0 -30.3 -177.9 10333610.0 27.6 1128228726.2 8.73193e-09 1 -1
1128042592.4 5.0 1128043403.6 1128043888.3 1128048035.5 1128045702.7 1128044769.6 1.04713e-07 1128043400.0 1128048100.0 -35.1 180.0 10886140.0 41.6 1128045875.1 8.39326e-09 1 -1
1127988733.0 5.0 1127989501.9 1127990014.8 1127993645.0 1127991539.9 1127990697.8 1.54188e-07 1127989500.0 1127993700.0 -30.7 -71.6 9824046.0 29.9 1127991739.7 1.12199e-08 1 -1
1127895846.2 5.0 1127896528.9 1127897090.0 1127899837.1 1127898126.7 1127897442.5 3.09386e-07 1127896500.0 1127899900.0 11.9 -43.7 7981834.0 10.0 1127897882.6 6.82806e-09 0 -1
1127880866.7 5.0 1127881671.1 1127882166.4 1127886168.5 1127883896.3 1127882987.4 1.80765e-07 1127881600.0 1127886200.0 -33.0 -178.3 10603570.0 10.0 1127883990.8 4.38255e-08 0 -1
1127614300.1 5.0 1127615089.1 1127615591.1 1127619439.2 1127617236.7 1127616355.7 1.59371e-07 1127615000.0 1127619500.0 -7.2 154.5 10278160.0 22.1 1127616156.1 5.37044e-09 0 -1
1127584231.5 5.0 1127585066.8 1127585535.4 1127589994.3 1127587524.5 1127586536.6 7.77085e-08 1127585000.0 1127590000.0 1.6 128.6 11525510.0 53.1 1127586985.6 7.47027e-09 0 -1
1127574150.9 5.0 1127574536.9 1127574849.2 1127575936.9 1127575171.5 1127574865.3 9.18975e-07 1127574500.0 1127576000.0 17.8 -102.3 3571864.0 19.8 1127575509.1 3.29820e-07 0 -1
1127426443.6 5.0 1127427081.5 1127427602.4 1127430038.3 1127428497.7 1127427881.5 3.71089e-07 1127427000.0 1127430100.0 20.3 -45.6 7189385.0 10.0 1127428772.9 1.46782e-08 1 -1
1127296204.4 5.0 1127296839.8 1127297359.6 1127299856.7 1127298291.4 1127297665.3 1.10699e-07 1127296800.0 1127299900.0 42.2 142.0 7304622.0 85.8 1127298838.6 2.89857e-09 1 -1
1127291309.0 5.0 1127292305.2 1127292688.7 1127299010.6 1127295709.9 1127294389.6 7.86632e-08 1127292300.0 1127299100.0 -5.7 68.3 15403320.0 10.0 1127298838.6 2.69826e-09 1 -1
1127206084.0 5.0 1127206943.9 1127207407.6 1127212071.9 1127209505.6 1127208479.1 1.48021e-07 1127206900.0 1127212100.0 1.3 122.7 11975720.0 6.6 1127206969.4 6.21248e-09 1 -1
1127069288.3 5.0 1127070102.6 1127070561.3 1127074974.4 1127072537.5 1127071562.8 1.08314e-08 1127070100.0 1127075000.0 -38.3 176.1 11372060.0 181.2 1127071341.3 5.71400e-09 1 -1
1127043177.2 5.0 1127043952.5 1127044465.8 1127048127.3 1127046005.8 1127045157.3 2.07163e-07 1127043900.0 1127048200.0 -31.6 -72.0 9900097.0 10.0 1127046249.6 1.62072e-08 1 -1
1126911975.0 5.0 1126912771.6 1126913271.7 1126917181.6 1126914950.2 1126914057.7 1.87474e-07 1126912700.0 1126917200.0 -6.0 151.4 10413100.0 10.0 1126916205.9 1.44133e-08 1 -1
1126870584.7 5.0 1126871538.0 1126871947.8 1126877746.3 1126874677.0 1126873449.3 9.57639e-08 1126871500.0 1126877800.0 -57.3 147.7 14323140.0 8.6 1126874715.9 2.97813e-08 1 -1
1126804725.6 5.0 1126805493.4 1126806005.9 1126809634.8 1126807530.8 1126806689.2 1.42555e-07 1126805400.0 1126809700.0 -30.6 -71.7 9818396.0 35.0 1126807725.1 7.34659e-09 1 -1
1126753339.0 5.0 1126754107.0 1126754617.5 1126758264.2 1126756153.4 1126755309.1 1.20331e-07 1126754100.0 1126758300.0 -30.8 -71.5 9850293.0 45.5 1126756420.2 1.90016e-08 1 -1
1126672445.2 5.0 1126673213.7 1126673731.3 1126677316.6 1126675228.8 1126674393.7 2.13734e-07 1126673200.0 1126677400.0 -30.4 -72.8 9742869.0 10.0 1126677336.0 1.89831e-07 1 -1
1126585459.1 5.0 1126586233.8 1126586748.5 1126590394.9 1126588279.5 1126587433.4 2.22829e-07 1126586200.0 1126590400.0 -31.4 -72.0 9871620.0 5.7 1126589254.6 3.04572e-08 1 -1
1137276264.3 5.0 1137277091.2 1137277546.1 1137282079.1 1137279587.1 1137278590.2 1.41588e-08 1137277000.0 1137282100.0 1.4 127.3 11629530.0 161.0 1137277523.8 1.36003e-08 0 -1
1137085555.4 5.0 1137086307.5 1137086829.9 1137090286.6 1137088258.9 1137087447.9 1.48681e-07 1137086300.0 1137090300.0 -26.4 -70.9 9462391.0 36.9 1137087626.3 4.11603e-08 0 -1
1136954173.9 5.0 1136955067.6 1136955510.4 1136960599.6 1136957845.7 1136956744.2 1.12867e-07 1136955000.0 1136960600.0 -10.0 123.6 12851280.0 14.1 1136958267.9 1.72580e-08 0 -1
1136706777.8 5.0 1136707582.1 1136708063.6 1136712195.7 1136709873.7 1136708945.0 5.54194e-08 1136707500.0 1136712200.0 12.2 125.6 10835690.0 83.0 1136711928.3 7.19419e-09 0 -1
1136656950.9 5.0 1136657902.9 1136658290.4 1136664189.1 1136661087.0 1136659846.2 4.00654e-08 1136657900.0 1136664200.0 -59.2 -25.8 14476450.0 62.9 1136658873.7 1.70750e-08 0 -1
1136482866.5 5.0 1136483650.6 1136484158.4 1136487922.0 1136485755.3 1136484888.7 1.98767e-07 1136483600.0 1136488000.0 39.6 34.3 10110890.0 10.0 1136484246.6 1.44295e-08 1 -1
1136299545.8 5.0 1136300250.8 1136300811.1 1136303756.0 1136301951.6 1136301229.9 2.59795e-07 1136300200.0 1136303800.0 -29.1 -111.8 8420377.0 15.0 1136301984.9 2.99943e-08 1 -1
1136294961.0 5.0 1136295884.4 1136296311.1 1136301750.4 1136298840.6 1136297676.7 1.06166e-07 1136295800.0 1136301800.0 -30.8 -13.8 13578730.0 10.0 1136296259.0 2.32398e-08 1 -1
1135635809.0 5.0 1135636812.3 1135637192.1 1135643600.0 1135640261.0 1135638925.4 7.64501e-08 1135636800.0 1135643600.0 -7.2 67.8 15581960.0 10.0 1135637170.6 1.67136e-08 1 -1
1135392863.0 5.0 1135393428.3 1135393731.7 1135395868.7 1135394580.6 1135394065.3 5.32758e-07 1135393400.0 1135395900.0 6.9 -76.7 6011445.0 5.7 1135395761.6 3.04553e-07 0 -1
1129665313.0 5.0 1129666314.1 1129666695.2 1129673076.6 1129669749.3 1129668418.4 7.71221e-08 1129666300.0 1129673100.0 -53.8 -3.8 15527150.0 10.0 1129670922.7 2.57335e-08 1 -1
1126491682.5 5.0 1126492457.4 1126492971.0 1126496628.4 1126494508.7 1126493660.9 2.07506e-07 1126492400.0 1126496700.0 -32.0 -72.9 9891711.0 10.0 1126492727.6 1.01902e-06 0 -1
1126483295.9 5.0 1126484071.3 1126484584.6 1126488248.0 1126486125.7 1126485276.7 2.07002e-07 1126484000.0 1126488300.0 -31.7 -72.1 9904102.0 10.0 1126484082.1 1.85959e-05 0 -1
1126387297.9 5.0 1126388025.9 1126388571.0 1126391728.1 1126389829.4 1126389070.0 2.56907e-07 1126388000.0 1126391800.0 -20.0 -70.8 8860256.0 9.8 1126390571.7 1.03587e-08 0 -1
1126279190.4 5.0 1126279945.5 1126280467.0 1126283947.7 1126281908.8 1126281093.3 1.59093e-07 1126279900.0 1126284000.0 -16.7 176.0 9514463.0 31.9 1126281951.2 4.72482e-08 0 -1
1126277620.4 5.0 1126278424.8 1126278920.1 1126282921.4 1126280649.6 1126279740.8 1.80820e-07 1126278400.0 1126283000.0 -33.0 -178.4 10601970.0 10.0 1126281951.2 5.02090e-08 0 -1
1126136375.6 5.0 1126137242.3 1126137699.5 1126142472.2 1126139859.4 1126138814.2 1.18727e-07 1126137200.0 1126142500.0 -0.7 122.1 12193100.0 18.2 1126140261.1 1.23724e-08 0 -1
1126086584.0 5.0 1126087436.1 1126087894.1 1126092565.3 1126090001.9 1126088976.6 6.56384e-08 1126087400.0 1126092600.0 0.0 124.4 11962640.0 58.9 1126092362.1 3.95394e-09 0 -1
1126080846.1 5.0 1126081629.0 1126082137.5 1126085887.4 1126083726.9 1126082862.6 1.99879e-07 1126081600.0 1126085900.0 -31.7 -68.4 10082570.0 10.0 1126081747.2 3.08172e-09 0 -1
