1126604052 1126604172 1126604080.6 8.66840e-07 1126604099.3 2.37838e-06 1126604098.4 4.37373e-07 1126604101.7 7.36272e-07 1126604096.3 1.81185e-06 1126604165.7 4.48377e-07
1126613031 1126613151 1126613040.8 2.17318e-07 1126613087.8 3.11924e-07 1126613086.4 2.75177e-07 1126613102.3 2.69271e-07 1126613041.4 2.71148e-07 1126613062.6 3.71490e-07
1126629121 1126629241 1126629174.0 1.40225e-06 1126629124.2 1.53871e-06 1126629224.9 9.66828e-07 1126629167.9 6.23366e-07 1126629237.2 5.53357e-07 1126629213.7 4.89848e-07
1126645173 1126645293 1126645233.2 3.15676e-07 1126645212.0 1.56147e-06 1126645201.0 2.97441e-07 1126645228.7 3.34021e-07 1126645189.8 2.95742e-07 1126645214.1 2.48162e-07
1126677257 1126677377 1126677319.3 8.10923e-07 1126677309.2 5.51515e-07 1126677323.9 9.08396e-07 1126677270.1 3.06217e-07 1126677365.6 3.20603e-07 1126677318.9 3.88450e-07
1126691733 1126691853 1126691749.5 5.94512e-07 1126691737.2 2.96523e-07 1126691754.3 7.31366e-07 1126691841.2 3.63822e-07 1126691736.1 4.45339e-07 1126691789.9 3.76282e-07
1126715483 1126715603 1126715548.0 2.93396e-07 1126715573.9 4.39837e-07 1126715509.6 2.90684e-07 1126715547.0 3.43448e-07 1126715533.8 1.99987e-07 1126715508.5 2.57281e-07
1126719995 1126720115 1126720031.0 2.37516e-07 1126720036.9 1.00310e-06 1126720104.1 2.24452e-07 1126720008.3 3.19369e-07 1126720013.1 2.93211e-07 1126720043.0 2.49186e-07
1126821881 1126822001 1126821944.2 7.04429e-07 1126821993.3 6.78569e-06 1126821889.2 2.56455e-07 1126821962.5 2.74238e-07 1126821950.6 4.64367e-07 1126821888.3 3.95000e-07
1126836806 1126836926 1126836843.3 6.12932e-07 1126836883.0 4.73562e-07 1126836871.1 1.97151e-07 1126836923.4 3.47718e-07 1126836825.9 2.88117e-07 1126836874.1 2.84203e-07
1126851518 1126851638 1126851574.2 3.36120e-07 1126851563.4 7.12915e-07 1126851531.8 3.28915e-07 1126851573.3 3.32764e-07 1126851549.0 2.61048e-07 1126851535.3 3.99154e-07
1126893167 1126893287 1126893191.6 1.71899e-06 1126893252.5 1.10855e-06 1126893205.3 4.11267e-06 1126893203.9 2.08703e-06 1126893199.7 1.21916e-06 1126893204.0 4.49984e-06
1126908994 1126909114 1126909069.7 4.71851e-07 1126908996.6 8.33553e-07 1126909099.5 2.55090e-07 1126909072.9 4.09317e-07 1126909091.9 3.91842e-07 1126909073.3 3.89023e-07
1126944099 1126944219 1126944116.8 6.79637e-07 1126944196.9 3.67386e-07 1126944122.8 7.85712e-07 1126944115.5 4.26590e-07 1126944124.9 4.79091e-07 1126944140.3 5.63432e-07
1126970469 1126970589 1126970474.7 1.07807e-06 1126970535.8 9.58086e-07 1126970550.3 3.63626e-07 1126970521.6 4.74856e-07 1126970472.2 5.13787e-07 1126970549.2 4.14066e-07
1126991508 1126991628 1126991518.2 6.15198e-07 1126991626.0 8.72574e-07 1126991528.3 4.15968e-07 1126991517.1 4.99560e-07 1126991534.4 6.00849e-07 1126991527.3 5.46485e-07
1127059170 1127059290 1127059194.0 3.87257e-07 1127059176.3 3.42754e-07 1127059213.8 3.49928e-07 1127059219.3 6.09172e-07 1127059180.4 3.90532e-07 1127059212.7 3.78977e-07
1127082082 1127082202 1127082135.1 4.35447e-07 1127082154.8 8.16280e-07 1127082103.9 3.74350e-07 1127082106.3 4.52858e-07 1127082188.9 3.86532e-07 1127082107.4 4.75459e-07
1127111409 1127111529 1127111414.4 3.26442e-07 1127111494.7 4.46461e-07 1127111523.6 5.49969e-07 1127111437.5 3.83822e-07 1127111493.9 5.06178e-07 1127111522.6 7.41573e-07
1127120610 1127120730 1127120709.8 3.21845e-07 1127120682.3 4.05057e-07 1127120631.9 5.06393e-07 1127120671.2 3.97452e-07 1127120637.3 4.13194e-07 1127120630.6 6.17199e-07
1127120621 1127120741 1127120709.8 3.20196e-07 1127120682.3 4.14916e-07 1127120631.9 5.11065e-07 1127120671.2 3.97452e-07 1127120637.3 4.13194e-07 1127120630.6 6.17203e-07
1127133299 1127133419 1127133320.3 3.96913e-07 1127133331.2 3.29383e-07 1127133358.3 3.21765e-07 1127133319.4 5.42358e-07 1127133329.9 3.88941e-07 1127133386.2 4.11269e-07
1127159109 1127159229 1127159119.8 1.02797e-06 1127159160.5 1.65514e-06 1127159116.1 3.87464e-07 1127159168.6 4.45985e-07 1127159117.4 6.32458e-07 1127159121.3 4.02092e-07
1127223980 1127224100 1127224025.7 3.00538e-07 1127224025.8 2.64007e-07 1127224042.8 4.26540e-07 1127224058.6 4.45283e-07 1127224034.4 4.03122e-07 1127224041.6 4.40282e-07
1127256573 1127256693 1127256670.6 5.70428e-07 1127256578.4 9.84966e-07 1127256595.7 4.40323e-07 1127256669.5 5.71436e-07 1127256668.8 4.31331e-07 1127256599.7 4.84049e-07
1127272463 1127272583 1127272508.9 2.47663e-06 1127272511.0 2.50155e-06 1127272512.5 1.17456e-06 1127272515.9 1.59646e-06 1127272509.5 3.47726e-06 1127272510.9 1.05977e-06
1127311450 1127311570 1127311545.7 4.71466e-07 1127311468.1 6.29138e-07 1127311546.2 7.08967e-07 1127311518.2 5.13934e-07 1127311520.9 7.49087e-07 1127311517.8 8.65628e-07
1127329655 1127329775 1127329746.5 3.99049e-07 1127329767.0 9.07261e-07 1127329747.4 6.06496e-07 1127329696.0 4.67185e-07 1127329685.8 4.31878e-07 1127329746.1 4.10444e-07
1127480400 1127480520 1127480436.2 2.42288e-07 1127480501.3 3.71004e-07 1127480470.2 2.16869e-07 1127480507.6 2.64415e-07 1127480483.9 3.14186e-07 1127480469.0 3.86103e-07
1127490604 1127490724 1127490647.3 1.54420e-06 1127490651.7 2.85928e-06 1127490677.7 4.87490e-07 1127490657.9 7.13150e-07 1127490649.6 3.11559e-06 1127490676.6 5.34095e-07
1127499023 1127499143 1127499091.9 3.86953e-07 1127499104.3 1.28507e-06 1127499033.5 2.16740e-07 1127499037.0 3.21805e-07 1127499073.1 3.41206e-07 1127499032.7 3.52438e-07
1127538356 1127538476 1127538358.5 2.94118e-07 1127538369.7 3.53280e-07 1127538409.6 3.76773e-07 1127538440.1 2.84839e-07 1127538368.7 2.92658e-07 1127538408.3 4.61262e-07
1127563175 1127563295 1127563206.4 3.16105e-07 1127563268.1 3.43070e-07 1127563259.9 3.24735e-07 1127563205.3 3.88926e-07 1127563267.1 3.41566e-07 1127563250.4 3.84430e-07
1127572288 1127572408 1127572295.6 2.45684e-07 1127572338.9 3.90510e-07 1127572390.8 3.37384e-07 1127572294.7 3.30248e-07 1127572365.0 3.46941e-07 1127572361.8 4.39327e-07
1127604285 1127604405 1127604315.1 3.09372e-07 1127604338.1 3.48792e-07 1127604395.6 3.18313e-07 1127604314.1 3.32813e-07 1127604287.3 2.84124e-07 1127604394.3 4.09191e-07
1127613764 1127613884 1127613820.6 2.38781e-07 1127613798.7 3.24512e-07 1127613818.9 3.03224e-07 1127613850.9 2.91689e-07 1127613850.9 3.65855e-07 1127613812.0 4.18373e-07
1127634193 1127634313 1127634288.6 2.44116e-07 1127634273.4 2.87029e-07 1127634217.6 4.05090e-07 1127634287.5 2.89948e-07 1127634251.9 3.18131e-07 1127634221.7 4.33981e-07
1127670358 1127670478 1127670402.8 1.32343e-06 1127670430.9 1.01296e-06 1127670390.1 1.40776e-06 1127670401.9 7.46249e-07 1127670380.5 6.86252e-07 1127670402.4 9.55139e-07
1127672561 1127672681 1127672677.9 3.66303e-07 1127672630.9 5.90351e-07 1127672575.8 6.70875e-07 1127672676.6 6.44107e-07 1127672629.4 4.85126e-07 1127672574.5 7.06416e-07
1127682816 1127682936 1127682892.7 6.46629e-07 1127682867.5 6.78395e-07 1127682878.4 5.62067e-07 1127682896.3 5.10376e-07 1127682819.2 6.51746e-07 1127682876.9 6.18360e-07
1127686357 1127686477 1127686420.4 3.45184e-07 1127686430.9 5.72471e-07 1127686419.9 4.36090e-07 1127686419.3 4.57416e-07 1127686457.3 5.18050e-07 1127686437.3 4.70221e-07
1127743106 1127743226 1127743185.7 3.85690e-07 1127743154.3 3.87195e-07 1127743122.8 5.40110e-07 1127743184.5 3.56027e-07 1127743152.8 5.55853e-07 1127743121.6 5.58539e-07
1127745719 1127745839 1127745795.3 4.24656e-07 1127745834.1 5.70065e-07 1127745815.1 5.25681e-07 1127745766.5 5.69321e-07 1127745832.8 5.88732e-07 1127745813.7 6.17654e-07
1127745992 1127746112 1127746070.5 4.53065e-07 1127746064.9 4.90702e-07 1127746063.0 5.17353e-07 1127746069.1 4.64175e-07 1127746076.0 4.10147e-07 1127746066.8 6.06683e-07
1127746043 1127746163 1127746154.7 4.87409e-07 1127746153.2 4.57045e-07 1127746063.0 5.22240e-07 1127746153.5 6.32704e-07 1127746076.0 4.10147e-07 1127746066.8 6.06683e-07
1127746484 1127746604 1127746550.2 3.64879e-07 1127746541.2 5.09906e-07 1127746517.0 6.00320e-07 1127746575.1 4.45493e-07 1127746540.2 4.78446e-07 1127746515.9 6.25715e-07
1127746910 1127747030 1127746949.2 4.62269e-07 1127747025.3 4.51452e-07 1127747005.4 5.51068e-07 1127746980.2 5.63670e-07 1127747024.3 3.71733e-07 1127747004.1 6.24537e-07
1127767610 1127767730 1127767719.5 4.01555e-07 1127767666.1 8.33622e-07 1127767643.6 5.99467e-07 1127767680.0 5.92743e-07 1127767713.2 4.45633e-07 1127767642.2 6.48393e-07
1127769636 1127769756 1127769649.6 4.80209e-07 1127769711.6 8.96614e-07 1127769730.5 7.26027e-07 1127769684.5 5.94758e-07 1127769716.3 5.19127e-07 1127769729.3 7.82743e-07
1127814110 1127814230 1127814170.7 7.43001e-07 1127814206.9 4.74514e-07 1127814189.7 8.34627e-07 1127814169.4 7.33770e-07 1127814197.0 4.55603e-07 1127814188.2 9.42118e-07
1127836687 1127836807 1127836707.3 9.31462e-07 1127836803.3 7.59214e-07 1127836771.0 6.67501e-07 1127836706.4 9.67562e-07 1127836802.3 7.60914e-07 1127836747.7 6.93639e-07
1127837010 1127837130 1127837105.9 9.00317e-07 1127837033.8 7.30657e-07 1127837095.1 8.86846e-07 1127837122.2 1.10029e-06 1127837032.6 7.02930e-07 1127837093.9 9.59876e-07
1127837127 1127837247 1127837191.8 9.04038e-07 1127837206.9 8.23405e-07 1127837197.1 8.02521e-07 1127837190.7 1.01583e-06 1127837210.8 8.74349e-07 1127837201.2 8.59295e-07
1127837570 1127837690 1127837670.8 7.70853e-07 1127837600.1 8.33534e-07 1127837579.1 8.46219e-07 1127837669.7 1.19425e-06 1127837598.8 8.61132e-07 1127837577.7 1.02000e-06
1127851138 1127851258 1127851184.4 1.13414e-06 1127851202.3 1.17249e-06 1127851158.2 1.24341e-06 1127851169.8 1.30016e-06 1127851166.4 7.61721e-07 1127851156.8 1.23117e-06
1128021765 1128021885 1128021793.7 5.51892e-07 1128021797.9 5.57094e-07 1128021779.5 6.44624e-07 1128021874.6 5.51108e-07 1128021812.6 5.39865e-07 1128021879.4 7.50066e-07
1128100847 1128100967 1128100910.0 8.58565e-07 1128100865.1 6.31406e-07 1128100916.1 1.45693e-06 1128100924.0 5.59044e-07 1128100862.5 3.55659e-07 1128100930.0 7.14649e-07
1128114904 1128115024 1128115006.2 3.17247e-07 1128114991.5 4.94654e-07 1128115008.0 3.95802e-07 1128114940.7 3.69421e-07 1128114948.9 4.01637e-07 1128115006.7 4.38821e-07
1128176257 1128176377 1128176275.0 3.49514e-07 1128176371.2 3.53119e-07 1128176285.5 3.86758e-07 1128176314.0 4.30711e-07 1128176281.9 3.34803e-07 1128176276.4 3.94344e-07
1128179061 1128179181 1128179178.7 5.55266e-07 1128179079.6 5.50314e-07 1128179084.4 3.39636e-07 1128179177.8 4.52990e-07 1128179157.7 3.57182e-07 1128179089.1 3.91024e-07
1128182147 1128182267 1128182166.2 3.17088e-07 1128182156.9 4.09882e-07 1128182156.9 3.33864e-07 1128182151.7 3.99273e-07 1128182213.4 3.77453e-07 1128182155.5 4.03751e-07
1128302821 1128302941 1128302929.7 3.00832e-07 1128302916.5 5.44384e-07 1128302838.7 5.31503e-07 1128302906.5 3.53154e-07 1128302849.5 4.79511e-07 1128302830.1 5.48461e-07
1128303937 1128304057 1128303949.6 3.75867e-07 1128304011.0 3.66728e-07 1128304005.7 4.48306e-07 1128303987.3 3.51835e-07 1128303945.2 3.05511e-07 1128303963.5 4.23847e-07
1128307691 1128307811 1128307737.8 3.89474e-07 1128307763.0 4.13837e-07 1128307701.5 4.20404e-07 1128307735.9 3.39975e-07 1128307698.2 3.64105e-07 1128307700.0 4.46216e-07
1128352130 1128352250 1128352185.7 3.24391e-07 1128352185.4 5.73685e-07 1128352208.2 5.45349e-07 1128352248.0 3.60636e-07 1128352216.3 3.49582e-07 1128352206.9 5.57102e-07
1128464645 1128464765 1128464694.2 1.02574e-06 1128464744.2 2.02090e-06 1128464687.4 8.56920e-07 1128464693.1 1.48648e-06 1128464716.5 8.41353e-07 1128464691.0 1.06569e-06
1128527912 1128528032 1128527950.7 8.29672e-07 1128528021.8 2.78318e-06 1128527970.8 6.70962e-07 1128527921.3 9.31909e-07 1128528020.5 1.18745e-06 1128527942.8 8.05603e-07
1128546136 1128546256 1128546141.0 1.16016e-06 1128546229.3 2.67592e-06 1128546147.8 9.48635e-07 1128546245.8 1.01453e-06 1128546147.0 1.02656e-06 1128546152.1 1.02803e-06
1128708676 1128708796 1128708752.7 1.11883e-06 1128708746.1 1.07423e-06 1128708679.9 1.02567e-06 1128708751.4 1.07727e-06 1128708744.6 1.14779e-06 1128708678.8 9.26734e-07
1128763840 1128763960 1128763922.0 8.84862e-07 1128763894.0 1.06010e-06 1128763892.2 1.47082e-06 1128763920.9 9.67234e-07 1128763886.5 1.12450e-06 1128763890.8 1.53710e-06
1128782551 1128782671 1128782669.0 6.07716e-07 1128782586.9 4.03701e-07 1128782642.0 7.02515e-07 1128782667.9 6.90709e-07 1128782585.7 4.53040e-07 1128782640.8 7.42705e-07
1128810084 1128810204 1128810135.3 5.37441e-07 1128810093.0 1.02900e-06 1128810137.9 5.88583e-07 1128810170.7 6.09932e-07 1128810195.4 7.85829e-07 1128810161.8 6.66664e-07
1128811353 1128811473 1128811400.7 1.00036e-06 1128811467.7 1.42986e-06 1128811403.9 7.56008e-07 1128811458.0 6.45483e-07 1128811379.5 6.57306e-07 1128811462.1 8.87137e-07
1128837736 1128837856 1128837830.4 1.01161e-06 1128837769.0 2.25535e-06 1128837811.2 1.60929e-06 1128837789.6 8.33611e-07 1128837766.9 1.15717e-06 1128837809.8 1.06891e-06
1128873840 1128873960 1128873911.1 5.38874e-07 1128873911.6 6.27104e-07 1128873862.8 5.88510e-07 1128873880.4 6.41027e-07 1128873910.1 6.82588e-07 1128873909.0 6.51593e-07
1128880737 1128880857 1128880844.2 4.87372e-07 1128880795.7 5.57077e-07 1128880813.8 6.54589e-07 1128880836.4 6.02902e-07 1128880819.7 5.34835e-07 1128880759.4 7.26629e-07
1128881861 1128881981 1128881875.2 5.51970e-07 1128881866.4 4.76121e-07 1128881920.1 6.88998e-07 1128881878.4 5.28343e-07 1128881886.2 5.41921e-07 1128881924.0 6.36051e-07
1128885174 1128885294 1128885213.7 4.61073e-07 1128885198.6 4.12768e-07 1128885279.7 5.21860e-07 1128885212.2 5.44828e-07 1128885225.3 4.58680e-07 1128885278.5 6.45618e-07
1128887182 1128887302 1128887287.1 5.06265e-07 1128887293.9 8.29790e-07 1128887298.0 6.44687e-07 1128887285.9 8.40856e-07 1128887264.9 5.59286e-07 1128887296.7 5.72259e-07
1128889399 1128889519 1128889446.2 4.58890e-07 1128889451.2 8.14133e-07 1128889419.3 5.69084e-07 1128889413.2 5.48199e-07 1128889432.7 5.96910e-07 1128889447.7 6.30721e-07
1128889729 1128889849 1128889749.3 9.94582e-07 1128889753.1 2.91302e-06 1128889806.2 6.49610e-07 1128889785.0 4.42376e-07 1128889746.2 6.92423e-07 1128889804.7 6.79497e-07
1128890708 1128890828 1128890769.3 3.97829e-07 1128890802.8 9.90434e-07 1128890781.3 4.41821e-07 1128890785.3 4.90432e-07 1128890795.2 6.00683e-07 1128890785.4 5.14469e-07
1128922671 1128922791 1128922774.5 5.17661e-07 1128922684.4 5.13342e-07 1128922722.5 5.09213e-07 1128922722.8 7.59260e-07 1128922745.7 5.79456e-07 1128922721.4 6.35162e-07
1128929783 1128929903 1128929788.1 4.41343e-07 1128929869.3 6.36961e-07 1128929806.0 6.20361e-07 1128929857.0 5.35096e-07 1128929868.1 6.43951e-07 1128929809.5 7.63516e-07
1128956704 1128956824 1128956819.6 5.15291e-07 1128956778.0 5.75502e-07 1128956741.1 5.28247e-07 1128956733.4 6.13393e-07 1128956776.7 5.51074e-07 1128956763.0 6.06017e-07
1129003790 1129003910 1129003810.4 4.95234e-07 1129003798.7 4.21842e-07 1129003861.0 4.64297e-07 1129003804.3 7.51994e-07 1129003882.2 5.08259e-07 1129003859.9 6.13594e-07
1129011249 1129011369 1129011339.3 4.74755e-07 1129011265.3 4.44889e-07 1129011254.2 4.03626e-07 1129011342.3 7.74348e-07 1129011264.2 4.68445e-07 1129011253.0 5.00911e-07
1129018180 1129018300 1129018269.0 5.09195e-07 1129018186.0 4.74416e-07 1129018229.3 3.49318e-07 1129018267.9 6.27361e-07 1129018247.3 4.31466e-07 1129018204.3 4.52985e-07
1129034982 1129035102 1129035062.3 5.13132e-07 1129035062.4 4.48375e-07 1129035094.4 3.70003e-07 1129035061.4 5.31684e-07 1129035061.5 5.70633e-07 1129035093.2 4.72322e-07
1129136303 1129136423 1129136355.5 2.79442e-07 1129136334.0 3.85540e-07 1129136371.1 2.46042e-07 1129136416.0 2.86387e-07 1129136332.2 3.42294e-07 1129136315.1 3.75085e-07
1129152699 1129152819 1129152781.9 6.46309e-07 1129152738.0 7.93256e-07 1129152776.6 1.14721e-06 1129152736.6 3.66187e-07 1129152816.2 5.41754e-07 1129152769.1 5.30664e-07
1129155065 1129155185 1129155070.2 5.51720e-07 1129155083.9 5.65640e-07 1129155094.2 3.77456e-07 1129155069.0 4.25316e-07 1129155179.0 3.84217e-07 1129155092.7 5.13278e-07
1129222335 1129222455 1129222374.3 1.35991e-06 1129222341.9 4.44835e-07 1129222438.9 5.31661e-07 1129222372.9 7.91467e-07 1129222394.9 4.68794e-07 1129222437.5 6.44859e-07
1129229337 1129229457 1129229378.3 6.82151e-07 1129229362.3 4.49838e-07 1129229382.8 3.67074e-07 1129229376.9 7.43028e-07 1129229379.1 4.10493e-07 1129229440.5 4.44404e-07
1129260323 1129260443 1129260408.3 3.26354e-07 1129260412.7 4.55607e-07 1129260393.6 4.09013e-07 1129260376.5 4.43880e-07 1129260400.0 4.95944e-07 1129260392.1 5.09711e-07
1129320431 1129320551 1129320463.9 4.05651e-07 1129320444.7 6.71480e-07 1129320466.1 3.33188e-07 1129320505.3 4.51679e-07 1129320510.3 3.92702e-07 1129320506.0 4.69784e-07
1129323455 1129323575 1129323486.8 4.65711e-07 1129323517.8 1.10569e-06 1129323487.3 5.75493e-07 1129323485.7 5.66208e-07 1129323512.1 5.65269e-07 1129323486.0 6.95351e-07
1129324177 1129324297 1129324203.0 1.06079e-06 1129324261.7 1.82515e-06 1129324213.8 5.88537e-07 1129324201.8 8.19572e-07 1129324215.6 5.30901e-07 1129324244.1 7.00834e-07
1129383192 1129383312 1129383240.2 4.23848e-07 1129383252.3 4.11939e-07 1129383203.4 5.55261e-07 1129383239.1 6.12644e-07 1129383224.1 5.32923e-07 1129383208.0 5.47529e-07
1129481471 1129481591 1129481583.9 3.55091e-07 1129481513.5 5.76971e-07 1129481570.4 3.50906e-07 1129481477.4 5.06015e-07 1129481512.6 4.92190e-07 1129481569.3 4.10984e-07
1129493442 1129493562 1129493552.0 3.73186e-07 1129493557.7 5.95528e-07 1129493459.9 4.78773e-07 1129493550.3 3.67863e-07 1129493458.8 5.34391e-07 1129493458.7 4.79100e-07
1129496793 1129496913 1129496901.1 3.98177e-07 1129496811.3 6.99487e-07 1129496851.7 3.65941e-07 1129496875.1 4.19459e-07 1129496910.4 3.96921e-07 1129496850.2 4.64960e-07
1129574738 1129574858 1129574793.0 6.56514e-07 1129574786.8 6.10647e-07 1129574804.9 9.57674e-07 1129574765.3 7.65382e-07 1129574757.0 6.08281e-07 1129574816.3 9.99602e-07
1129608537 1129608657 1129608560.2 6.85882e-07 1129608641.0 8.92209e-07 1129608570.3 8.58588e-07 1129608565.1 6.28891e-07 1129608645.7 8.85436e-07 1129608561.4 7.93120e-07
1129615524 1129615644 1129615533.0 8.55566e-07 1129615583.3 9.24883e-07 1129615587.6 1.07840e-06 1129615531.5 8.92003e-07 1129615582.0 7.53582e-07 1129615586.4 1.02184e-06
1129627590 1129627710 1129627667.5 5.32886e-07 1129627648.5 6.69813e-07 1129627617.8 1.03719e-06 1129627665.9 5.37871e-07 1129627647.2 7.17468e-07 1129627616.3 1.03989e-06
1129668779 1129668899 1129668827.0 9.21722e-07 1129668870.5 2.99327e-06 1129668808.7 9.72552e-07 1129668882.5 8.29135e-07 1129668864.5 7.86407e-07 1129668807.3 1.04336e-06
1129669227 1129669347 1129669286.8 5.04509e-07 1129669280.4 4.18487e-07 1129669343.1 8.69453e-07 1129669285.6 5.48514e-07 1129669337.5 3.87857e-07 1129669240.9 8.39239e-07
1129672557 1129672677 1129672606.0 7.82342e-07 1129672648.4 6.70548e-07 1129672616.3 5.85691e-07 1129672604.6 8.57099e-07 1129672647.2 8.21050e-07 1129672582.2 6.52976e-07
1129673955 1129674075 1129674049.8 5.06316e-07 1129674069.3 5.03082e-07 1129674007.4 6.54402e-07 1129674048.0 6.66882e-07 1129673966.7 6.23054e-07 1129674006.1 7.91481e-07
1129676548 1129676668 1129676621.3 6.95198e-07 1129676559.2 6.17907e-07 1129676579.9 9.78502e-07 1129676643.0 6.95805e-07 1129676563.2 7.38688e-07 1129676578.4 8.69755e-07
1129703935 1129704055 1129703954.7 5.34947e-07 1129704007.3 4.58327e-07 1129704032.6 6.41775e-07 1129703953.5 7.82766e-07 1129703969.6 5.03416e-07 1129704031.3 7.92350e-07
1129777831 1129777951 1129777879.8 7.29863e-07 1129777924.0 1.05371e-06 1129777871.9 5.41683e-07 1129777850.6 7.50260e-07 1129777923.1 5.14555e-07 1129777876.5 5.80607e-07
1129804424 1129804544 1129804467.0 7.15570e-07 1129804432.2 6.07393e-07 1129804428.7 6.44244e-07 1129804465.7 9.15014e-07 1129804496.3 7.73097e-07 1129804494.0 6.91939e-07
1129874598 1129874718 1129874602.3 1.48825e-06 1129874708.7 1.25560e-06 1129874652.9 1.31888e-06 1129874639.9 1.46450e-06 1129874707.4 1.45290e-06 1129874651.4 1.15577e-06
1129882306 1129882426 1129882403.9 1.21071e-06 1129882377.3 1.52371e-06 1129882381.1 1.31250e-06 1129882407.5 1.50053e-06 1129882322.4 1.51847e-06 1129882379.4 1.41526e-06
1129956077 1129956197 1129956085.2 7.46278e-07 1129956192.8 9.97993e-07 1129956098.9 1.04358e-06 1129956083.5 9.47953e-07 1129956191.4 1.02396e-06 1129956097.5 9.55095e-07
1129968068 1129968188 1129968157.2 8.91388e-07 1129968139.1 6.59376e-07 1129968174.5 8.19510e-07 1129968155.9 9.32017e-07 1129968094.9 7.04205e-07 1129968179.1 9.41326e-07
1129974081 1129974201 1129974102.7 7.59026e-07 1129974123.6 7.73304e-07 1129974193.9 1.24732e-06 1129974101.2 9.09775e-07 1129974122.1 7.02888e-07 1129974192.3 1.09599e-06
1129992713 1129992833 1129992781.8 1.73927e-06 1129992761.4 9.30051e-06 1129992821.5 7.27133e-07 1129992766.5 8.95235e-07 1129992740.1 7.96187e-07 1129992744.1 6.37890e-07
1130017882 1130018002 1130017988.4 6.15903e-07 1130017959.8 9.60613e-07 1130017944.8 1.03841e-06 1130017921.8 6.00846e-07 1130017892.6 7.95887e-07 1130017943.1 9.56937e-07
1130094565 1130094685 1130094573.0 7.70409e-07 1130094630.9 9.25432e-07 1130094629.1 1.14176e-06 1130094578.4 6.43469e-07 1130094629.2 8.40190e-07 1130094627.8 8.08257e-07
1130099902 1130100022 1130099947.0 4.84012e-07 1130100020.0 6.12944e-07 1130100017.8 1.28120e-06 1130099945.9 6.33024e-07 1130099985.1 7.96506e-07 1130100016.3 1.20027e-06
1130164444 1130164564 1130164482.5 5.78893e-07 1130164480.4 4.30083e-07 1130164458.7 5.21760e-07 1130164480.7 5.66275e-07 1130164479.4 4.90643e-07 1130164504.6 6.49343e-07
1130170705 1130170825 1130170750.1 4.85890e-07 1130170731.3 7.61540e-07 1130170815.6 8.96539e-07 1130170819.9 6.50958e-07 1130170814.2 5.56046e-07 1130170774.1 8.26162e-07
1130185323 1130185443 1130185361.2 4.81127e-07 1130185407.0 6.97433e-07 1130185377.8 6.89554e-07 1130185419.7 7.04766e-07 1130185348.6 4.76494e-07 1130185382.9 6.85961e-07
1130186181 1130186301 1130186202.6 5.00534e-07 1130186247.3 1.07820e-06 1130186227.7 5.86286e-07 1130186201.2 6.33786e-07 1130186292.4 5.86146e-07 1130186231.7 6.63397e-07
1130186792 1130186912 1130186821.2 4.83522e-07 1130186816.8 8.55376e-07 1130186880.4 4.73119e-07 1130186840.7 7.15861e-07 1130186868.5 5.56659e-07 1130186884.6 4.93419e-07
1130193525 1130193645 1130193602.7 7.76881e-07 1130193634.3 2.39706e-06 1130193636.6 6.66544e-07 1130193545.3 5.97114e-07 1130193590.8 6.45746e-07 1130193635.2 8.12107e-07
1130244095 1130244215 1130244204.6 1.10608e-06 1130244159.6 2.40383e-06 1130244147.0 7.10698e-07 1130244207.9 9.60380e-07 1130244121.3 8.70805e-07 1130244145.8 6.67695e-07
1130330431 1130330551 1130330500.3 8.90244e-07 1130330439.2 1.35227e-06 1130330503.0 1.07854e-06 1130330499.0 1.25967e-06 1130330494.5 9.84634e-07 1130330501.5 1.31157e-06
1130482352 1130482472 1130482434.9 1.52453e-06 1130482398.0 1.14103e-06 1130482427.7 2.29794e-06 1130482433.4 1.52742e-06 1130482396.7 1.10960e-06 1130482426.1 2.13140e-06
1130559174 1130559294 1130559221.5 7.57466e-07 1130559243.0 8.64879e-07 1130559214.6 1.09720e-06 1130559220.3 8.69310e-07 1130559197.1 7.01629e-07 1130559219.2 1.10535e-06
1130578388 1130578508 1130578501.9 5.78198e-07 1130578414.4 6.30379e-07 1130578398.6 6.52005e-07 1130578445.5 5.11641e-07 1130578443.1 9.07045e-07 1130578441.2 6.97582e-07
1130603079 1130603199 1130603137.3 3.07039e-06 1130603130.9 1.01675e-05 1130603163.6 6.70861e-07 1130603129.8 8.36690e-07 1130603125.4 1.49444e-06 1130603161.9 7.87548e-07
1130637815 1130637935 1130637835.3 4.33779e-07 1130637845.6 4.80196e-07 1130637914.4 5.02345e-07 1130637819.5 5.47025e-07 1130637844.5 5.23778e-07 1130637827.2 5.92496e-07
1130637944 1130638064 1130637980.8 4.17764e-07 1130638042.2 4.26653e-07 1130637970.8 6.14186e-07 1130637979.9 4.05140e-07 1130638007.9 5.61252e-07 1130637974.6 7.27514e-07
1130645638 1130645758 1130645644.3 1.15352e-06 1130645643.4 1.21069e-06 1130645691.3 1.13694e-06 1130645714.7 6.03466e-07 1130645655.5 7.70859e-07 1130645650.5 7.83310e-07
1130654615 1130654735 1130654626.9 5.74543e-07 1130654648.8 4.66889e-07 1130654631.7 7.45278e-07 1130654625.7 6.67377e-07 1130654621.5 5.04866e-07 1130654635.9 8.75590e-07
1130655153 1130655273 1130655164.5 4.34141e-07 1130655171.8 6.19767e-07 1130655211.8 5.35930e-07 1130655241.5 5.25943e-07 1130655175.5 5.97366e-07 1130655204.9 6.83073e-07
1130688947 1130689067 1130689001.7 3.46765e-07 1130688969.0 4.06509e-07 1130688950.2 5.26949e-07 1130689024.3 5.22137e-07 1130688986.4 5.02680e-07 1130688954.2 5.82801e-07
1130701369 1130701489 1130701478.7 4.92683e-07 1130701402.4 8.44260e-07 1130701476.8 5.90532e-07 1130701417.8 4.10027e-07 1130701454.9 4.47803e-07 1130701475.3 6.93640e-07
1130704241 1130704361 1130704345.8 6.02922e-07 1130704290.3 1.30909e-06 1130704267.2 5.71278e-07 1130704345.0 4.47173e-07 1130704355.4 5.10229e-07 1130704265.8 7.13670e-07
1130712995 1130713115 1130713017.5 6.72842e-07 1130713036.5 8.64584e-07 1130713022.2 4.27336e-07 1130713041.7 5.08315e-07 1130713001.6 4.68099e-07 1130713112.9 6.52079e-07
1130743387 1130743507 1130743440.5 3.39175e-07 1130743487.6 3.06702e-07 1130743419.1 4.30030e-07 1130743398.1 4.59823e-07 1130743486.1 3.76006e-07 1130743429.8 4.81728e-07
1130743531 1130743651 1130743548.2 3.82471e-07 1130743546.4 3.96845e-07 1130743536.9 4.32487e-07 1130743542.0 5.43506e-07 1130743545.1 4.48129e-07 1130743535.6 4.49412e-07
1130753355 1130753475 1130753443.0 3.32429e-07 1130753452.3 4.40309e-07 1130753379.6 3.83027e-07 1130753430.5 3.80007e-07 1130753388.6 2.93960e-07 1130753410.6 4.57047e-07
1130864200 1130864320 1130864245.4 3.39076e-07 1130864299.6 3.91251e-07 1130864309.4 5.03865e-07 1130864314.5 3.87915e-07 1130864205.8 4.72194e-07 1130864308.1 4.78581e-07
1130916460 1130916580 1130916497.0 1.44628e-06 1130916507.9 2.83783e-06 1130916507.3 1.30136e-06 1130916510.8 1.26791e-06 1130916505.6 1.50048e-06 1130916505.8 1.05256e-06
1130965773 1130965893 1130965882.6 1.10226e-06 1130965806.4 1.45001e-06 1130965780.5 1.13439e-06 1130965881.1 1.27271e-06 1130965804.7 8.90490e-07 1130965878.3 1.03365e-06
1131015946 1131016066 1131016060.4 1.62877e-06 1131016025.9 1.76998e-06 1131016000.9 1.93820e-06 1131015988.1 1.40646e-06 1131016039.1 1.44402e-06 1131015999.3 1.88721e-06
1131073866 1131073986 1131073931.4 1.08592e-06 1131073903.4 1.08984e-06 1131073935.1 1.11493e-06 1131073976.8 1.15613e-06 1131073902.1 1.26329e-06 1131073933.7 1.47978e-06
1131087556 1131087676 1131087669.7 9.26897e-07 1131087605.7 1.20386e-06 1131087668.9 1.13417e-06 1131087668.1 1.05969e-06 1131087641.6 1.26030e-06 1131087660.9 1.27814e-06
1131120940 1131121060 1131121025.9 4.59303e-06 1131120996.2 8.55403e-06 1131121057.6 3.29647e-06 1131120989.6 2.62057e-06 1131120991.7 4.73785e-06 1131121032.2 1.73209e-06
1131179474 1131179594 1131179541.6 5.70007e-07 1131179590.1 6.65072e-07 1131179527.5 1.02745e-06 1131179483.2 7.51098e-07 1131179563.3 6.74190e-07 1131179526.1 1.21527e-06
1131209080 1131209200 1131209098.8 5.65029e-06 1131209180.4 6.87264e-06 1131209149.2 7.32692e-07 1131209082.0 1.32251e-06 1131209157.8 7.85058e-07 1131209128.9 7.55651e-07
1131260154 1131260274 1131260212.5 1.47675e-06 1131260244.8 1.28018e-06 1131260217.7 1.90561e-06 1131260256.4 5.35597e-07 1131260243.4 7.41419e-07 1131260261.3 1.19837e-06
1131272800 1131272920 1131272846.3 2.34036e-05 1131272855.4 1.75473e-06 1131272916.4 5.67641e-07 1131272802.0 4.70140e-06 1131272854.2 9.57338e-07 1131272832.0 5.54847e-07
1131303120 1131303240 1131303132.8 8.51511e-07 1131303184.5 6.34140e-07 1131303149.4 8.66687e-07 1131303231.3 7.29289e-07 1131303183.5 7.76820e-07 1131303213.2 1.00054e-06
1131303271 1131303391 1131303375.2 7.03781e-07 1131303356.8 8.23085e-07 1131303355.2 8.96006e-07 1131303373.6 8.45267e-07 1131303341.0 7.63331e-07 1131303338.9 1.09522e-06
1131304691 1131304811 1131304774.8 8.15846e-07 1131304772.5 7.02015e-07 1131304771.2 8.77173e-07 1131304737.6 8.26164e-07 1131304776.2 7.85640e-07 1131304723.6 9.50930e-07
1131314462 1131314582 1131314552.0 1.18914e-06 1131314577.6 8.06958e-07 1131314509.2 1.01021e-06 1131314470.3 7.79609e-07 1131314516.2 7.00027e-07 1131314507.8 1.13818e-06
1131387035 1131387155 1131387125.8 1.50646e-06 1131387093.1 9.65068e-07 1131387110.6 1.12598e-06 1131387124.4 1.04832e-06 1131387091.8 9.82197e-07 1131387109.3 1.01210e-06
1131429781 1131429901 1131429812.3 2.95934e-06 1131429844.0 2.20373e-06 1131429823.1 3.08565e-06 1131429802.0 1.48662e-06 1131429831.8 1.62823e-06 1131429895.0 2.17548e-06
1131647645 1131647765 1131647675.4 9.77757e-07 1131647683.3 1.14893e-06 1131647690.6 1.04612e-06 1131647650.7 8.94354e-07 1131647745.9 9.82094e-07 1131647689.0 1.19645e-06
1131665195 1131665315 1131665257.6 1.54646e-06 1131665210.8 8.93368e-07 1131665272.3 1.33147e-06 1131665256.5 1.37834e-06 1131665252.8 8.75477e-07 1131665276.7 1.29723e-06
1131728692 1131728812 1131728707.2 1.18343e-06 1131728761.4 9.64692e-07 1131728755.2 9.18936e-07 1131728706.1 1.29194e-06 1131728760.6 1.03789e-06 1131728714.1 8.78375e-07
1131731592 1131731712 1131731635.5 6.44205e-07 1131731615.0 7.81979e-07 1131731602.2 1.13366e-06 1131731594.9 8.21749e-07 1131731613.6 9.64838e-07 1131731648.4 1.21834e-06
1131734366 1131734486 1131734475.8 9.89202e-07 1131734429.3 6.82375e-07 1131734465.4 1.14190e-06 1131734449.3 1.02883e-06 1131734388.4 9.45633e-07 1131734464.0 1.34528e-06
1131780800 1131780920 1131780872.8 5.21574e-06 1131780872.7 2.51857e-06 1131780907.9 2.62065e-06 1131780836.5 2.80013e-06 1131780879.5 1.65124e-06 1131780906.5 2.46817e-06
1131954724 1131954844 1131954805.2 2.20365e-06 1131954771.1 1.74026e-06 1131954741.7 1.12626e-06 1131954779.6 2.13642e-06 1131954770.3 2.85667e-06 1131954758.9 1.26045e-06
1131963194 1131963314 1131963222.0 5.78294e-07 1131963236.3 4.40991e-07 1131963295.2 5.28817e-07 1131963312.0 7.64643e-07 1131963241.7 5.52641e-07 1131963293.9 8.48511e-07
1131966588 1131966708 1131966661.1 5.42441e-07 1131966607.3 6.54377e-07 1131966617.0 7.65316e-07 1131966678.8 9.01362e-07 1131966606.0 6.56445e-07 1131966615.8 1.04391e-06
1131990472 1131990592 1131990480.5 5.89887e-07 1131990579.3 5.20853e-07 1131990588.5 6.13464e-07 1131990552.6 6.75144e-07 1131990493.7 7.77307e-07 1131990572.6 7.61842e-07
1132034976 1132035096 1132035024.0 1.28832e-06 1132035013.7 1.17826e-06 1132035014.3 1.37595e-06 1132035022.6 1.23168e-06 1132035060.7 6.75316e-07 1132034990.8 9.50842e-07
1132044294 1132044414 1132044348.2 8.12702e-07 1132044378.0 7.70260e-07 1132044356.0 8.51984e-07 1132044347.0 1.06586e-06 1132044376.8 8.36383e-07 1132044354.8 9.32798e-07
1132091156 1132091276 1132091270.4 7.04206e-07 1132091260.1 7.85697e-07 1132091174.9 6.64493e-07 1132091273.7 4.45765e-07 1132091236.0 5.44013e-07 1132091268.0 7.30236e-07
1132103395 1132103515 1132103493.5 4.25289e-07 1132103419.2 5.68437e-07 1132103493.5 7.65048e-07 1132103492.3 6.59385e-07 1132103423.3 5.67147e-07 1132103491.9 9.65688e-07
1132185193 1132185313 1132185239.8 5.66340e-07 1132185236.6 8.67265e-07 1132185243.2 1.12126e-06 1132185283.9 5.09403e-07 1132185252.6 5.75309e-07 1132185235.9 6.51050e-07
1132204750 1132204870 1132204794.6 6.10399e-07 1132204830.8 4.96557e-07 1132204798.9 5.96199e-07 1132204753.2 6.06753e-07 1132204834.4 6.08691e-07 1132204823.9 6.45608e-07
1132206475 1132206595 1132206553.8 7.97183e-07 1132206484.7 6.26230e-07 1132206483.3 6.09247e-07 1132206552.4 8.89057e-07 1132206556.0 6.77113e-07 1132206482.1 6.31120e-07
1132287539 1132287659 1132287592.7 2.06480e-06 1132287590.9 1.59194e-06 1132287588.5 1.64028e-06 1132287620.3 1.05829e-06 1132287584.9 1.10180e-06 1132287598.5 8.16887e-07
1132314819 1132314939 1132314862.6 4.81209e-07 1132314865.3 6.35625e-07 1132314911.7 4.70753e-07 1132314861.1 4.71708e-07 1132314864.0 6.57789e-07 1132314923.5 5.41916e-07
1132339895 1132340015 1132339976.4 4.00185e-07 1132339985.4 5.39872e-07 1132339956.2 9.07043e-07 1132339925.7 4.60058e-07 1132339984.3 6.91468e-07 1132339954.8 8.73966e-07
1132347582 1132347702 1132347643.5 5.54078e-06 1132347657.3 1.90263e-06 1132347627.7 3.62039e-06 1132347641.8 5.69289e-06 1132347662.5 2.27949e-06 1132347626.0 3.88418e-06
1132354076 1132354196 1132354175.3 6.26108e-07 1132354150.9 6.55881e-07 1132354169.5 5.94242e-07 1132354146.3 7.26752e-07 1132354149.6 9.27385e-07 1132354173.9 6.00006e-07
1132356992 1132357112 1132357108.1 5.45326e-07 1132357101.9 6.96801e-07 1132357094.4 7.60100e-07 1132357106.7 5.31152e-07 1132357100.5 7.92944e-07 1132357093.2 8.21660e-07
1132370066 1132370186 1132370129.7 6.64210e-07 1132370084.7 6.81330e-07 1132370131.1 7.78980e-07 1132370128.3 9.27469e-07 1132370083.8 7.02150e-07 1132370129.5 9.03071e-07
1132414038 1132414158 1132414057.3 8.53250e-07 1132414092.3 1.29926e-06 1132414090.7 1.46455e-06 1132414082.8 8.09266e-07 1132414083.7 1.14990e-06 1132414089.2 1.62275e-06
1132552643 1132552763 1132552717.0 1.35162e-06 1132552673.3 2.80185e-06 1132552673.0 4.15587e-06 1132552716.3 2.16986e-06 1132552677.0 3.32822e-06 1132552676.9 6.95268e-06
1132565476 1132565596 1132565555.1 8.48089e-07 1132565565.1 4.98727e-07 1132565544.9 9.03328e-07 1132565553.9 7.67033e-07 1132565514.0 6.32793e-07 1132565543.7 8.86804e-07
1132591434 1132591554 1132591471.1 5.65511e-07 1132591524.8 5.39593e-07 1132591452.3 1.03598e-06 1132591548.9 4.48492e-07 1132591528.8 6.82129e-07 1132591456.7 1.05668e-06
1132637844 1132637964 1132637920.9 3.90630e-07 1132637899.0 5.26720e-07 1132637859.1 7.99545e-07 1132637911.4 4.69433e-07 1132637956.0 5.19031e-07 1132637857.8 9.21983e-07
1132688729 1132688849 1132688846.7 5.48641e-07 1132688732.9 5.38197e-07 1132688813.6 5.83769e-07 1132688835.8 4.33143e-07 1132688731.9 5.33140e-07 1132688784.1 5.63854e-07
1132814041 1132814161 1132814090.6 9.28881e-07 1132814108.3 8.08180e-07 1132814088.4 9.89024e-07 1132814089.1 7.70372e-07 1132814148.5 6.34264e-07 1132814120.3 1.00923e-06
1132912748 1132912868 1132912847.0 3.26808e-06 1132912797.5 2.08906e-06 1132912856.0 1.42911e-06 1132912844.0 2.21141e-06 1132912807.1 2.01880e-06 1132912761.0 1.15677e-06
1133020010 1133020130 1133020050.4 9.43675e-07 1133020021.1 7.15466e-07 1133020084.7 9.35470e-07 1133020049.0 9.48367e-07 1133020128.0 7.37668e-07 1133020083.5 1.14212e-06
1133020326 1133020446 1133020373.2 7.07163e-07 1133020358.1 1.00553e-06 1133020387.4 1.44457e-06 1133020440.2 7.97690e-07 1133020386.8 1.02828e-06 1133020386.0 1.55825e-06
1133020816 1133020936 1133020927.7 7.19205e-07 1133020883.9 9.22073e-07 1133020884.0 9.27475e-07 1133020909.5 7.51448e-07 1133020882.3 9.04547e-07 1133020882.7 8.99694e-07
1133021185 1133021305 1133021187.7 2.65597e-06 1133021190.6 1.64063e-06 1133021246.6 1.02191e-06 1133021241.4 9.14130e-07 1133021251.7 8.62483e-07 1133021279.9 9.70860e-07
1133021459 1133021579 1133021529.7 1.07921e-06 1133021494.8 1.02779e-06 1133021556.8 8.25591e-07 1133021507.0 9.49900e-07 1133021469.2 7.49467e-07 1133021555.2 8.43967e-07
1133021736 1133021856 1133021744.7 9.56841e-07 1133021780.9 8.07426e-07 1133021807.0 9.82922e-07 1133021841.1 1.20287e-06 1133021779.1 1.00650e-06 1133021849.2 1.07234e-06
1133021936 1133022056 1133021983.9 6.70935e-07 1133021983.5 7.77721e-07 1133021983.3 1.16290e-06 1133022012.8 8.91922e-07 1133022005.3 7.99384e-07 1133021981.8 1.23706e-06
1133021964 1133022084 1133021983.9 7.03307e-07 1133021983.5 7.64795e-07 1133021983.3 1.16625e-06 1133022012.8 8.91922e-07 1133022005.3 7.99384e-07 1133021981.8 1.23706e-06
1133049323 1133049443 1133049417.9 6.50294e-07 1133049427.7 5.29974e-07 1133049325.6 1.00895e-06 1133049427.5 7.61447e-07 1133049390.6 6.34996e-07 1133049400.7 8.43199e-07
1133049803 1133049923 1133049892.6 7.53336e-07 1133049919.5 6.79477e-07 1133049888.8 7.31501e-07 1133049896.4 9.67359e-07 1133049856.6 7.09470e-07 1133049887.5 9.20239e-07
1133138682 1133138802 1133138684.8 8.48543e-07 1133138793.1 6.33813e-07 1133138741.5 7.93499e-07 1133138748.1 9.22545e-07 1133138737.0 7.70186e-07 1133138689.0 1.01323e-06
1133138694 1133138814 1133138808.6 9.69202e-07 1133138793.1 6.33882e-07 1133138741.5 8.01764e-07 1133138807.3 9.22764e-07 1133138806.1 7.98747e-07 1133138740.2 9.51660e-07
1133138927 1133139047 1133138944.9 8.60493e-07 1133138995.3 6.46181e-07 1133138975.5 6.95756e-07 1133138943.7 8.75665e-07 1133138993.9 8.48782e-07 1133138974.4 7.49297e-07
1133172889 1133173009 1133172979.2 8.90493e-07 1133172902.1 8.35734e-07 1133172985.4 1.08345e-06 1133172983.2 1.12034e-06 1133172998.3 6.72610e-07 1133172984.2 1.19127e-06
1133233323 1133233443 1133233336.1 1.91982e-06 1133233360.9 1.41603e-06 1133233337.7 2.60049e-06 1133233334.5 1.89570e-06 1133233364.9 1.71959e-06 1133233336.1 2.46750e-06
1133245505 1133245625 1133245532.3 1.07021e-06 1133245565.9 1.44236e-06 1133245551.2 1.38695e-06 1133245537.0 1.12274e-06 1133245602.3 1.65313e-06 1133245623.0 1.79485e-06
1133304300 1133304420 1133304372.2 2.34869e-06 1133304400.9 1.33485e-06 1133304323.8 5.35701e-06 1133304371.3 2.79155e-06 1133304405.1 1.83851e-06 1133304377.0 5.09830e-06
1133380558 1133380678 1133380651.4 1.36350e-06 1133380563.8 1.34747e-06 1133380611.3 2.88468e-06 1133380631.7 1.69995e-06 1133380606.3 1.48308e-06 1133380609.7 2.95152e-06
1133468366 1133468486 1133468427.5 3.79645e-06 1133468459.4 2.05603e-06 1133468465.6 1.77051e-06 1133468393.4 1.54457e-06 1133468400.9 1.44758e-06 1133468464.2 1.89147e-06
1133578899 1133579019 1133578912.9 1.08422e-06 1133579008.9 1.43794e-06 1133578959.5 1.25427e-06 1133578917.2 1.32772e-06 1133579013.0 1.55527e-06 1133578965.4 1.09340e-06
1133579060 1133579180 1133579178.0 1.08339e-06 1133579159.1 9.52764e-07 1133579136.4 1.18635e-06 1133579165.2 1.17254e-06 1133579109.2 9.90673e-07 1133579135.2 1.49629e-06
1133579178 1133579298 1133579193.2 1.43684e-06 1133579197.7 1.21533e-06 1133579248.1 2.06843e-06 1133579268.7 1.20248e-06 1133579209.3 1.31365e-06 1133579252.5 2.10080e-06
1133626749 1133626869 1133626865.2 1.87130e-06 1133626851.1 1.37197e-06 1133626861.4 1.26062e-06 1133626844.9 1.05766e-06 1133626849.8 1.26795e-06 1133626865.4 1.34858e-06
1133665911 1133666031 1133665974.3 1.08672e-06 1133666015.7 9.56423e-07 1133665997.4 1.13042e-06 1133665977.9 1.40680e-06 1133666014.4 1.07560e-06 1133665996.0 1.32012e-06
1133692818 1133692938 1133692881.0 6.97988e-06 1133692882.3 1.84554e-06 1133692920.0 3.83788e-06 1133692869.5 1.99693e-06 1133692920.6 2.10560e-06 1133692885.4 3.32410e-06
1133739696 1133739816 1133739699.9 3.10867e-06 1133739725.9 1.36124e-06 1133739733.8 1.44988e-06 1133739711.6 1.61544e-06 1133739760.3 9.97260e-07 1133739732.3 1.20293e-06
1133743949 1133744069 1133744050.3 2.04108e-06 1133743999.3 1.39480e-06 1133744035.3 1.42919e-06 1133744060.9 1.77649e-06 1133744004.0 1.14719e-06 1133744018.0 1.50236e-06
1133747505 1133747625 1133747579.9 2.05531e-06 1133747527.8 1.30284e-06 1133747512.0 2.00858e-06 1133747529.8 1.75946e-06 1133747526.6 1.15534e-06 1133747538.3 2.10788e-06
1133754882 1133755002 1133754953.6 1.20748e-06 1133754997.8 1.40899e-06 1133754936.8 2.03320e-06 1133754889.6 1.30637e-06 1133754996.5 1.46881e-06 1133754935.2 2.04968e-06
1133771056 1133771176 1133771098.9 1.15660e-06 1133771101.9 1.03824e-06 1133771093.4 1.69483e-06 1133771097.9 1.30348e-06 1133771105.9 1.15105e-06 1133771098.1 1.62432e-06
1133804070 1133804190 1133804093.5 2.37441e-06 1133804072.3 1.91461e-06 1133804152.7 2.50218e-06 1133804077.9 2.03705e-06 1133804160.0 2.01742e-06 1133804151.5 2.37649e-06
1133978945 1133979065 1133979004.0 1.87698e-06 1133978949.9 1.18556e-06 1133978998.5 1.61166e-06 1133979002.7 1.76196e-06 1133978948.4 1.25585e-06 1133978997.3 1.76210e-06
1133991102 1133991222 1133991120.3 1.37875e-06 1133991145.3 1.24364e-06 1133991138.6 1.60755e-06 1133991119.2 1.26367e-06 1133991143.7 1.34393e-06 1133991159.7 1.74117e-06
1134010514 1134010634 1134010527.5 3.43512e-06 1134010600.2 1.20620e-06 1134010518.1 1.77873e-06 1134010599.2 1.57208e-06 1134010536.3 1.97418e-06 1134010521.6 1.92312e-06
1134076475 1134076595 1134076508.3 2.15453e-06 1134076504.5 2.14800e-06 1134076483.8 2.95466e-06 1134076519.9 1.91788e-06 1134076503.2 2.44071e-06 1134076495.2 3.00499e-06
1134156834 1134156954 1134156938.6 9.18464e-07 1134156911.2 9.65579e-07 1134156939.2 1.47349e-06 1134156892.1 1.07327e-06 1134156872.0 9.24238e-07 1134156937.8 1.59367e-06
1134178216 1134178336 1134178269.7 9.49986e-07 1134178308.8 8.42821e-07 1134178302.1 1.08270e-06 1134178268.5 8.01135e-07 1134178312.5 1.04468e-06 1134178300.6 1.06288e-06
1134195738 1134195858 1134195848.7 9.16826e-07 1134195767.8 4.88674e-07 1134195810.9 9.15403e-07 1134195774.8 8.01083e-07 1134195766.7 6.59725e-07 1134195809.7 9.03351e-07
1134222486 1134222606 1134222585.8 5.53483e-07 1134222562.1 1.22810e-06 1134222549.3 1.09440e-06 1134222493.3 7.78898e-07 1134222560.8 9.83969e-07 1134222547.9 9.15291e-07
1134227242 1134227362 1134227279.7 7.60222e-07 1134227265.4 7.30990e-07 1134227331.3 1.09097e-06 1134227284.7 7.47650e-07 1134227331.4 5.94152e-07 1134227329.8 1.01341e-06
1134278396 1134278516 1134278461.0 9.90939e-07 1134278421.4 1.01673e-06 1134278418.8 1.36208e-06 1134278465.0 7.39112e-07 1134278411.0 7.25814e-07 1134278417.0 1.26717e-06
1134291568 1134291688 1134291626.9 8.99361e-07 1134291578.3 1.00433e-06 1134291576.8 1.52798e-06 1134291609.9 7.00975e-07 1134291577.0 9.31903e-07 1134291609.7 1.28970e-06
1134292190 1134292310 1134292299.9 1.16458e-06 1134292272.2 8.93297e-07 1134292255.9 1.34551e-06 1134292298.4 1.00501e-06 1134292271.0 8.77403e-07 1134292308.0 1.28912e-06
1134302244 1134302364 1134302339.2 1.01623e-06 1134302323.4 1.10580e-06 1134302252.7 1.28136e-06 1134302343.8 1.03228e-06 1134302322.2 1.20219e-06 1134302250.9 1.14617e-06
1134302856 1134302976 1134302926.2 8.91359e-07 1134302940.3 7.79793e-07 1134302936.6 1.07529e-06 1134302952.9 7.39338e-07 1134302939.1 9.50101e-07 1134302950.4 1.46270e-06
1134303763 1134303883 1134303767.3 1.46675e-06 1134303801.9 9.97461e-07 1134303827.1 1.30670e-06 1134303766.0 1.20890e-06 1134303805.9 8.15419e-07 1134303775.8 1.13598e-06
1134304297 1134304417 1134304310.2 1.11175e-06 1134304339.4 8.93241e-07 1134304369.4 1.27719e-06 1134304308.7 9.31951e-07 1134304338.1 8.07300e-07 1134304367.9 1.23554e-06
1134348374 1134348494 1134348479.6 8.18213e-07 1134348388.8 7.85898e-07 1134348429.4 1.43145e-06 1134348477.9 7.46951e-07 1134348387.4 8.61801e-07 1134348427.8 1.05549e-06
1134355860 1134355980 1134355927.3 7.28986e-07 1134355910.0 5.24972e-07 1134355921.6 9.12878e-07 1134355876.9 7.60058e-07 1134355943.5 5.66617e-07 1134355926.4 8.08233e-07
1134416090 1134416210 1134416108.4 1.05119e-06 1134416112.7 7.58850e-07 1134416123.2 9.24013e-07 1134416106.9 1.18516e-06 1134416121.9 7.34663e-07 1134416121.8 1.19205e-06
1134510151 1134510271 1134510197.2 1.04409e-06 1134510163.7 9.57970e-07 1134510178.1 1.07594e-06 1134510195.6 1.10102e-06 1134510209.6 1.06801e-06 1134510176.8 1.39783e-06
1134528802 1134528922 1134528814.5 1.29411e-06 1134528877.0 1.36831e-06 1134528898.7 1.92832e-06 1134528812.6 9.92302e-07 1134528875.6 1.25077e-06 1134528846.5 1.19551e-06
1134673697 1134673817 1134673731.2 1.73707e-06 1134673815.0 1.95701e-06 1134673748.1 1.96414e-06 1134673730.0 1.70503e-06 1134673813.6 1.99450e-06 1134673746.6 1.99475e-06
1134675647 1134675767 1134675754.3 2.22751e-06 1134675685.7 1.73145e-06 1134675758.7 2.52853e-06 1134675690.0 1.83652e-06 1134675684.2 2.06452e-06 1134675676.0 2.34480e-06
1134768130 1134768250 1134768203.8 2.46970e-06 1134768173.6 1.29685e-06 1134768226.6 1.98428e-06 1134768202.3 2.79046e-06 1134768209.9 1.56349e-06 1134768188.5 2.64420e-06
1134835525 1134835645 1134835584.9 1.26405e-06 1134835536.3 1.17174e-06 1134835635.1 1.78567e-06 1134835609.7 1.65391e-06 1134835586.6 1.05328e-06 1134835633.8 1.44307e-06
1134861333 1134861453 1134861423.2 1.03533e-06 1134861407.2 1.02424e-06 1134861417.4 1.60909e-06 1134861398.3 9.68066e-07 1134861406.1 9.88789e-07 1134861415.7 1.61669e-06
1134866643 1134866763 1134866756.9 1.15306e-06 1134866725.8 1.02347e-06 1134866717.9 1.52197e-06 1134866722.6 9.27137e-07 1134866659.0 1.22128e-06 1134866716.1 1.39916e-06
1134868611 1134868731 1134868660.1 1.36975e-06 1134868722.3 9.84490e-07 1134868653.9 1.06744e-06 1134868658.7 1.24471e-06 1134868720.4 1.00389e-06 1134868659.0 1.11056e-06
1134878322 1134878442 1134878338.8 9.47340e-07 1134878412.0 1.02051e-06 1134878425.1 1.38885e-06 1134878337.5 1.22505e-06 1134878410.5 1.33743e-06 1134878423.8 1.58532e-06
1134929592 1134929712 1134929665.1 2.42678e-06 1134929652.6 1.89340e-06 1134929657.9 2.65676e-06 1134929663.5 2.35280e-06 1134929658.1 2.01717e-06 1134929649.6 2.87816e-06
1135024334 1135024454 1135024434.4 6.68110e-06 1135024429.5 4.28833e-06 1135024414.0 3.43842e-06 1135024430.0 5.66257e-06 1135024412.9 5.47796e-06 1135024412.8 5.02024e-06
1135107687 1135107807 1135107735.7 1.84264e-06 1135107732.8 1.85762e-06 1135107757.9 2.21772e-06 1135107779.8 1.61867e-06 1135107695.5 1.32540e-06 1135107756.4 2.36987e-06
1135151368 1135151488 1135151450.3 9.09594e-07 1135151388.0 7.87348e-07 1135151408.5 1.04392e-06 1135151448.9 1.14018e-06 1135151386.7 9.17528e-07 1135151485.7 1.16464e-06
1135234090 1135234210 1135234095.6 7.78879e-07 1135234105.6 4.60161e-07 1135234134.1 6.90952e-07 1135234094.5 7.67087e-07 1135234202.0 5.30033e-07 1135234133.0 7.45868e-07
1135364583 1135364703 1135364659.2 1.14265e-06 1135364694.5 9.04802e-07 1135364630.4 1.06933e-06 1135364657.8 9.35134e-07 1135364693.3 8.76395e-07 1135364697.7 1.19382e-06
1135391689 1135391809 1135391786.4 1.34904e-06 1135391767.0 1.30788e-06 1135391765.1 1.82907e-06 1135391752.2 1.06980e-06 1135391756.7 7.63851e-07 1135391756.8 9.60737e-07
1135417312 1135417432 1135417391.2 8.99343e-07 1135417429.6 1.06385e-06 1135417353.9 8.16589e-07 1135417389.7 9.85693e-07 1135417428.2 1.11302e-06 1135417352.4 7.79393e-07
1135446191 1135446311 1135446203.4 6.60217e-07 1135446206.3 8.20179e-07 1135446296.3 1.38370e-06 1135446202.2 6.98522e-07 1135446295.9 8.95483e-07 1135446294.9 1.29717e-06
1135496396 1135496516 1135496488.7 5.73653e-06 1135496508.5 2.74341e-06 1135496492.3 2.70871e-06 1135496512.8 1.21651e-05 1135496490.1 9.53494e-06 1135496497.8 6.50929e-06
1135596151 1135596271 1135596206.9 9.86542e-07 1135596220.6 7.81242e-07 1135596199.8 1.06866e-06 1135596177.8 5.87317e-07 1135596268.5 7.16405e-07 1135596248.5 8.23400e-07
1135651213 1135651333 1135651267.3 1.84907e-06 1135651219.4 9.52490e-07 1135651219.1 1.58138e-06 1135651259.9 8.98545e-07 1135651217.9 9.00287e-07 1135651233.5 1.38877e-06
1135698399 1135698519 1135698444.1 9.39206e-07 1135698437.5 6.18435e-07 1135698444.9 8.62928e-07 1135698426.5 6.48968e-07 1135698436.4 7.20667e-07 1135698443.2 1.08189e-06
1135702602 1135702722 1135702694.3 8.36646e-07 1135702704.5 7.04385e-07 1135702638.8 7.89558e-07 1135702693.1 7.30674e-07 1135702606.5 5.46544e-07 1135702637.7 6.90009e-07
1135717283 1135717403 1135717314.7 8.77933e-07 1135717374.9 5.88726e-07 1135717339.9 9.10515e-07 1135717343.6 9.34380e-07 1135717373.7 6.92654e-07 1135717338.4 8.83198e-07
1135770126 1135770246 1135770183.4 7.44503e-07 1135770169.6 5.38837e-07 1135770213.0 7.37819e-07 1135770182.4 5.61688e-07 1135770207.3 7.22908e-07 1135770132.6 8.16388e-07
1135843679 1135843799 1135843689.9 8.33264e-07 1135843764.0 9.45218e-07 1135843745.4 9.20476e-07 1135843754.7 7.21898e-07 1135843763.0 7.35748e-07 1135843684.3 8.66655e-07
1135844157 1135844277 1135844203.8 5.02132e-07 1135844271.9 5.71595e-07 1135844221.3 9.30165e-07 1135844210.2 5.46582e-07 1135844247.3 6.41849e-07 1135844219.8 1.00774e-06
1135898633 1135898753 1135898681.1 8.19861e-07 1135898747.3 9.90992e-07 1135898660.7 1.86348e-06 1135898726.9 1.02458e-06 1135898745.6 1.07680e-06 1135898680.6 1.53769e-06
1135924128 1135924248 1135924185.6 7.65608e-07 1135924188.3 7.93863e-07 1135924188.0 1.14198e-06 1135924183.7 8.81925e-07 1135924192.2 9.97537e-07 1135924207.5 1.27936e-06
1135942960 1135943080 1135943034.0 8.97140e-07 1135942979.1 9.77508e-07 1135943012.1 9.74645e-07 1135943009.3 8.84424e-07 1135942971.2 8.17129e-07 1135943010.2 9.40881e-07
1135975774 1135975894 1135975786.9 9.17890e-07 1135975864.4 7.39383e-07 1135975842.4 9.87984e-07 1135975785.3 6.47151e-07 1135975863.0 7.56632e-07 1135975840.8 9.02143e-07
1135991754 1135991874 1135991770.4 7.85749e-07 1135991783.4 8.51875e-07 1135991765.9 1.09799e-06 1135991809.2 8.06566e-07 1135991782.0 8.62586e-07 1135991764.4 9.20052e-07
1136001828 1136001948 1136001912.2 8.47591e-07 1136001945.2 7.60799e-07 1136001914.3 1.19345e-06 1136001895.3 8.52081e-07 1136001915.8 8.19166e-07 1136001904.8 1.22010e-06
1136024520 1136024640 1136024607.3 1.11124e-06 1136024554.4 1.22385e-06 1136024559.8 1.68563e-06 1136024611.9 9.01797e-07 1136024615.8 9.86704e-07 1136024604.1 1.07839e-06
1136038358 1136038478 1136038456.6 1.16073e-06 1136038383.9 1.28433e-06 1136038381.6 1.35880e-06 1136038455.2 8.28537e-07 1136038476.0 8.30573e-07 1136038441.2 1.17147e-06
1136091221 1136091341 1136091266.0 8.81711e-07 1136091258.6 1.00399e-06 1136091304.9 1.91861e-06 1136091299.6 1.01134e-06 1136091248.6 8.14138e-07 1136091237.9 1.50832e-06
1136104613 1136104733 1136104711.7 9.92705e-07 1136104730.7 1.03651e-06 1136104643.5 1.48833e-06 1136104710.0 1.02388e-06 1136104667.9 1.12078e-06 1136104664.6 1.16235e-06
1136122870 1136122990 1136122888.9 2.93947e-06 1136122904.6 1.82478e-06 1136122973.0 2.18324e-06 1136122886.2 1.63373e-06 1136122902.7 1.32408e-06 1136122963.1 1.89473e-06
1136160417 1136160537 1136160460.1 1.36953e-06 1136160477.3 1.44871e-06 1136160490.9 2.18075e-06 1136160458.7 1.28643e-06 1136160476.0 1.40093e-06 1136160489.5 2.31742e-06
1136176666 1136176786 1136176746.5 3.94416e-06 1136176717.3 3.17765e-06 1136176769.6 1.74534e-06 1136176745.4 2.71928e-06 1136176775.7 2.25097e-06 1136176768.4 2.03213e-06
1136181204 1136181324 1136181321.2 1.30844e-06 1136181270.7 1.34903e-06 1136181269.6 1.87460e-06 1136181213.7 1.09197e-06 1136181306.1 1.25188e-06 1136181274.0 1.66691e-06
1136217569 1136217689 1136217586.6 1.18405e-06 1136217583.0 1.39645e-06 1136217667.7 1.64705e-06 1136217661.9 1.13050e-06 1136217581.5 1.13189e-06 1136217630.8 1.31570e-06
1136303962 1136304082 1136304038.4 7.52126e-07 1136304077.5 9.87385e-07 1136303966.4 1.04556e-06 1136303982.4 7.82735e-07 1136304000.6 6.74917e-07 1136303971.4 1.03585e-06
1136347094 1136347214 1136347103.3 7.34054e-07 1136347120.7 4.97654e-07 1136347149.3 9.69789e-07 1136347116.7 8.75083e-07 1136347166.4 5.10028e-07 1136347147.9 7.29978e-07
1136376105 1136376225 1136376218.3 7.06532e-07 1136376163.1 5.64736e-07 1136376208.7 8.35184e-07 1136376165.2 8.16322e-07 1136376161.7 7.02526e-07 1136376143.2 8.57927e-07
1136399127 1136399247 1136399191.6 8.15947e-07 1136399209.4 7.01947e-07 1136399187.9 1.00506e-06 1136399161.4 7.17348e-07 1136399208.3 7.82332e-07 1136399186.5 9.70803e-07
1136408488 1136408608 1136408515.6 1.20371e-06 1136408546.4 7.96947e-07 1136408525.3 9.82187e-07 1136408591.9 1.13745e-06 1136408539.2 8.20323e-07 1136408515.0 1.08117e-06
1136414265 1136414385 1136414329.7 7.37278e-07 1136414318.5 1.06011e-06 1136414364.8 1.34238e-06 1136414328.3 1.03593e-06 1136414317.0 1.42293e-06 1136414363.3 1.36692e-06
1136419150 1136419270 1136419251.7 9.14992e-07 1136419183.5 7.77509e-07 1136419234.8 1.53920e-06 1136419249.9 9.31199e-07 1136419208.0 8.37497e-07 1136419233.5 1.45440e-06
1136428377 1136428497 1136428465.0 1.03990e-06 1136428386.4 1.21059e-06 1136428474.2 1.49310e-06 1136428463.2 1.00361e-06 1136428385.2 1.13732e-06 1136428478.2 1.22040e-06
1136435509 1136435629 1136435598.5 1.28969e-06 1136435528.0 8.36171e-07 1136435565.4 1.09542e-06 1136435581.9 1.00839e-06 1136435558.4 9.41296e-07 1136435577.4 1.06902e-06
1136462429 1136462549 1136462453.7 1.27391e-06 1136462477.5 1.29567e-06 1136462483.9 1.56013e-06 1136462458.0 1.10616e-06 1136462524.0 1.15392e-06 1136462488.3 1.68984e-06
1136466179 1136466299 1136466224.9 1.17017e-06 1136466228.6 1.16044e-06 1136466255.5 1.71257e-06 1136466223.8 1.23034e-06 1136466227.4 1.12844e-06 1136466247.1 1.39949e-06
1136479701 1136479821 1136479715.4 9.59132e-07 1136479732.6 8.17276e-07 1136479710.3 1.57799e-06 1136479713.8 1.09880e-06 1136479736.5 9.49265e-07 1136479715.2 1.47000e-06
1136527275 1136527395 1136527363.8 9.22714e-07 1136527334.5 1.03512e-06 1136527289.2 1.08014e-06 1136527362.4 1.03231e-06 1136527333.3 1.04862e-06 1136527294.2 1.04798e-06
1136560477 1136560597 1136560577.3 1.12377e-06 1136560571.6 1.20428e-06 1136560570.1 2.29485e-06 1136560581.5 1.19686e-06 1136560570.4 1.26235e-06 1136560568.7 2.23934e-06
1136566947 1136567067 1136566996.5 3.59451e-06 1136566992.9 3.79127e-06 1136567042.4 1.92228e-06 1136566994.7 2.93699e-06 1136567000.6 2.81232e-06 1136567040.5 1.90692e-06
1136584843 1136584963 1136584874.0 1.11904e-06 1136584869.0 1.53357e-06 1136584867.0 1.58255e-06 1136584872.4 1.30885e-06 1136584899.0 1.49836e-06 1136584865.7 1.55699e-06
1136596232 1136596352 1136596331.8 8.04004e-07 1136596268.5 1.18845e-06 1136596310.0 1.94745e-06 1136596289.3 1.20037e-06 1136596344.9 1.26485e-06 1136596254.4 2.03456e-06
1136649557 1136649677 1136649661.1 9.28290e-07 1136649661.9 7.70538e-07 1136649623.2 1.24506e-06 1136649619.3 1.08825e-06 1136649615.0 9.10399e-07 1136649643.8 1.09946e-06
