    1132440670.8         1132441110.1         7.48556e-06               1           
    1132440355.1         1132440798.9         8.16301e-06               1           
    1132440355.8         1132440799.1         8.16301e-06               1           
    1129885799.6         1129886646.4         1.08618e-05               1           
    1133509823.6         1133510689.5         4.18223e-05               1           
    1133509824.5         1133510689.5         4.18223e-05               1           
    1133509823.0         1133510689.6         4.18223e-05               1           
    1133303117.1         1133304314.5         6.37907e-06               1           
    1131906681.6         1131907561.7          1.2445e-05               1           
    1133691727.4         1133692699.5         2.86526e-06               1           
    1131245196.9         1131245819.1         9.92139e-07               1           
    1131242095.5         1131242717.7         1.34301e-06               1           
    1131242095.6         1131242717.9         1.34301e-06               1           
    1133691725.5         1133692699.4         2.86526e-06               1           
    1132551935.3         1132552368.6         7.67658e-07               1           
    1131483108.0         1131483968.8         7.56711e-06               1           
    1135897539.1         1135898467.6         2.64917e-06               1           
    1136777150.6         1136777937.1         1.44558e-06               1           
    1136777150.0         1136777936.4         1.44558e-06               1           
    1127145224.7         1127146183.2         7.01591e-07               1           
    1126892417.1         1126893051.0         1.08992e-06               1           
    1131779424.3         1131780185.0         2.68873e-06               1           
    1131120243.1         1131120863.5         2.67405e-06               1           
    1130643872.2         1130644873.9          1.1084e-06               1           
    1136565504.1         1136566462.5         1.09117e-06               1           
    1136565502.9         1136566462.5         1.09117e-06               1           
    1136565502.0         1136566461.6         1.09117e-06               1           
    1135106104.2         1135106954.8         3.15474e-07               1           
    1132693240.0         1132693831.6         3.00043e-07               1           
    1126702357.9         1126702996.9         1.72553e-07               1           
    1132131989.1         1132132964.1         4.78288e-08               1           
    1128560324.2         1128561118.4          6.9065e-08               1           
    1126849191.9         1126849825.0         1.69265e-07               1           
    1134672472.5         1134673460.4         7.73245e-07               1           
    1132131990.5         1132132963.6         4.78288e-08               1           
    1136777145.3         1136777673.3         5.41213e-07               1           
    1134672473.6         1134673460.2         7.73245e-07               1           
    1129608275.1         1129609265.0         6.43726e-08               1           
    1129220332.5         1129221120.8          7.0234e-07               1           
    1128836605.3         1128837339.7         1.21812e-06               1           
    1127338852.4         1127339666.8         2.87823e-08               1           
    1126627199.6         1126627684.4         9.19254e-07               1           
    1136021671.0         1136022465.4         3.76022e-08               1           
    1129885789.0         1129886639.2         1.08618e-05               1           
    1136699779.2         1136700541.5         6.95112e-08               1           
    1135695752.6         1135696579.6         6.01503e-08               1           
    1135101502.0         1135102180.1         7.38763e-08               1           
    1135033875.2         1135034847.5         2.21616e-08               0           
    1134924926.9         1134925813.2         1.01497e-07               1           
    1134588322.5         1134588948.2         6.37384e-08               1           
    1132182347.7         1132182974.8         5.75078e-08               1           
    1132032729.5         1132033570.7         2.70609e-07               1           
    1130100417.3         1130101255.5         1.68136e-08               1           
    1129673019.8         1129673960.0         1.41652e-07               1           
    1129116806.0         1129117419.3          9.1168e-08               1           
    1127887439.1         1127888107.2         1.01279e-07               0           
    1127145433.2         1127146305.9         6.43628e-07               1           
    1137176675.4         1137177515.4         6.76548e-08               1           
    1136804675.0         1136805477.1         1.97393e-07               1           
    1135695753.7         1135696581.0         6.01503e-08               1           
    1135594635.1         1135594902.5         1.99532e-06               1           
    1134924926.5         1134925812.6         1.01497e-07               1           
    1134588322.6         1134588948.2         6.37384e-08               1           
    1136664316.7         1136665163.0         1.45289e-08               1           
    1135743756.7         1135744503.0         1.33807e-08               0           
    1135594637.5         1135594902.7         1.99532e-06               1           
    1133784331.7         1133785178.3         6.72092e-08               1           
    1132513078.6         1132514044.7         3.23658e-08               1           
    1131564038.4         1131564898.0         2.78612e-07               1           
    1131017611.6         1131018231.0         3.81567e-07               1           
    1131010514.3         1131011687.1         4.08239e-07               1           
    1131005634.4         1131006165.9         1.82519e-08               1           
    1130928841.2         1130929468.1         1.27206e-07               1           
    1130621119.0         1130622122.1         3.91047e-08               0           
    1127664429.3         1127665249.8         2.64399e-07               0           
    1126688846.5         1126689477.2         5.22371e-08               1           
    1136664316.0         1136665162.3         1.45289e-08               1           
    1136463139.4         1136463965.9         2.85002e-08               0           
    1133614584.4         1133615213.4         2.88846e-08               0           
    1132714284.8         1132715055.1         9.49003e-09               0           
    1132346498.5         1132346713.1         3.19922e-07               1           
    1131816593.3         1131817451.7         2.25831e-07               1           
    1131236834.8         1131237718.5         1.55567e-06               0           
    1131014794.5         1131015414.3         3.18013e-07               1           
    1129139556.9         1129140248.4          8.1478e-08               1           
    1126703354.8         1126703983.5         1.62736e-07               1           
    1137204824.2         1137205729.1          7.4004e-08               1           
    1137021766.0         1137022749.8         4.44461e-08               1           
    1136812506.2         1136813444.9          3.4041e-08               1           
    1136804675.8         1136805477.9         1.97393e-07               1           
    1133998391.9         1133999071.7         6.47062e-08               1           
    1133741389.8         1133742049.8         3.82565e-08               1           
    1133512273.7         1133513126.9         4.11723e-05               1           
    1133509888.4         1133510518.9         3.81486e-06               1           
    1132949962.3         1132951148.1         2.65857e-08               1           
    1131277540.9         1131278717.5         2.99307e-07               0           
    1131014538.6         1131015552.2         4.55343e-07               1           
    1130776375.8         1130777273.2          4.9473e-08               1           
    1130447397.8         1130448305.6         2.89584e-08               1           
    1127326661.9         1127327563.5         2.54617e-08               1           
    1136808946.5         1136809883.8         3.49758e-08               1           
    1136021672.2         1136022466.5         3.76022e-08               1           
    1135632595.9         1135633430.2          7.2054e-09               0           
    1135140212.2         1135141418.2         2.02257e-08               0           
    1134512233.5         1134513146.8         3.45542e-08               1           
    1133238367.8         1133239215.3         5.02558e-08               0           
    1133134046.9         1133134858.1         7.40093e-08               0           
    1132785187.3         1132786145.3         2.60263e-08               1           
    1132648458.6         1132649398.9         3.17746e-08               1           
    1131452514.0         1131453368.2         5.78943e-08               1           
    1130384944.5         1130385734.0         1.85956e-08               1           
    1129979115.4         1129980308.0         1.34097e-08               0           
    1129336631.5         1129337501.1         9.58923e-09               0           
    1129149910.9         1129150798.1         1.31094e-07               1           
    1128938865.1         1128939266.2         6.78135e-09               1           
    1128220238.6         1128220664.6         4.59615e-08               0           
    1127669171.2         1127669389.5         1.40139e-07               1           
    1126885045.0         1126885675.2         1.60365e-08               0           
    1126686701.6         1126687327.9         4.37728e-08               0           
    1137122455.8         1137122660.1         1.85235e-07               1           
    1136586013.3         1136586786.0         1.35337e-08               0           
    1136121552.6         1136121772.5         4.42756e-08               1           
    1135264806.1         1135265449.5         1.55326e-08               0           
    1134333534.1         1134334332.6         1.45221e-08               1           
    1133510367.0         1133511232.1         4.11396e-05               1           
    1133409805.2         1133410694.8          1.0623e-08               1           
    1133191765.5         1133192655.0         1.25878e-08               1           
    1132929941.3         1132930522.4         5.52087e-09               1           
    1131555228.3         1131556241.8         2.92384e-08               1           
    1130807413.5         1130808017.5         9.92638e-08               1           
    1130644279.6         1130645282.7         1.07475e-06               1           
    1130391748.5         1130392616.3          1.8575e-08               1           
    1129983338.3         1129984531.2         2.83066e-08               1           
    1129511847.3         1129512662.2         2.08865e-08               1           
    1129442706.2         1129443515.0         1.76514e-08               0           
    1129256274.1         1129257173.0         5.74729e-08               1           
    1127693117.8         1127694302.2         2.97845e-08               1           
    1126686892.6         1126687794.4         7.03655e-08               1           
    1137257680.8         1137258540.3         7.94881e-09               1           
    1137204142.4         1137205321.1          7.5679e-08               1           
    1136121552.5         1136121772.6         4.42756e-08               1           
    1135953390.9         1135954312.7          6.909e-09                1           
    1135759059.5         1135759911.6         9.39216e-09               1           
    1134638948.5         1134639873.0         2.12019e-08               0           
    1134162738.8         1134163332.2         2.20421e-08               1           
    1133748300.7         1133749273.4          2.9724e-08               1           
    1133511001.9         1133511869.9         4.09989e-05               1           
    1131384536.1         1131385161.4         1.77144e-08               0           
    1131315496.5         1131316451.5         1.15489e-08               0           
    1131032473.4         1131033208.2         4.87585e-08               1           
    1131024244.8         1131025258.6         3.82725e-08               1           
    1130972051.4         1130973015.5         3.14305e-08               1           
    1130723979.4         1130724666.9         6.77247e-08               1           
    1130517424.7         1130518395.1          3.179e-08                0           
    1127591618.3         1127592531.2         1.30655e-08               0           
    1127257137.3         1127257996.5         1.66058e-08               0           
    1127146422.7         1127147049.8          4.8179e-07               1           
    1127145456.5         1127146109.9         3.67542e-07               1           
    1126929811.7         1126930739.8         1.67849e-08               0           
    1137208939.4         1137209822.5          5.3802e-08               1           
    1137180127.2         1137181091.7         8.34599e-08               1           
    1137079820.5         1137080782.4         2.50496e-08               1           
    1137054640.7         1137054879.3         1.48416e-07               1           
    1137005690.7         1137006866.1         6.17957e-08               1           
    1136998697.7         1136998993.7         1.22414e-08               1           
    1136752515.8         1136753416.4         3.55942e-08               1           
    1135953390.5         1135954312.7          6.909e-09                1           
    1136079018.5         1136079842.9         1.40123e-08               1           
    1135064647.0         1135065491.9         1.04434e-08               1           
    1135023539.7         1135024435.4         1.93495e-07               1           
    1134920230.5         1134921098.3         4.01673e-08               0           
    1134512066.2         1134512821.1         3.54149e-08               1           
    1134021217.0         1134022008.4         1.02115e-08               0           
    1133839265.8         1133840447.4         1.08437e-08               1           
    1133795023.4         1133795855.8         1.11123e-08               0           
    1132620791.5         1132621225.1         1.92478e-08               1           
    1132532259.8         1132533159.6         6.83793e-08               1           
    1132261380.1         1132262253.3         6.11674e-08               0           
    1132259928.5         1132260283.1          1.1336e-08               1           
    1132097158.4         1132098017.6         8.39558e-09               1           
    1132066257.3         1132067224.6         1.25918e-08               1           
    1132032855.2         1132033697.2         2.68563e-07               1           
    1131940068.8         1131940901.6         7.81357e-09               1           
    1131908052.8         1131908933.3         1.23177e-05               1           
    1131784437.8         1131785198.7         3.20191e-07               1           
    1131679919.2         1131680586.4         4.13339e-08               1           
    1131568486.3         1131569346.3         1.53358e-07               1           
    1131454495.4         1131455350.6         5.52593e-08               0           
    1131278948.1         1131279231.0         1.96312e-07               1           
    1131246486.0         1131247108.6         6.24695e-07               1           
    1131243836.3         1131244458.8         6.07361e-07               1           
    1131242482.9         1131243105.7         1.28786e-06               1           
    1131112673.4         1131113579.1         1.08833e-08               0           
    1131028462.4         1131029476.6         5.49205e-08               1           
    1131018896.3         1131019909.9         5.28675e-07               1           
    1130548261.0         1130549128.6         8.54944e-09               1           
    1130210338.9         1130211149.0         5.11029e-09               1           
    1129900335.8         1129901087.7         4.13329e-08               1           
    1129889363.0         1129890546.4         6.42535e-06               1           
    1129590476.0         1129590892.2         1.49813e-07               0           
    1129227462.2         1129228251.0         1.26076e-07               0           
    1129220634.8         1129221423.3         6.96239e-07               1           
    1128826044.8         1128826996.7         4.44766e-09               0           
    1128497484.6         1128498314.3          6.1131e-09               0           
    1128158500.7         1128158752.9          2.9937e-08               1           
    1127906478.7         1127907101.0         1.76551e-08               1           
    1127703009.9         1127704194.2         1.45759e-08               1           
    1126658931.4         1126659889.3         1.49796e-08               0           
    1137159855.0         1137160685.6          1.5219e-08               1           
    1137093933.8         1137095140.0          2.9861e-08               1           
    1137019103.5         1137019990.6         4.74663e-08               1           
    1136854625.0         1136855571.8         1.20146e-08               1           
    1136785196.7         1136785972.2         9.91538e-08               1           
    1136777915.1         1136778907.5         1.64716e-06               1           
    1136755111.5         1136755969.3         3.40926e-08               1           
    1136744960.9         1136745764.8         1.75741e-08               1           
    1136699267.8         1136700451.3         7.57407e-08               1           
    1135143625.0         1135144279.4         1.65473e-08               0           
    1131112673.9         1131113579.1         1.08833e-08               0           
    1127316923.0         1127317708.3         5.39674e-09               1           
    1127234249.0         1127235062.7         4.67577e-09               1           
    1126569317.7         1126569954.4         1.87872e-09               0           
    1136498874.7         1136499722.9         7.27715e-09               0           
    1136468031.3         1136468664.8         2.03313e-08               1           
    1136216460.1         1136217150.7         1.44293e-08               1           
    1135635754.3         1135636373.0         8.67355e-09               0           
    1135481152.3         1135481375.4         1.35381e-08               0           
    1135479533.5         1135480186.3         2.87503e-08               0           
    1134922688.6         1134923226.1         3.54313e-08               0           
    1134684291.9         1134685174.9         1.88525e-08               1           
    1134168994.2         1134169883.2         1.36913e-08               0           
    1133968155.0         1133968807.8         1.06411e-08               1           
    1133906753.8         1133907955.3         1.00903e-08               1           
    1133295755.1         1133296638.1         8.66435e-09               0           
    1133193332.1         1133193981.5          1.2325e-08               1           
    1133137452.7         1133138105.8         2.85475e-08               0           
    1133036429.7         1133037311.0         1.16743e-08               1           
    1133012412.1         1133012936.9         5.79088e-09               1           
    1132789674.1         1132789949.6         1.53127e-08               1           
    1132674419.8         1132675593.2         1.74039e-08               1           
    1132462027.8         1132462845.9         1.38565e-08               1           
    1132391673.0         1132392305.7          5.3422e-09               0           
    1132241664.9         1132242653.0         1.30607e-08               0           
    1131941769.6         1131942690.1         7.58509e-09               0           
    1131799880.6         1131800849.3         2.01178e-08               1           
    1131599532.1         1131600345.7         5.67913e-08               1           
    1131301151.7         1131301864.0         7.61466e-09               1           
    1131148471.4         1131149087.6         1.80042e-08               1           
    1130898640.3         1130899580.4         1.48122e-08               0           
    1130876059.6         1130876263.7         6.42692e-09               0           
    1130781791.0         1130782589.5         6.42071e-09               1           
    1130775870.9         1130776872.4         5.20834e-08               1           
    1130680087.3         1130680855.4         1.28431e-08               0           
    1130506853.2         1130507739.4         1.15533e-08               1           
    1129986922.0         1129987827.8         2.76606e-08               1           
    1129905555.3         1129906095.7         1.43879e-08               1           
    1129858909.3         1129859688.6          5.0312e-08               1           
    1129535446.9         1129536652.0         1.15889e-08               0           
    1129370791.0         1129371417.9         1.45064e-08               1           
    1129300276.0         1129301467.4         3.72243e-08               1           
    1129117162.2         1129117994.6         1.11182e-07               1           
    1128844056.0         1128844395.1         4.82277e-08               1           
    1128837000.1         1128837734.5         1.17549e-06               1           
    1128393230.9         1128394073.1         5.17016e-09               0           
    1128042592.4         1128043441.2         9.16803e-09               1           
    1127988733.0         1127989360.5          5.9819e-09               0           
    1127880866.7         1127881710.2         1.03783e-08               1           
    1127426443.6         1127426913.4         5.06837e-08               0           
    1126911975.0         1126912875.8         1.15652e-08               1           
    1126870584.7         1126871552.2         1.97152e-08               1           
    1126804725.6         1126805352.1         1.64056e-09               1           
    1126753339.0         1126753966.2         4.12938e-09               0           
    1126657701.3         1126658562.6         1.44398e-08               0           
    1126585459.1         1126586094.0         1.15983e-08               0           
    1137085555.4         1137086156.7         1.32121e-08               1           
    1137079736.0         1137080303.1         1.43118e-08               1           
    1136954173.9         1136955185.6         2.31085e-08               1           
    1136756274.0         1136757140.3          3.904e-08                1           
    1136706777.8         1136707704.2         1.34249e-08               1           
    1136656950.9         1136657787.6         3.47474e-08               1           
    1136498873.8         1136499722.1         7.27715e-09               0           
    1136482866.5         1136483662.6          1.4014e-08               1           
    1136468032.8         1136468664.8         2.03313e-08               1           
    1136299545.8         1136300169.2          1.2093e-08               1           
    1136294961.0         1136295764.8          2.0976e-08               1           
    1135635809.0         1135636993.0         8.95091e-09               0           
    1135481151.0         1135481374.9         1.35381e-08               0           
