    1126479289.9         1126479924.1         3.72828e-05               Z           
    1132440670.8         1132441110.1         7.48556e-06               Y           
    1132440355.1         1132440798.9         8.16301e-06               Y           
    1132440355.8         1132440799.1         8.16301e-06               Y           
    1129885799.6         1129886646.4         1.08618e-05               Y           
    1133509823.6         1133510689.5         4.18223e-05               Y           
    1133509824.5         1133510689.5         4.18223e-05               Y           
    1133509823.0         1133510689.6         4.18223e-05               Y           
    1133303117.1         1133304314.5         6.37907e-06               Y           
    1129413139.6         1129413983.0         1.25761e-06               Z           
    1131906681.6         1131907561.7         1.24450e-05               Y           
    1126480738.8         1126481372.6         3.47411e-05               Z           
    1133691727.4         1133692699.5         2.86526e-06               Y           
    1131245196.9         1131245819.1         9.92139e-07               Y           
    1131242095.5         1131242717.7         1.34301e-06               Y           
    1131242095.6         1131242717.9         1.34301e-06               Y           
    1133691725.5         1133692699.4         2.86526e-06               Y           
    1130916720.8         1130917348.2         1.40407e-06               Z           
    1132551935.3         1132552368.6         7.67658e-07               Y           
    1131483108.0         1131483968.8         7.56711e-06               Y           
    1126498244.8         1126498878.4         8.91973e-07               Z           
    1126167265.6         1126167511.1         2.61002e-05               Z           
    1135897539.1         1135898467.6         2.64917e-06               Y           
    1136777150.6         1136777937.1         1.44558e-06               Y           
    1136777150.0         1136777936.4         1.44558e-06               Y           
    1131036439.2         1131037452.5         1.05444e-06               Z           
    1127145224.7         1127146183.2         7.01591e-07               Y           
    1126892417.1         1126893051.0         1.08992e-06               Y           
    1134417010.2         1134417215.8         2.55571e-06               Z           
    1131779424.3         1131780185.0         2.68873e-06               Y           
    1131120243.1         1131120863.5         2.67405e-06               Y           
    1130643872.2         1130644873.9         1.10840e-06               Y           
    1126497323.9         1126497953.9         1.14104e-06               Z           
    1126497313.3         1126497945.6         1.14104e-06               Z           
    1126497332.4         1126497965.1         1.12930e-06               Z           
    1136565504.1         1136566462.5         1.09117e-06               Y           
    1136565502.9         1136566462.5         1.09117e-06               Y           
    1136565502.0         1136566461.6         1.09117e-06               Y           
    1126489282.9         1126489911.6         5.19431e-06               Z           
    1126479572.0         1126480205.8         3.47300e-05               Z           
    1127271095.8         1127271723.0         3.64170e-07               Z           
    1126424475.7         1126425438.9         3.02701e-07               Z           
    1135648856.9         1135649850.3         2.95942e-07               Z           
    1135106104.2         1135106954.8         3.15474e-07               Y           
    1132693240.0         1132693831.6         3.00043e-07               Y           
    1130915088.4         1130915709.7         9.54910e-07               Z           
    1129599623.3         1129600528.5         1.01299e-07               Z           
    1126702357.9         1126702996.9         1.72553e-07               Y           
    1126602661.7         1126603302.2         7.06361e-08               Z           
    1136567301.0         1136568060.6         8.97541e-07               Z           
    1135021460.1         1135022240.8         1.70989e-07               Z           
    1132131989.1         1132132964.1         4.78288e-08               Y           
    1128560324.2         1128561118.4         6.90650e-08               Y           
    1126849191.9         1126849825.0         1.69265e-07               Y           
    1126674424.5         1126675048.5         1.61910e-07               Z           
    1126480586.4         1126481218.6         3.37314e-05               Z           
    1126479853.6         1126480489.3         3.41960e-05               Z           
    1126447419.1         1126448320.3         5.35341e-07               Z           
    1134672472.5         1134673460.4         7.73245e-07               Y           
    1133701098.8         1133701931.7         3.13233e-07               Z           
    1132131990.5         1132132963.6         4.78288e-08               Y           
    1136777145.3         1136777673.3         5.41213e-07               Y           
    1134672473.6         1134673460.2         7.73245e-07               Y           
    1132406512.8         1132407307.3         4.38015e-08               Z           
    1129608275.1         1129609265.0         6.43726e-08               Y           
    1129220332.5         1129221120.8         7.02340e-07               Y           
    1128836605.3         1128837339.7         1.21812e-06               Y           
    1127338852.4         1127339666.8         2.87823e-08               Y           
    1126941197.5         1126941827.4         9.89377e-08               Z           
    1126627199.6         1126627684.4         9.19254e-07               Y           
    1134526270.3         1134527128.7         4.59729e-07               Z           
    1136021671.0         1136022465.4         3.76022e-08               Y           
    1136627128.6         1136628318.9         7.29730e-08               Z           
    1136066407.2         1136067240.9         7.17428e-08               Z           
    1131727770.7         1131728508.9         2.93306e-07               Z           
    1129885789.0         1129886639.2         1.08618e-05               Y           
    1128098023.8         1128098648.7         1.08822e-07               Z           
    1127888832.8         1127889457.2         8.12951e-08               Z           
    1127489302.8         1127489878.1         7.47953e-08               Z           
    1136699779.2         1136700541.5         6.95112e-08               Y           
    1136627128.4         1136628318.8         7.29730e-08               Z           
    1126531963.0         1126532601.6         4.48695e-08               Z           
    1126527291.9         1126527936.5         3.53299e-08               Z           
    1126481898.7         1126482535.2         3.02065e-05               Z           
    1126125164.0         1126126006.1         1.69839e-07               Z           
    1135995689.6         1135996543.0         8.13684e-08               Z           
    1135695752.6         1135696579.6         6.01503e-08               Y           
    1135389118.9         1135390004.7         2.31103e-07               Z           
    1135101502.0         1135102180.1         7.38763e-08               Y           
    1135033875.2         1135034847.5         2.21616e-08               N           
    1134924926.9         1134925813.2         1.01497e-07               Y           
    1134588322.5         1134588948.2         6.37384e-08               Y           
    1133024922.1         1133025720.2         6.84388e-08               Z           
    1132858386.5         1132858988.6         6.77617e-08               Z           
    1132182347.7         1132182974.8         5.75078e-08               Y           
    1132032729.5         1132033570.7         2.70609e-07               Y           
    1131669590.5         1131669803.0         5.24885e-07               Z           
    1131320196.2         1131321167.9         1.35062e-08               Z           
    1130487350.5         1130487972.5         3.58390e-07               Z           
    1130426194.5         1130426772.9         4.24281e-08               Z           
    1130100417.3         1130101255.5         1.68136e-08               Y           
    1129820354.7         1129821188.9         1.20314e-07               Z           
    1129673019.8         1129673960.0         1.41652e-07               Y           
    1129297858.6         1129298789.1         3.04678e-08               Z           
    1129116806.0         1129117419.3         9.11680e-08               Y           
    1127887439.1         1127888107.2         1.01279e-07               N           
    1127145433.2         1127146305.9         6.43628e-07               Y           
    1137176675.4         1137177515.4         6.76548e-08               Y           
    1136804675.0         1136805477.1         1.97393e-07               Y           
    1135995688.3         1135996542.9         8.13684e-08               Z           
    1135695753.7         1135696581.0         6.01503e-08               Y           
    1135594635.1         1135594902.5         1.99532e-06               Y           
    1134924926.5         1134925812.6         1.01497e-07               Y           
    1134588322.6         1134588948.2         6.37384e-08               Y           
    1126488799.6         1126489436.4         4.17956e-06               Z           
    1136664316.7         1136665163.0         1.45289e-08               Y           
    1135743756.7         1135744503.0         1.33807e-08               N           
    1135594637.5         1135594902.7         1.99532e-06               Y           
    1134747861.8         1134748738.1         2.56525e-08               Z           
    1133784331.7         1133785178.3         6.72092e-08               Y           
    1133564032.1         1133564254.7         2.71157e-07               Z           
    1132513078.6         1132514044.7         3.23658e-08               Y           
    1132251381.7         1132252244.9         4.18735e-08               Z           
    1131564038.4         1131564898.0         2.78612e-07               Y           
    1131017611.6         1131018231.0         3.81567e-07               Y           
    1131010514.3         1131011687.1         4.08239e-07               Y           
    1131005634.4         1131006165.9         1.82519e-08               Y           
    1130928841.2         1130929468.1         1.27206e-07               Y           
    1130621119.0         1130622122.1         3.91047e-08               N           
    1129368565.8         1129369377.6         1.55762e-08               Z           
    1128101771.9         1128102406.8         4.58269e-08               Z           
    1127664429.3         1127665249.8         2.64399e-07               N           
    1127137755.5         1127138172.9         2.86779e-06               Z           
    1126688846.5         1126689477.2         5.22371e-08               Y           
    1136664316.0         1136665162.3         1.45289e-08               Y           
    1126534773.0         1126535404.5         5.18801e-08               Z           
    1126497747.0         1126498379.6         9.98108e-07               Z           
    1126481022.7         1126481652.8         3.42850e-05               Z           
    1126480183.2         1126480815.6         3.35133e-05               Z           
    1136463139.4         1136463965.9         2.85002e-08               N           
    1136250738.0         1136251365.3         5.01383e-08               Z           
    1135320947.0         1135321312.6         5.85224e-08               Z           
    1134092775.8         1134093751.3         1.49377e-08               Z           
    1133614584.4         1133615213.4         2.88846e-08               N           
    1133456986.3         1133457741.1         9.30144e-09               Z           
    1132724697.1         1132725324.9         2.91397e-08               Z           
    1132714284.8         1132715055.1         9.49003e-09               N           
    1132660004.2         1132660243.4         4.12321e-07               Z           
    1132346498.5         1132346713.1         3.19922e-07               Y           
    1131816593.3         1131817451.7         2.25831e-07               Y           
    1131429874.2         1131430512.2         4.20476e-08               Z           
    1131258410.7         1131258890.4         6.12201e-08               Z           
    1131236834.8         1131237718.5         1.55567e-06               N           
    1131045304.4         1131046317.2         4.37312e-08               Z           
    1131014794.5         1131015414.3         3.18013e-07               Y           
    1130651565.4         1130652466.9         2.41485e-07               Z           
    1129595276.6         1129596178.8         2.47073e-07               Z           
    1129408409.1         1129409189.4         1.94899e-08               Z           
    1129139556.9         1129140248.4         8.14780e-08               Y           
    1129012723.2         1129013396.9         4.73627e-08               Z           
    1128672318.6         1128673191.7         8.58090e-08               Z           
    1128654936.2         1128655567.9         2.23323e-08               Z           
    1126900585.7         1126901220.4         1.58210e-07               Z           
    1126703354.8         1126703983.5         1.62736e-07               Y           
    1126599514.9         1126600154.6         1.81711e-08               Z           
    1137204824.2         1137205729.1         7.40040e-08               Y           
    1137021766.0         1137022749.8         4.44461e-08               Y           
    1136812506.2         1136813444.9         3.40410e-08               Y           
    1136804675.8         1136805477.9         1.97393e-07               Y           
    1126480163.8         1126480793.5         3.40314e-05               Z           
    1126166270.5         1126166515.3         6.80964e-07               Z           
    1134572633.0         1134573818.9         7.07069e-08               Z           
    1133998391.9         1133999071.7         6.47062e-08               Y           
    1133741389.8         1133742049.8         3.82565e-08               Y           
    1133512273.7         1133513126.9         4.11723e-05               Y           
    1133509888.4         1133510518.9         3.81486e-06               Y           
    1132949962.3         1132951148.1         2.65857e-08               Y           
    1132858598.6         1132859200.5         6.18632e-08               Z           
    1132433119.3         1132433823.4         7.85942e-08               Z           
    1131277540.9         1131278717.5         2.99307e-07               N           
    1131091986.6         1131092997.9         1.33572e-07               Z           
    1131014538.6         1131015552.2         4.55343e-07               Y           
    1130960430.5         1130961361.2         1.89831e-08               Z           
    1130776375.8         1130777273.2         4.94730e-08               Y           
    1130447397.8         1130448305.6         2.89584e-08               Y           
    1129743096.4         1129743902.0         9.60070e-09               Z           
    1128502582.4         1128503439.2         3.18630e-07               Z           
    1128450473.7         1128451107.0         1.73629e-08               Z           
    1127965806.5         1127966434.7         1.76672e-08               Z           
    1127357790.7         1127358762.2         7.24594e-09               Z           
    1127326661.9         1127327563.5         2.54617e-08               Y           
    1127323423.8         1127324332.6         3.26173e-08               Z           
    1126895830.5         1126896460.6         2.04041e-07               Z           
    1136808946.5         1136809883.8         3.49758e-08               Y           
    1131091983.0         1131092998.2         1.33572e-07               Z           
    1126557648.8         1126558275.2         8.05672e-09               Z           
    1126515541.7         1126516245.0         1.86173e-08               Z           
    1126503897.0         1126504533.8         1.53736e-07               Z           
    1126499216.0         1126499849.4         1.04856e-06               Z           
    1126493986.1         1126494615.0         4.60097e-07               Z           
    1126481320.1         1126481949.0         2.21795e-05               Z           
    1126131385.1         1126132298.7         6.11005e-08               Z           
    1136383974.1         1136384841.0         4.14921e-08               Z           
    1136326909.4         1136328077.8         2.86507e-08               Z           
    1136021672.2         1136022466.5         3.76022e-08               Y           
    1135632595.9         1135633430.2         7.20540e-09               N           
    1135140212.2         1135141418.2         2.02257e-08               N           
    1134512233.5         1134513146.8         3.45542e-08               Y           
    1134474425.3         1134475142.7         1.01981e-07               Z           
    1134423116.6         1134423830.4         7.43186e-08               Z           
    1134024146.1         1134025119.4         1.05910e-08               Z           
    1133708235.0         1133709210.6         4.73341e-08               Z           
    1133705658.4         1133706633.7         6.01739e-08               Z           
    1133517915.3         1133518780.8         7.24676e-07               Z           
    1133488045.5         1133488877.2         2.09827e-08               Z           
    1133466712.5         1133467570.7         2.94588e-08               Z           
    1133238367.8         1133239215.3         5.02558e-08               N           
    1133134046.9         1133134858.1         7.40093e-08               N           
    1132785187.3         1132786145.3         2.60263e-08               Y           
    1132757256.3         1132758438.1         1.42793e-08               Z           
    1132751515.8         1132752457.4         2.67247e-08               Z           
    1132648458.6         1132649398.9         3.17746e-08               Y           
    1132521455.5         1132522312.9         2.50856e-08               Z           
    1132368395.3         1132369212.0         1.14763e-07               Z           
    1131452514.0         1131453368.2         5.78943e-08               Y           
    1130834664.5         1130835291.0         9.74092e-09               Z           
    1130384944.5         1130385734.0         1.85956e-08               Y           
    1129979115.4         1129980308.0         1.34097e-08               N           
    1129336631.5         1129337501.1         9.58923e-09               N           
    1129149910.9         1129150798.1         1.31094e-07               Y           
    1128938865.1         1128939266.2         6.78135e-09               Y           
    1128220238.6         1128220664.6         4.59615e-08               N           
    1127900655.5         1127901857.8         2.99821e-08               Z           
    1127774987.6         1127775768.1         1.09153e-08               Z           
    1127669171.2         1127669389.5         1.40139e-07               Y           
    1127604067.8         1127605000.2         3.51598e-08               Z           
    1127436160.6         1127436632.0         2.62223e-07               Z           
    1127435571.5         1127436040.9         3.68627e-07               Z           
    1127423102.0         1127423734.8         1.52813e-07               Z           
    1127272864.6         1127273728.5         3.21465e-07               Z           
    1127060334.9         1127061523.0         1.32122e-08               Z           
    1126885045.0         1126885675.2         1.60365e-08               N           
    1126686701.6         1126687327.9         4.37728e-08               N           
    1137122455.8         1137122660.1         1.85235e-07               Y           
    1136326908.4         1136328078.5         2.86507e-08               Z           
    1126498728.9         1126499357.6         8.98779e-07               Z           
    1126142011.6         1126142978.0         6.00172e-09               Z           
    1126100298.9         1126101085.5         2.84441e-08               Z           
    1136586013.3         1136586786.0         1.35337e-08               N           
    1136325311.4         1136325569.4         1.41322e-07               Z           
    1136121552.6         1136121772.5         4.42756e-08               Y           
    1136091553.4         1136092348.6         1.07707e-08               Z           
    1135264806.1         1135265449.5         1.55326e-08               N           
    1134391460.2         1134392380.6         1.26723e-08               Z           
    1134333534.1         1134334332.6         1.45221e-08               Y           
    1134006754.7         1134007499.9         1.65436e-08               Z           
    1134006442.4         1134007402.1         1.92262e-08               Z           
    1133733179.2         1133734361.1         2.49180e-08               Z           
    1133703193.1         1133703951.6         3.17216e-07               Z           
    1133699968.2         1133700940.8         3.24769e-07               Z           
    1133510367.0         1133511232.1         4.11396e-05               Y           
    1133409805.2         1133410694.8         1.06230e-08               Y           
    1133316617.7         1133317219.4         3.98054e-08               Z           
    1133191765.5         1133192655.0         1.25878e-08               Y           
    1133086126.0         1133087008.6         2.54851e-08               Z           
    1132929941.3         1132930522.4         5.52087e-09               Y           
    1132170352.4         1132171143.1         3.90879e-08               Z           
    1131555228.3         1131556241.8         2.92384e-08               Y           
    1131513952.5         1131514542.8         3.84274e-08               Z           
    1131293524.3         1131294366.3         8.92419e-09               Z           
    1131212920.1         1131213491.3         1.08373e-08               Z           
    1131084752.7         1131085765.3         1.60967e-08               Z           
    1131079604.7         1131080185.2         9.29730e-09               Z           
    1130925991.8         1130926788.3         1.98573e-07               Z           
    1130914727.3         1130915081.5         2.26675e-07               Z           
    1130807413.5         1130808017.5         9.92638e-08               Y           
    1130659950.9         1130661129.5         3.21268e-08               Z           
    1130644279.6         1130645282.7         1.07475e-06               Y           
    1130488292.3         1130488914.5         2.81884e-07               Z           
    1130391748.5         1130392616.3         1.85750e-08               Y           
    1130301852.8         1130302854.9         1.12878e-08               Z           
    1130122185.0         1130122828.2         1.77551e-08               Z           
    1129983338.3         1129984531.2         2.83066e-08               Y           
    1129571279.1         1129572133.5         1.33569e-08               Z           
    1129511847.3         1129512662.2         2.08865e-08               Y           
    1129442706.2         1129443515.0         1.76514e-08               N           
    1129256274.1         1129257173.0         5.74729e-08               Y           
    1129150967.5         1129151824.9         1.26062e-07               Z           
    1128005451.4         1128005975.3         1.23402e-08               Z           
    1127693117.8         1127694302.2         2.97845e-08               Y           
    1126948969.4         1126949801.2         1.87004e-08               Z           
    1126686892.6         1126687794.4         7.03655e-08               Y           
    1137257680.8         1137258540.3         7.94881e-09               Y           
    1137204142.4         1137205321.1         7.56790e-08               Y           
    1136325308.3         1136325569.3         1.41322e-07               Z           
    1136121552.5         1136121772.6         4.42756e-08               Y           
    1134944915.5         1134945708.5         1.41164e-08               Z           
    1131084751.0         1131085765.3         1.60967e-08               Z           
    1126543954.9         1126544579.0         5.48203e-09               Z           
    1126541332.5         1126541961.2         2.10518e-08               Z           
    1126527001.0         1126527640.2         4.60492e-08               Z           
    1126482108.5         1126482736.1         2.22102e-05               Z           
    1126481806.6         1126482442.9         2.72750e-05               Z           
    1126481526.8         1126482149.1         2.44967e-05               Z           
    1126452161.1         1126453061.6         4.13275e-07               Z           
    1126381071.8         1126381972.2         3.18611e-08               Z           
    1126165253.6         1126165499.9         2.47972e-07               Z           
    1136590790.6         1136591750.7         9.57337e-09               Z           
    1136233436.8         1136234164.0         1.17366e-08               Z           
    1136061393.7         1136062333.6         7.55853e-08               Z           
    1136006927.2         1136007889.2         3.13418e-08               Z           
    1135953390.9         1135954312.7         6.90900e-09               Y           
    1135759059.5         1135759911.6         9.39216e-09               Y           
    1135355182.0         1135356154.8         2.58190e-08               Z           
    1135348784.8         1135349678.5         2.66238e-07               Z           
    1135203094.3         1135204030.2         7.32597e-09               Z           
    1135162870.0         1135163656.0         1.25652e-08               Z           
    1134944917.0         1134945708.6         1.41164e-08               Z           
    1134824727.8         1134825555.2         5.65036e-08               Z           
    1134638948.5         1134639873.0         2.12019e-08               N           
    1134631768.0         1134632594.7         6.11739e-08               Z           
    1134221393.0         1134222250.7         5.24640e-08               Z           
    1134162738.8         1134163332.2         2.20421e-08               Y           
    1134092057.6         1134093033.1         1.46195e-08               Z           
    1133748300.7         1133749273.4         2.97240e-08               Y           
    1133698001.2         1133698974.7         9.95905e-07               Z           
    1133694946.2         1133695919.3         3.12306e-06               Z           
    1133511001.9         1133511869.9         4.09989e-05               Y           
    1133492096.7         1133492892.9         1.20678e-08               Z           
    1133146971.5         1133147625.3         1.04062e-08               Z           
    1132753180.3         1132754133.0         2.53038e-08               Z           
    1131976201.7         1131976947.2         1.11650e-08               Z           
    1131847144.0         1131848110.1         3.50365e-08               Z           
    1131531719.4         1131532518.8         1.02660e-08               Z           
    1131384536.1         1131385161.4         1.77144e-08               N           
    1131315496.5         1131316451.5         1.15489e-08               N           
    1131037177.8         1131038190.7         1.03804e-06               Z           
    1131032473.4         1131033208.2         4.87585e-08               Y           
    1131024244.8         1131025258.6         3.82725e-08               Y           
    1130972051.4         1130973015.5         3.14305e-08               Y           
    1130723979.4         1130724666.9         6.77247e-08               Y           
    1130517424.7         1130518395.1         3.17900e-08               N           
    1130468665.3         1130469411.3         4.80463e-08               Z           
    1130239620.4         1130240548.4         1.04001e-08               Z           
    1129819689.0         1129819907.0         4.77234e-08               Z           
    1129509165.4         1129510370.5         2.74134e-08               Z           
    1128669822.8         1128670772.6         9.64589e-08               Z           
    1128659757.8         1128660091.1         1.16061e-08               Z           
    1128503058.0         1128504242.0         3.29002e-07               Z           
    1128202070.0         1128202863.2         2.07314e-08               Z           
    1127836330.3         1127837291.7         1.02535e-08               Z           
    1127591618.3         1127592531.2         1.30655e-08               N           
    1127576133.8         1127577029.0         2.99442e-08               Z           
    1127551627.6         1127552422.5         4.29945e-08               Z           
    1127257137.3         1127257996.5         1.66058e-08               N           
    1127146422.7         1127147049.8         4.81790e-07               Y           
    1127145456.5         1127146109.9         3.67542e-07               Y           
    1126929811.7         1126930739.8         1.67849e-08               N           
    1126619494.0         1126620126.1         1.89382e-09               Z           
    1137208939.4         1137209822.5         5.38020e-08               Y           
    1137180127.2         1137181091.7         8.34599e-08               Y           
    1137079820.5         1137080782.4         2.50496e-08               Y           
    1137054640.7         1137054879.3         1.48416e-07               Y           
    1137005690.7         1137006866.1         6.17957e-08               Y           
    1136998697.7         1136998993.7         1.22414e-08               Y           
    1136752515.8         1136753416.4         3.55942e-08               Y           
    1136636859.5         1136637819.8         7.86987e-09               Z           
    1136627220.2         1136628410.5         7.29561e-08               Z           
    1136061394.7         1136062333.7         7.55853e-08               Z           
    1135953390.5         1135954312.7         6.90900e-09               Y           
    1126564777.4         1126565407.9         8.26174e-09               Z           
    1126521103.1         1126521732.0         3.49262e-09               Z           
    1126503674.7         1126504309.4         1.41182e-07               Z           
    1126499905.1         1126500537.4         1.32344e-06               Z           
    1126494779.0         1126495406.8         3.82316e-07               Z           
    1126488125.7         1126488762.1         3.42932e-06               Z           
    1126484557.5         1126485194.3         6.99884e-06               Z           
    1126481561.8         1126482195.1         2.49435e-05               Z           
    1126480409.3         1126481035.0         3.34382e-05               Z           
    1126444156.1         1126445056.3         1.72687e-07               Z           
    1126168049.4         1126168295.7         1.74392e-05               Z           
    1126148163.7         1126148992.2         6.72203e-09               Z           
    1126111370.8         1126112184.3         1.01128e-08               Z           
    1136636865.3         1136637818.7         7.86987e-09               Z           
    1136199048.9         1136199764.6         1.83842e-08               Z           
    1136079018.5         1136079842.9         1.40123e-08               Y           
    1135508931.7         1135509734.9         4.10303e-08               Z           
    1135365872.5         1135366567.3         1.01197e-08               Z           
    1135064647.0         1135065491.9         1.04434e-08               Y           
    1135023539.7         1135024435.4         1.93495e-07               Y           
    1134920230.5         1134921098.3         4.01673e-08               N           
    1134512066.2         1134512821.1         3.54149e-08               Y           
    1134234522.1         1134235358.0         4.29733e-08               Z           
    1134174050.5         1134174890.1         5.44928e-08               Z           
    1134021217.0         1134022008.4         1.02115e-08               N           
    1133839265.8         1133840447.4         1.08437e-08               Y           
    1133795023.4         1133795855.8         1.11123e-08               N           
    1133188290.1         1133189196.3         9.86090e-09               Z           
    1133007278.8         1133008246.1         7.27352e-09               Z           
    1132985640.4         1132986491.3         8.39611e-09               Z           
    1132620791.5         1132621225.1         1.92478e-08               Y           
    1132581108.3         1132581862.1         2.72854e-08               Z           
    1132532259.8         1132533159.6         6.83793e-08               Y           
    1132261380.1         1132262253.3         6.11674e-08               N           
    1132259928.5         1132260283.1         1.13360e-08               Y           
    1132097158.4         1132098017.6         8.39558e-09               Y           
    1132066257.3         1132067224.6         1.25918e-08               Y           
    1132032855.2         1132033697.2         2.68563e-07               Y           
    1131992151.2         1131992968.8         8.80453e-09               Z           
    1131940068.8         1131940901.6         7.81357e-09               Y           
    1131908052.8         1131908933.3         1.23177e-05               Y           
    1131900444.9         1131901629.8         3.14496e-06               Z           
    1131856747.9         1131857604.7         3.54818e-08               Z           
    1131784437.8         1131785198.7         3.20191e-07               Y           
    1131679919.2         1131680586.4         4.13339e-08               Y           
    1131568486.3         1131569346.3         1.53358e-07               Y           
    1131454495.4         1131455350.6         5.52593e-08               N           
    1131278948.1         1131279231.0         1.96312e-07               Y           
    1131246486.0         1131247108.6         6.24695e-07               Y           
    1131243836.3         1131244458.8         6.07361e-07               Y           
    1131242482.9         1131243105.7         1.28786e-06               Y           
    1131112673.4         1131113579.1         1.08833e-08               N           
    1131061680.7         1131062504.6         2.36184e-08               Z           
    1131028462.4         1131029476.6         5.49205e-08               Y           
    1131018896.3         1131019909.9         5.28675e-07               Y           
    1130660114.8         1130661117.7         3.19803e-08               Z           
    1130652889.8         1130654078.1         4.51800e-08               Z           
    1130651008.5         1130651909.1         5.04519e-07               Z           
    1130548261.0         1130549128.6         8.54944e-09               Y           
    1130487879.5         1130488501.9         3.01827e-07               Z           
    1130470520.5         1130470775.3         2.37285e-08               Z           
    1130236037.8         1130237001.0         6.54421e-09               Z           
    1130210338.9         1130211149.0         5.11029e-09               Y           
    1129900335.8         1129901087.7         4.13329e-08               Y           
    1129889363.0         1129890546.4         6.42535e-06               Y           
    1129590476.0         1129590892.2         1.49813e-07               N           
    1129227462.2         1129228251.0         1.26076e-07               N           
    1129220634.8         1129221423.3         6.96239e-07               Y           
    1128826044.8         1128826996.7         4.44766e-09               N           
    1128679473.0         1128680363.8         2.65176e-08               Z           
    1128497484.6         1128498314.3         6.11310e-09               N           
    1128447307.7         1128448148.1         2.39366e-08               Z           
    1128443322.4         1128444293.0         5.22936e-09               Z           
    1128436772.0         1128437571.0         1.43398e-08               Z           
    1128297970.0         1128298569.0         7.43440e-08               Z           
    1128296620.2         1128297221.6         9.27780e-08               Z           
    1128158500.7         1128158752.9         2.99370e-08               Y           
    1127906478.7         1127907101.0         1.76551e-08               Y           
    1127703009.9         1127704194.2         1.45759e-08               Y           
    1127437342.4         1127437813.4         2.57050e-07               Z           
    1126902399.5         1126903196.1         1.53013e-07               Z           
    1126774969.5         1126775596.5         3.36335e-09               Z           
    1126764438.2         1126765073.7         6.40929e-09               Z           
    1126676179.4         1126677074.5         1.10643e-07               Z           
    1126658931.4         1126659889.3         1.49796e-08               N           
    1137159855.0         1137160685.6         1.52190e-08               Y           
    1137093933.8         1137095140.0         2.98610e-08               Y           
    1137019103.5         1137019990.6         4.74663e-08               Y           
    1136854625.0         1136855571.8         1.20146e-08               Y           
    1136785196.7         1136785972.2         9.91538e-08               Y           
    1136777915.1         1136778907.5         1.64716e-06               Y           
    1136755111.5         1136755969.3         3.40926e-08               Y           
    1136744960.9         1136745764.8         1.75741e-08               Y           
    1136699267.8         1136700451.3         7.57407e-08               Y           
    1136199048.4         1136199764.5         1.83842e-08               Z           
    1136170372.7         1136170998.1         1.16656e-08               Z           
    1135348788.6         1135349678.4         2.66238e-07               Z           
    1135143625.0         1135144279.4         1.65473e-08               N           
    1131900444.4         1131901629.9         3.14496e-06               Z           
    1131112673.9         1131113579.1         1.08833e-08               N           
    1127316923.0         1127317708.3         5.39674e-09               Y           
    1127234249.0         1127235062.7         4.67577e-09               Y           
    1126569317.7         1126569954.4         1.87872e-09               N           
    1126507011.3         1126507568.4         1.67243e-07               Z           
    1126499548.4         1126500180.8         1.16064e-06               Z           
    1126497921.0         1126498555.2         9.26965e-07               Z           
    1126489178.6         1126489811.1         5.00042e-06               Z           
    1126488148.9         1126488773.6         3.33425e-06               Z           
    1126485811.1         1126486443.8         4.86021e-06               Z           
    1126483594.4         1126484224.4         9.81265e-06               Z           
    1126482181.8         1126482813.9         2.26012e-05               Z           
    1126481638.2         1126482270.2         2.59163e-05               Z           
    1126481509.8         1126482140.7         2.44967e-05               Z           
    1126466490.3         1126467389.9         2.87590e-08               Z           
    1126376780.5         1126377425.4         4.05468e-09               Z           
    1136498874.7         1136499722.9         7.27715e-09               N           
    1136481065.8         1136481821.0         1.46134e-08               Z           
    1136468031.3         1136468664.8         2.03313e-08               Y           
    1136279246.5         1136280095.1         2.10216e-08               Z           
    1136254656.4         1136255172.6         1.80478e-08               Z           
    1136216460.1         1136217150.7         1.44293e-08               Y           
    1136170370.0         1136170997.7         1.18584e-08               Z           
    1136061100.0         1136062035.1         1.89533e-08               Z           
    1135994319.9         1135994535.2         2.23542e-08               Z           
    1135724710.3         1135725462.3         4.93311e-09               Z           
    1135635754.3         1135636373.0         8.67355e-09               N           
    1135481152.3         1135481375.4         1.35381e-08               N           
    1135479533.5         1135480186.3         2.87503e-08               N           
    1135187905.2         1135188541.4         7.30009e-09               Z           
    1134922688.6         1134923226.1         3.54313e-08               N           
    1134900546.8         1134901432.0         1.66395e-08               Z           
    1134888219.0         1134888948.5         3.21977e-08               Z           
    1134736649.3         1134737425.9         1.18323e-08               Z           
    1134684291.9         1134685174.9         1.88525e-08               Y           
    1134534469.8         1134534825.9         3.69905e-08               Z           
    1134236947.2         1134237782.0         2.68281e-08               Z           
    1134168994.2         1134169883.2         1.36913e-08               N           
    1133968155.0         1133968807.8         1.06411e-08               Y           
    1133906753.8         1133907955.3         1.00903e-08               Y           
    1133808948.9         1133809899.4         1.17003e-08               Z           
    1133723875.3         1133724743.4         2.13565e-08               Z           
    1133714161.7         1133715134.9         1.63376e-08               Z           
    1133712387.4         1133713360.2         1.47118e-08               Z           
    1133698656.5         1133699629.1         3.99590e-07               Z           
    1133634936.4         1133635903.7         2.10620e-08               Z           
    1133464614.0         1133465467.6         2.93644e-08               Z           
    1133391600.9         1133392451.7         8.99189e-09               Z           
    1133295755.1         1133296638.1         8.66435e-09               N           
    1133193332.1         1133193981.5         1.23250e-08               Y           
    1133137452.7         1133138105.8         2.85475e-08               N           
    1133036429.7         1133037311.0         1.16743e-08               Y           
    1133012412.1         1133012936.9         5.79088e-09               Y           
    1133006930.5         1133007555.1         8.43272e-09               Z           
    1132989991.1         1132990623.5         9.71725e-09               Z           
    1132789674.1         1132789949.6         1.53127e-08               Y           
    1132674419.8         1132675593.2         1.74039e-08               Y           
    1132659651.3         1132660536.4         6.64005e-07               Z           
    1132485799.0         1132486745.0         4.99648e-09               Z           
    1132462027.8         1132462845.9         1.38565e-08               Y           
    1132391673.0         1132392305.7         5.34220e-09               N           
    1132312750.6         1132313696.0         6.99094e-09               Z           
    1132241664.9         1132242653.0         1.30607e-08               N           
    1132215092.8         1132215295.5         1.24965e-08               Z           
    1131941769.6         1131942690.1         7.58509e-09               N           
    1131884155.0         1131884915.2         1.59579e-08               Z           
    1131878233.7         1131879406.4         8.07684e-09               Z           
    1131799880.6         1131800849.3         2.01178e-08               Y           
    1131725605.7         1131726420.1         2.89080e-07               Z           
    1131707085.6         1131708285.3         1.40172e-08               Z           
    1131599532.1         1131600345.7         5.67913e-08               Y           
    1131432906.1         1131433360.2         1.64647e-08               Z           
    1131301151.7         1131301864.0         7.61466e-09               Y           
    1131148471.4         1131149087.6         1.80042e-08               Y           
    1131123803.9         1131124652.2         1.15471e-06               Z           
    1130965088.8         1130966275.9         2.09171e-08               Z           
    1130939101.7         1130939907.7         1.22095e-08               Z           
    1130898640.3         1130899580.4         1.48122e-08               N           
    1130876059.6         1130876263.7         6.42692e-09               N           
    1130838247.9         1130839046.9         8.99991e-09               Z           
    1130825526.9         1130826432.8         4.98613e-09               Z           
    1130781791.0         1130782589.5         6.42071e-09               Y           
    1130775870.9         1130776872.4         5.20834e-08               Y           
    1130680087.3         1130680855.4         1.28431e-08               N           
    1130656009.0         1130656910.3         3.83537e-08               Z           
    1130506853.2         1130507739.4         1.15533e-08               Y           
    1130488085.3         1130488707.4         2.89643e-07               Z           
    1130224718.9         1130225529.4         6.39309e-09               Z           
    1130223554.3         1130224480.8         1.05476e-08               Z           
    1129986922.0         1129987827.8         2.76606e-08               Y           
    1129905555.3         1129906095.7         1.43879e-08               Y           
    1129858909.3         1129859688.6         5.03120e-08               Y           
    1129757102.3         1129757733.7         8.37777e-09               Z           
    1129535446.9         1129536652.0         1.15889e-08               N           
    1129370791.0         1129371417.9         1.45064e-08               Y           
    1129300276.0         1129301467.4         3.72243e-08               Y           
    1129208437.0         1129209396.7         5.98519e-09               Z           
    1129117162.2         1129117994.6         1.11182e-07               Y           
    1128844056.0         1128844395.1         4.82277e-08               Y           
    1128837000.1         1128837734.5         1.17549e-06               Y           
    1128655909.3         1128656541.2         2.38068e-08               Z           
    1128605539.9         1128606284.4         4.33069e-09               Z           
    1128393230.9         1128394073.1         5.17016e-09               N           
    1128225050.4         1128225884.1         7.79850e-09               Z           
    1128042592.4         1128043441.2         9.16803e-09               Y           
    1127988733.0         1127989360.5         5.98190e-09               N           
    1127895846.2         1127896359.3         1.03817e-08               Z           
    1127880866.7         1127881710.2         1.03783e-08               Y           
    1127614300.1         1127615190.0         8.01583e-09               Z           
    1127584231.5         1127585187.5         1.79595e-08               Z           
    1127574150.9         1127574380.4         3.39379e-08               Z           
    1127436282.3         1127436754.2         2.65687e-07               Z           
    1127426443.6         1127426913.4         5.06837e-08               N           
    1127423997.0         1127424466.4         1.29863e-07               Z           
    1127296204.4         1127296987.1         6.06285e-09               Z           
    1127291309.0         1127292491.6         6.71678e-09               Z           
    1127271817.5         1127272445.7         3.85813e-07               Z           
    1127206084.0         1127207065.7         1.05486e-08               Z           
    1127069288.3         1127070139.0         1.87880e-08               Z           
    1127043177.2         1127043813.2         3.32556e-09               Z           
    1126911975.0         1126912875.8         1.15652e-08               Y           
    1126896405.0         1126897344.6         2.86061e-07               Z           
    1126870584.7         1126871552.2         1.97152e-08               Y           
    1126804725.6         1126805352.1         1.64056e-09               Y           
    1126753339.0         1126753966.2         4.12938e-09               N           
    1126672445.2         1126673072.0         2.96906e-07               Z           
    1126657701.3         1126658562.6         1.44398e-08               N           
    1126585459.1         1126586094.0         1.15983e-08               N           
    1137085555.4         1137086156.7         1.32121e-08               Y           
    1137079736.0         1137080303.1         1.43118e-08               Y           
    1136954173.9         1136955185.6         2.31085e-08               Y           
    1136756274.0         1136757140.3         3.90400e-08               Y           
    1136706777.8         1136707704.2         1.34249e-08               Y           
    1136656950.9         1136657787.6         3.47474e-08               Y           
    1136498873.8         1136499722.1         7.27715e-09               N           
    1136482866.5         1136483662.6         1.40140e-08               Y           
    1136468032.8         1136468664.8         2.03313e-08               Y           
    1136299545.8         1136300169.2         1.20930e-08               Y           
    1136294961.0         1136295764.8         2.09760e-08               Y           
    1136279246.5         1136280094.5         2.10216e-08               Z           
    1136061097.9         1136062035.5         1.89533e-08               Z           
    1135994316.6         1135994535.9         2.23542e-08               Z           
    1135724709.3         1135725462.3         4.93311e-09               Z           
    1135635809.0         1135636993.0         8.95091e-09               N           
    1135508933.0         1135509734.4         4.10303e-08               Z           
    1135481151.0         1135481374.9         1.35381e-08               N           
    1135392863.0         1135393205.5         6.44500e-08               Z           
    1129665313.0         1129666193.0         5.63156e-09               Z           
    1127060385.0         1127061590.4         1.72713e-08               Z           
    1126556692.5         1126557331.9         9.13802e-09               Z           
    1126498123.6         1126498752.1         8.84891e-07               Z           
    1126491682.5         1126492319.3         8.67337e-07               Z           
    1126489602.7         1126490240.3         5.69305e-06               Z           
    1126486229.9         1126486865.7         2.96677e-06               Z           
    1126485791.6         1126486422.0         4.86021e-06               Z           
    1126485274.2         1126485908.8         3.97993e-06               Z           
    1126483295.9         1126483932.4         1.00431e-05               Z           
    1126483231.5         1126483868.0         1.24976e-05               Z           
    1126482518.0         1126483153.0         1.68977e-05               Z           
    1126447885.6         1126448785.7         5.22938e-07               Z           
    1126387297.9         1126387860.9         8.02764e-09               Z           
    1126380902.8         1126381684.3         3.49116e-08               Z           
    1126279190.4         1126280017.1         1.46033e-08               Z           
    1126277620.4         1126278464.0         1.56931e-08               Z           
    1126136375.6         1126137363.9         1.45705e-08               Z           
    1126086584.0         1126087557.5         9.11228e-09               Z           
    1126080846.1         1126081489.1         1.97357e-09               Z           
