    1126479289.9         1126479924.1         7.28963e-05               Z           
    1132440670.8         1132441110.1         1.35682e-05               Y           
    1132440355.1         1132440798.9         1.52258e-05               Y           
    1132440355.8         1132440799.1         1.52258e-05               Y           
    1129885799.6         1129886646.4         1.08535e-05               Y           
    1133509823.6         1133510689.5         7.33161e-05               Y           
    1133509824.5         1133510689.5         7.33161e-05               Y           
    1133509823.0         1133510689.6         7.33161e-05               Y           
    1133303117.1         1133304314.5         1.06788e-05               Y           
    1129413139.6         1129413983.0         2.16213e-06               Z           
    1131906681.6         1131907561.7         1.66434e-05               Y           
    1126480738.8         1126481372.6         6.25995e-05               Z           
    1133691727.4         1133692699.5         6.68101e-06               Y           
    1131245196.9         1131245819.1         1.17967e-06               Y           
    1131242095.5         1131242717.7         2.08980e-06               Y           
    1131242095.6         1131242717.9         2.08980e-06               Y           
    1133691725.5         1133692699.4         6.68101e-06               Y           
    1130916720.8         1130917348.2         2.52182e-06               Z           
    1132551935.3         1132552368.6         1.28520e-06               Y           
    1131483108.0         1131483968.8         1.53960e-05               Y           
    1126498244.8         1126498878.4         2.12904e-06               Z           
    1126167265.6         1126167511.1         6.23867e-05               Z           
    1135897539.1         1135898467.6         2.86740e-06               Y           
    1136777150.6         1136777937.1         1.74008e-06               Y           
    1136777150.0         1136777936.4         1.74008e-06               Y           
    1131036439.2         1131037452.5         1.39657e-06               Z           
    1127145224.7         1127146183.2         1.03190e-06               Y           
    1126892417.1         1126893051.0         2.34171e-06               Y           
    1134417010.2         1134417215.8         6.66980e-06               Z           
    1131779424.3         1131780185.0         2.53165e-06               Y           
    1131120243.1         1131120863.5         4.96945e-06               Y           
    1130643872.2         1130644873.9         1.67378e-06               Y           
    1126497323.9         1126497953.9         2.92320e-06               Z           
    1126497313.3         1126497945.6         2.92320e-06               Z           
    1126497332.4         1126497965.1         2.84674e-06               Z           
    1136565504.1         1136566462.5         1.57560e-06               Y           
    1136565502.9         1136566462.5         1.57560e-06               Y           
    1136565502.0         1136566461.6         1.57560e-06               Y           
    1126489282.9         1126489911.6         9.45028e-06               Z           
    1126479572.0         1126480205.8         6.65068e-05               Z           
    1127271095.8         1127271723.0         6.01920e-07               Z           
    1126424475.7         1126425438.9         4.37745e-07               Z           
    1135648856.9         1135649850.3         5.00410e-07               Z           
    1135106104.2         1135106954.8         4.78059e-07               Y           
    1132693240.0         1132693831.6         5.30507e-07               Y           
    1130915088.4         1130915709.7         2.39814e-06               Z           
    1129599623.3         1129600528.5         2.02229e-07               Z           
    1126702357.9         1126702996.9         8.70682e-07               Y           
    1126602661.7         1126603302.2         2.92450e-07               Z           
    1136567301.0         1136568060.6         1.19187e-06               Z           
    1135021460.1         1135022240.8         4.19953e-07               Z           
    1132131989.1         1132132964.1         4.95028e-08               Y           
    1128560324.2         1128561118.4         1.42051e-07               Y           
    1126849191.9         1126849825.0         4.24249e-07               Y           
    1126674424.5         1126675048.5         3.93533e-07               Z           
    1126480586.4         1126481218.6         6.05597e-05               Z           
    1126479853.6         1126480489.3         6.45718e-05               Z           
    1126447419.1         1126448320.3         1.06975e-06               Z           
    1134672472.5         1134673460.4         7.49478e-07               Y           
    1133701098.8         1133701931.7         5.99367e-07               Z           
    1132131990.5         1132132963.6         4.95028e-08               Y           
    1136777145.3         1136777673.3         7.16597e-07               Y           
    1134672473.6         1134673460.2         7.49478e-07               Y           
    1132406512.8         1132407307.3         3.36454e-07               Z           
    1129608275.1         1129609265.0         1.62699e-07               Y           
    1129220332.5         1129221120.8         9.24997e-07               Y           
    1128836605.3         1128837339.7         2.18770e-06               Y           
    1127338852.4         1127339666.8         3.36631e-08               Y           
    1126941197.5         1126941827.4         1.93006e-07               Z           
    1126627199.6         1126627684.4         2.04462e-06               Y           
    1134526270.3         1134527128.7         5.82001e-07               Z           
    1136021671.0         1136022465.4         8.87035e-08               Y           
    1136627128.6         1136628318.9         7.70362e-08               Z           
    1136066407.2         1136067240.9         1.49506e-07               Z           
    1131727770.7         1131728508.9         4.68808e-07               Z           
    1129885789.0         1129886639.2         1.08535e-05               Y           
    1128098023.8         1128098648.7         1.80157e-07               Z           
    1127888832.8         1127889457.2         1.23738e-07               Z           
    1127489302.8         1127489878.1         1.72693e-07               Z           
    1136699779.2         1136700541.5         1.04170e-07               Y           
    1136627128.4         1136628318.8         7.70362e-08               Z           
    1126531963.0         1126532601.6         1.07439e-07               Z           
    1126527291.9         1126527936.5         8.37305e-08               Z           
    1126481898.7         1126482535.2         5.57891e-05               Z           
    1126125164.0         1126126006.1         4.82441e-07               Z           
    1135995689.6         1135996543.0         1.29556e-07               Z           
    1135695752.6         1135696579.6         7.61294e-08               Y           
    1135389118.9         1135390004.7         2.59032e-07               Z           
    1135101502.0         1135102180.1         2.53178e-07               Y           
    1135033875.2         1135034847.5         2.91627e-08               N           
    1134924926.9         1134925813.2         2.10712e-07               Y           
    1134588322.5         1134588948.2         9.24544e-08               Y           
    1133024922.1         1133025720.2         5.88602e-07               Z           
    1132858386.5         1132858988.6         2.96063e-07               Z           
    1132182347.7         1132182974.8         8.49410e-08               Y           
    1132032729.5         1132033570.7         3.74655e-07               Y           
    1131669590.5         1131669803.0         1.61517e-06               Z           
    1131320196.2         1131321167.9         2.75599e-08               Z           
    1130487350.5         1130487972.5         6.03256e-07               Z           
    1130426194.5         1130426772.9         8.17002e-08               Z           
    1130100417.3         1130101255.5         4.63222e-07               Y           
    1129820354.7         1129821188.9         1.48769e-07               Z           
    1129673019.8         1129673960.0         2.40503e-07               Y           
    1129297858.6         1129298789.1         5.80688e-08               Z           
    1129116806.0         1129117419.3         3.65234e-07               Y           
    1127887439.1         1127888107.2         1.83905e-07               N           
    1127145433.2         1127146305.9         9.63676e-07               Y           
    1137176675.4         1137177515.4         1.50417e-07               Y           
    1136804675.0         1136805477.1         2.73838e-07               Y           
    1135995688.3         1135996542.9         1.29556e-07               Z           
    1135695753.7         1135696581.0         7.61294e-08               Y           
    1135594635.1         1135594902.5         3.61734e-06               Y           
    1134924926.5         1134925812.6         2.10712e-07               Y           
    1134588322.6         1134588948.2         9.24544e-08               Y           
    1126488799.6         1126489436.4         7.76793e-06               Z           
    1136664316.7         1136665163.0         5.08741e-08               Y           
    1135743756.7         1135744503.0         3.72146e-08               N           
    1135594637.5         1135594902.7         3.61734e-06               Y           
    1134747861.8         1134748738.1         3.87847e-07               Z           
    1133784331.7         1133785178.3         1.71188e-07               Y           
    1133564032.1         1133564254.7         6.86882e-07               Z           
    1132513078.6         1132514044.7         6.49747e-08               Y           
    1132251381.7         1132252244.9         5.97649e-08               Z           
    1131564038.4         1131564898.0         5.91185e-07               Y           
    1131017611.6         1131018231.0         6.41032e-07               Y           
    1131010514.3         1131011687.1         7.19440e-07               Y           
    1131005634.4         1131006165.9         2.98684e-08               Y           
    1130928841.2         1130929468.1         2.42483e-07               Y           
    1130621119.0         1130622122.1         5.78028e-08               N           
    1129368565.8         1129369377.6         3.32274e-08               Z           
    1128101771.9         1128102406.8         3.06934e-07               Z           
    1127664429.3         1127665249.8         6.70711e-07               N           
    1127137755.5         1127138172.9         4.99593e-06               Z           
    1126688846.5         1126689477.2         1.30197e-07               Y           
    1136664316.0         1136665162.3         5.08741e-08               Y           
    1126534773.0         1126535404.5         1.35403e-07               Z           
    1126497747.0         1126498379.6         2.38661e-06               Z           
    1126481022.7         1126481652.8         6.77845e-05               Z           
    1126480183.2         1126480815.6         6.03156e-05               Z           
    1136463139.4         1136463965.9         5.97585e-08               N           
    1136250738.0         1136251365.3         6.34081e-08               Z           
    1135320947.0         1135321312.6         2.71096e-07               Z           
    1134092775.8         1134093751.3         4.93850e-08               Z           
    1133614584.4         1133615213.4         4.75860e-08               N           
    1133456986.3         1133457741.1         2.18306e-08               Z           
    1132724697.1         1132725324.9         1.14985e-07               Z           
    1132714284.8         1132715055.1         4.42323e-08               N           
    1132660004.2         1132660243.4         6.82720e-07               Z           
    1132346498.5         1132346713.1         7.34947e-07               Y           
    1131816593.3         1131817451.7         2.51961e-07               Y           
    1131429874.2         1131430512.2         1.57368e-07               Z           
    1131258410.7         1131258890.4         1.45855e-07               Z           
    1131236834.8         1131237718.5         1.66183e-06               N           
    1131045304.4         1131046317.2         1.05563e-07               Z           
    1131014794.5         1131015414.3         5.84514e-07               Y           
    1130651565.4         1130652466.9         4.68029e-07               Z           
    1129595276.6         1129596178.8         3.14192e-07               Z           
    1129408409.1         1129409189.4         8.56208e-08               Z           
    1129139556.9         1129140248.4         1.69686e-07               Y           
    1129012723.2         1129013396.9         7.45651e-08               Z           
    1128672318.6         1128673191.7         2.18828e-07               Z           
    1128654936.2         1128655567.9         5.07694e-08               Z           
    1126900585.7         1126901220.4         1.86585e-07               Z           
    1126703354.8         1126703983.5         8.00640e-07               Y           
    1126599514.9         1126600154.6         9.11493e-08               Z           
    1137204824.2         1137205729.1         1.18967e-07               Y           
    1137021766.0         1137022749.8         1.06988e-07               Y           
    1136812506.2         1136813444.9         3.17794e-08               Y           
    1136804675.8         1136805477.9         2.73838e-07               Y           
    1126480163.8         1126480793.5         6.17431e-05               Z           
    1126166270.5         1126166515.3         1.52127e-06               Z           
    1134572633.0         1134573818.9         8.54712e-08               Z           
    1133998391.9         1133999071.7         1.36258e-07               Y           
    1133741389.8         1133742049.8         6.33810e-08               Y           
    1133512273.7         1133513126.9         7.25786e-05               Y           
    1133509888.4         1133510518.9         1.91589e-05               Y           
    1132949962.3         1132951148.1         2.06334e-08               Y           
    1132858598.6         1132859200.5         2.76606e-07               Z           
    1132433119.3         1132433823.4         9.74016e-08               Z           
    1131277540.9         1131278717.5         4.61142e-07               N           
    1131091986.6         1131092997.9         2.08825e-07               Z           
    1131014538.6         1131015552.2         7.53866e-07               Y           
    1130960430.5         1130961361.2         5.70578e-08               Z           
    1130776375.8         1130777273.2         9.95704e-08               Y           
    1130447397.8         1130448305.6         8.28203e-08               Y           
    1129743096.4         1129743902.0         5.61404e-08               Z           
    1128502582.4         1128503439.2         6.05085e-07               Z           
    1128450473.7         1128451107.0         3.50767e-08               Z           
    1127965806.5         1127966434.7         7.77008e-08               Z           
    1127357790.7         1127358762.2         3.63700e-08               Z           
    1127326661.9         1127327563.5         4.61014e-08               Y           
    1127323423.8         1127324332.6         2.91161e-08               Z           
    1126895830.5         1126896460.6         4.71542e-07               Z           
    1136808946.5         1136809883.8         5.89774e-08               Y           
    1131091983.0         1131092998.2         2.08825e-07               Z           
    1126557648.8         1126558275.2         1.85546e-08               Z           
    1126515541.7         1126516245.0         2.22473e-08               Z           
    1126503897.0         1126504533.8         3.47593e-07               Z           
    1126499216.0         1126499849.4         2.27606e-06               Z           
    1126493986.1         1126494615.0         5.09329e-07               Z           
    1126481320.1         1126481949.0         6.72916e-05               Z           
    1126131385.1         1126132298.7         9.96916e-08               Z           
    1136383974.1         1136384841.0         6.84221e-08               Z           
    1136326909.4         1136328077.8         2.49771e-07               Z           
    1136021672.2         1136022466.5         8.87035e-08               Y           
    1135632595.9         1135633430.2         1.46969e-08               N           
    1135140212.2         1135141418.2         2.71213e-08               N           
    1134512233.5         1134513146.8         6.23797e-08               Y           
    1134474425.3         1134475142.7         1.10458e-07               Z           
    1134423116.6         1134423830.4         1.29968e-07               Z           
    1134024146.1         1134025119.4         4.76051e-08               Z           
    1133708235.0         1133709210.6         4.14348e-08               Z           
    1133705658.4         1133706633.7         9.59561e-08               Z           
    1133517915.3         1133518780.8         1.43892e-06               Z           
    1133488045.5         1133488877.2         3.98828e-08               Z           
    1133466712.5         1133467570.7         5.21943e-08               Z           
    1133238367.8         1133239215.3         6.98858e-08               N           
    1133134046.9         1133134858.1         9.79318e-08               N           
    1132785187.3         1132786145.3         4.58218e-08               Y           
    1132757256.3         1132758438.1         5.47558e-08               Z           
    1132751515.8         1132752457.4         4.30803e-08               Z           
    1132648458.6         1132649398.9         7.66879e-08               Y           
    1132521455.5         1132522312.9         9.81394e-08               Z           
    1132368395.3         1132369212.0         1.48623e-07               Z           
    1131452514.0         1131453368.2         8.47512e-08               Y           
    1130834664.5         1130835291.0         2.94513e-08               Z           
    1130384944.5         1130385734.0         4.17731e-08               Y           
    1129979115.4         1129980308.0         4.08709e-07               N           
    1129336631.5         1129337501.1         2.99094e-08               N           
    1129149910.9         1129150798.1         2.21296e-07               Y           
    1128938865.1         1128939266.2         4.08163e-08               Y           
    1128220238.6         1128220664.6         6.21550e-08               N           
    1127900655.5         1127901857.8         5.89293e-08               Z           
    1127774987.6         1127775768.1         4.36076e-08               Z           
    1127669171.2         1127669389.5         4.83856e-07               Y           
    1127604067.8         1127605000.2         3.19308e-08               Z           
    1127436160.6         1127436632.0         2.03548e-07               Z           
    1127435571.5         1127436040.9         2.97101e-07               Z           
    1127423102.0         1127423734.8         1.10436e-07               Z           
    1127272864.6         1127273728.5         7.45999e-07               Z           
    1127060334.9         1127061523.0         2.52137e-08               Z           
    1126885045.0         1126885675.2         3.23556e-08               N           
    1126686701.6         1126687327.9         9.22396e-08               N           
    1137122455.8         1137122660.1         4.32003e-07               Y           
    1136326908.4         1136328078.5         2.49771e-07               Z           
    1126498728.9         1126499357.6         2.02976e-06               Z           
    1126142011.6         1126142978.0         7.34453e-09               Z           
    1126100298.9         1126101085.5         6.52221e-08               Z           
    1136586013.3         1136586786.0         3.99347e-08               N           
    1136325311.4         1136325569.4         1.79717e-07               Z           
    1136121552.6         1136121772.5         1.23521e-07               Y           
    1136091553.4         1136092348.6         3.45347e-08               Z           
    1135264806.1         1135265449.5         6.63849e-08               N           
    1134391460.2         1134392380.6         3.72140e-08               Z           
    1134333534.1         1134334332.6         3.22746e-08               Y           
    1134006754.7         1134007499.9         3.43707e-08               Z           
    1134006442.4         1134007402.1         3.97729e-08               Z           
    1133733179.2         1133734361.1         4.31037e-08               Z           
    1133703193.1         1133703951.6         6.01463e-07               Z           
    1133699968.2         1133700940.8         6.16633e-07               Z           
    1133510367.0         1133511232.1         7.22761e-05               Y           
    1133409805.2         1133410694.8         2.26895e-08               Y           
    1133316617.7         1133317219.4         8.78645e-08               Z           
    1133191765.5         1133192655.0         3.31514e-08               Y           
    1133086126.0         1133087008.6         5.68173e-08               Z           
    1132929941.3         1132930522.4         1.64261e-08               Y           
    1132170352.4         1132171143.1         6.75896e-08               Z           
    1131555228.3         1131556241.8         4.02125e-08               Y           
    1131513952.5         1131514542.8         1.02886e-07               Z           
    1131293524.3         1131294366.3         3.41466e-08               Z           
    1131212920.1         1131213491.3         2.91704e-08               Z           
    1131084752.7         1131085765.3         4.98611e-08               Z           
    1131079604.7         1131080185.2         5.38447e-08               Z           
    1130925991.8         1130926788.3         3.26077e-07               Z           
    1130914727.3         1130915081.5         4.62933e-07               Z           
    1130807413.5         1130808017.5         1.88318e-07               Y           
    1130659950.9         1130661129.5         7.09595e-08               Z           
    1130644279.6         1130645282.7         1.62086e-06               Y           
    1130488292.3         1130488914.5         4.70351e-07               Z           
    1130391748.5         1130392616.3         3.78846e-08               Y           
    1130301852.8         1130302854.9         8.26767e-08               Z           
    1130122185.0         1130122828.2         2.31567e-08               Z           
    1129983338.3         1129984531.2         3.81120e-07               Y           
    1129571279.1         1129572133.5         5.96334e-08               Z           
    1129511847.3         1129512662.2         2.48604e-08               Y           
    1129442706.2         1129443515.0         3.90547e-08               N           
    1129256274.1         1129257173.0         1.11368e-07               Y           
    1129150967.5         1129151824.9         2.16662e-07               Z           
    1128005451.4         1128005975.3         3.64793e-08               Z           
    1127693117.8         1127694302.2         4.81425e-08               Y           
    1126948969.4         1126949801.2         2.68920e-08               Z           
    1126686892.6         1126687794.4         1.64736e-07               Y           
    1137257680.8         1137258540.3         1.96166e-07               Y           
    1137204142.4         1137205321.1         1.22629e-07               Y           
    1136325308.3         1136325569.3         1.79717e-07               Z           
    1136121552.5         1136121772.6         1.23521e-07               Y           
    1134944915.5         1134945708.5         6.54203e-08               Z           
    1131084751.0         1131085765.3         4.98611e-08               Z           
    1126543954.9         1126544579.0         9.28481e-09               Z           
    1126541332.5         1126541961.2         1.73793e-08               Z           
    1126527001.0         1126527640.2         1.05978e-07               Z           
    1126482108.5         1126482736.1         5.46546e-05               Z           
    1126481806.6         1126482442.9         5.33003e-05               Z           
    1126481526.8         1126482149.1         5.34841e-05               Z           
    1126452161.1         1126453061.6         6.08887e-07               Z           
    1126381071.8         1126381972.2         4.50024e-07               Z           
    1126165253.6         1126165499.9         6.04325e-07               Z           
    1136590790.6         1136591750.7         2.92596e-08               Z           
    1136233436.8         1136234164.0         5.65412e-08               Z           
    1136061393.7         1136062333.6         1.26141e-07               Z           
    1136006927.2         1136007889.2         4.50658e-08               Z           
    1135953390.9         1135954312.7         1.84970e-08               Y           
    1135759059.5         1135759911.6         1.30451e-08               Y           
    1135355182.0         1135356154.8         3.05866e-07               Z           
    1135348784.8         1135349678.5         2.84335e-07               Z           
    1135203094.3         1135204030.2         1.91216e-08               Z           
    1135162870.0         1135163656.0         5.23392e-08               Z           
    1134944917.0         1134945708.6         6.54203e-08               Z           
    1134824727.8         1134825555.2         3.80472e-08               Z           
    1134638948.5         1134639873.0         6.10100e-08               N           
    1134631768.0         1134632594.7         4.48684e-08               Z           
    1134221393.0         1134222250.7         2.68098e-07               Z           
    1134162738.8         1134163332.2         5.05493e-08               Y           
    1134092057.6         1134093033.1         4.51826e-08               Z           
    1133748300.7         1133749273.4         6.07071e-08               Y           
    1133698001.2         1133698974.7         1.35604e-06               Z           
    1133694946.2         1133695919.3         7.00067e-06               Z           
    1133511001.9         1133511869.9         7.19040e-05               Y           
    1133492096.7         1133492892.9         2.93492e-08               Z           
    1133146971.5         1133147625.3         1.13717e-08               Z           
    1132753180.3         1132754133.0         5.47440e-08               Z           
    1131976201.7         1131976947.2         3.07003e-08               Z           
    1131847144.0         1131848110.1         7.75749e-08               Z           
    1131531719.4         1131532518.8         1.98432e-08               Z           
    1131384536.1         1131385161.4         4.70557e-08               N           
    1131315496.5         1131316451.5         2.75914e-08               N           
    1131037177.8         1131038190.7         1.35818e-06               Z           
    1131032473.4         1131033208.2         7.41552e-08               Y           
    1131024244.8         1131025258.6         7.04512e-08               Y           
    1130972051.4         1130973015.5         1.01813e-07               Y           
    1130723979.4         1130724666.9         1.02205e-07               Y           
    1130517424.7         1130518395.1         3.62142e-08               N           
    1130468665.3         1130469411.3         1.04280e-07               Z           
    1130239620.4         1130240548.4         3.07533e-08               Z           
    1129819689.0         1129819907.0         5.39449e-08               Z           
    1129509165.4         1129510370.5         3.20287e-08               Z           
    1128669822.8         1128670772.6         2.33952e-07               Z           
    1128659757.8         1128660091.1         2.25869e-08               Z           
    1128503058.0         1128504242.0         6.24513e-07               Z           
    1128202070.0         1128202863.2         2.50492e-08               Z           
    1127836330.3         1127837291.7         7.91700e-08               Z           
    1127591618.3         1127592531.2         2.20878e-08               N           
    1127576133.8         1127577029.0         5.90841e-08               Z           
    1127551627.6         1127552422.5         6.56564e-08               Z           
    1127257137.3         1127257996.5         2.08876e-08               N           
    1127146422.7         1127147049.8         8.39119e-07               Y           
    1127145456.5         1127146109.9         5.14088e-07               Y           
    1126929811.7         1126930739.8         2.80035e-08               N           
    1126619494.0         1126620126.1         8.45093e-09               Z           
    1137208939.4         1137209822.5         1.06883e-07               Y           
    1137180127.2         1137181091.7         6.56885e-08               Y           
    1137079820.5         1137080782.4         4.06442e-08               Y           
    1137054640.7         1137054879.3         8.97057e-07               Y           
    1137005690.7         1137006866.1         1.80539e-07               Y           
    1136998697.7         1136998993.7         8.96506e-08               Y           
    1136752515.8         1136753416.4         4.89103e-07               Y           
    1136636859.5         1136637819.8         4.15262e-08               Z           
    1136627220.2         1136628410.5         7.68892e-08               Z           
    1136061394.7         1136062333.7         1.26141e-07               Z           
    1135953390.5         1135954312.7         1.84970e-08               Y           
    1126564777.4         1126565407.9         1.38163e-08               Z           
    1126521103.1         1126521732.0         1.41652e-08               Z           
    1126503674.7         1126504309.4         3.42025e-07               Z           
    1126499905.1         1126500537.4         2.83697e-06               Z           
    1126494779.0         1126495406.8         2.25933e-07               Z           
    1126488125.7         1126488762.1         6.28940e-06               Z           
    1126484557.5         1126485194.3         7.75909e-06               Z           
    1126481561.8         1126482195.1         5.47522e-05               Z           
    1126480409.3         1126481035.0         6.04024e-05               Z           
    1126444156.1         1126445056.3         3.05964e-07               Z           
    1126168049.4         1126168295.7         2.25137e-05               Z           
    1126148163.7         1126148992.2         9.24071e-09               Z           
    1126111370.8         1126112184.3         5.58380e-08               Z           
    1136636865.3         1136637818.7         4.15262e-08               Z           
    1136199048.9         1136199764.6         3.16435e-08               Z           
    1136079018.5         1136079842.9         4.26593e-08               Y           
    1135508931.7         1135509734.9         3.92377e-08               Z           
    1135365872.5         1135366567.3         2.77804e-08               Z           
    1135064647.0         1135065491.9         2.15847e-08               Y           
    1135023539.7         1135024435.4         4.77537e-07               Y           
    1134920230.5         1134921098.3         5.50913e-08               N           
    1134512066.2         1134512821.1         6.05889e-08               Y           
    1134234522.1         1134235358.0         1.13243e-07               Z           
    1134174050.5         1134174890.1         4.76665e-08               Z           
    1134021217.0         1134022008.4         4.15112e-08               N           
    1133839265.8         1133840447.4         3.03848e-08               Y           
    1133795023.4         1133795855.8         2.34085e-08               N           
    1133188290.1         1133189196.3         3.38741e-08               Z           
    1133007278.8         1133008246.1         2.81955e-08               Z           
    1132985640.4         1132986491.3         1.74326e-08               Z           
    1132620791.5         1132621225.1         6.16586e-08               Y           
    1132581108.3         1132581862.1         8.57564e-08               Z           
    1132532259.8         1132533159.6         1.91058e-07               Y           
    1132261380.1         1132262253.3         7.97888e-08               N           
    1132259928.5         1132260283.1         3.17445e-08               Y           
    1132097158.4         1132098017.6         1.82693e-08               Y           
    1132066257.3         1132067224.6         3.56206e-08               Y           
    1132032855.2         1132033697.2         3.71911e-07               Y           
    1131992151.2         1131992968.8         2.28231e-08               Z           
    1131940068.8         1131940901.6         2.99314e-08               Y           
    1131908052.8         1131908933.3         1.62021e-05               Y           
    1131900444.9         1131901629.8         2.86477e-06               Z           
    1131856747.9         1131857604.7         1.03163e-07               Z           
    1131784437.8         1131785198.7         5.18323e-07               Y           
    1131679919.2         1131680586.4         4.84882e-08               Y           
    1131568486.3         1131569346.3         3.34728e-07               Y           
    1131454495.4         1131455350.6         8.58997e-08               N           
    1131278948.1         1131279231.0         3.13039e-07               Y           
    1131246486.0         1131247108.6         6.88361e-07               Y           
    1131243836.3         1131244458.8         2.25051e-06               Y           
    1131242482.9         1131243105.7         1.76625e-06               Y           
    1131112673.4         1131113579.1         4.51409e-08               N           
    1131061680.7         1131062504.6         6.40937e-08               Z           
    1131028462.4         1131029476.6         9.15787e-08               Y           
    1131018896.3         1131019909.9         8.61264e-07               Y           
    1130660114.8         1130661117.7         7.08311e-08               Z           
    1130652889.8         1130654078.1         9.68350e-08               Z           
    1130651008.5         1130651909.1         8.64184e-07               Z           
    1130548261.0         1130549128.6         2.50980e-08               Y           
    1130487879.5         1130488501.9         5.10989e-07               Z           
    1130470520.5         1130470775.3         6.39614e-08               Z           
    1130236037.8         1130237001.0         1.83183e-08               Z           
    1130210338.9         1130211149.0         1.98970e-08               Y           
    1129900335.8         1129901087.7         1.57891e-07               Y           
    1129889363.0         1129890546.4         1.11543e-05               Y           
    1129590476.0         1129590892.2         2.26420e-07               N           
    1129227462.2         1129228251.0         8.18956e-08               N           
    1129220634.8         1129221423.3         9.10054e-07               Y           
    1128826044.8         1128826996.7         1.23454e-08               N           
    1128679473.0         1128680363.8         4.88834e-08               Z           
    1128497484.6         1128498314.3         2.50608e-08               N           
    1128447307.7         1128448148.1         4.72724e-08               Z           
    1128443322.4         1128444293.0         1.99032e-08               Z           
    1128436772.0         1128437571.0         1.54223e-08               Z           
    1128297970.0         1128298569.0         1.08623e-07               Z           
    1128296620.2         1128297221.6         1.40583e-07               Z           
    1128158500.7         1128158752.9         7.69824e-08               Y           
    1127906478.7         1127907101.0         1.68335e-08               Y           
    1127703009.9         1127704194.2         4.23869e-08               Y           
    1127437342.4         1127437813.4         2.16930e-07               Z           
    1126902399.5         1126903196.1         2.23163e-07               Z           
    1126774969.5         1126775596.5         8.66647e-09               Z           
    1126764438.2         1126765073.7         1.94118e-08               Z           
    1126676179.4         1126677074.5         2.72305e-07               Z           
    1126658931.4         1126659889.3         1.97356e-08               N           
    1137159855.0         1137160685.6         4.51187e-08               Y           
    1137093933.8         1137095140.0         5.57616e-08               Y           
    1137019103.5         1137019990.6         1.20643e-07               Y           
    1136854625.0         1136855571.8         3.68712e-08               Y           
    1136785196.7         1136785972.2         2.19055e-07               Y           
    1136777915.1         1136778907.5         2.05615e-06               Y           
    1136755111.5         1136755969.3         4.79989e-07               Y           
    1136744960.9         1136745764.8         3.35584e-08               Y           
    1136699267.8         1136700451.3         1.12180e-07               Y           
    1136199048.4         1136199764.5         3.16435e-08               Z           
    1136170372.7         1136170998.1         2.62278e-08               Z           
    1135348788.6         1135349678.4         2.84335e-07               Z           
    1135143625.0         1135144279.4         2.03628e-08               N           
    1131900444.4         1131901629.9         2.86477e-06               Z           
    1131112673.9         1131113579.1         4.51409e-08               N           
    1127316923.0         1127317708.3         2.27112e-08               Y           
    1127234249.0         1127235062.7         2.95374e-08               Y           
    1126569317.7         1126569954.4         1.39846e-08               N           
    1126507011.3         1126507568.4         2.37179e-07               Z           
    1126499548.4         1126500180.8         2.48722e-06               Z           
    1126497921.0         1126498555.2         2.21204e-06               Z           
    1126489178.6         1126489811.1         8.87532e-06               Z           
    1126488148.9         1126488773.6         6.13629e-06               Z           
    1126485811.1         1126486443.8         9.84908e-06               Z           
    1126483594.4         1126484224.4         2.22632e-05               Z           
    1126482181.8         1126482813.9         5.84637e-05               Z           
    1126481638.2         1126482270.2         4.93301e-05               Z           
    1126481509.8         1126482140.7         5.34841e-05               Z           
    1126466490.3         1126467389.9         3.37029e-08               Z           
    1126376780.5         1126377425.4         2.70487e-08               Z           
    1136498874.7         1136499722.9         2.46177e-08               N           
    1136481065.8         1136481821.0         5.88850e-08               Z           
    1136468031.3         1136468664.8         3.24666e-08               Y           
    1136279246.5         1136280095.1         1.45286e-07               Z           
    1136254656.4         1136255172.6         5.71509e-08               Z           
    1136216460.1         1136217150.7         2.19445e-08               Y           
    1136170370.0         1136170997.7         2.64586e-08               Z           
    1136061100.0         1136062035.1         1.29659e-07               Z           
    1135994319.9         1135994535.2         2.40461e-08               Z           
    1135724710.3         1135725462.3         1.56225e-08               Z           
    1135635754.3         1135636373.0         1.45229e-08               N           
    1135481152.3         1135481375.4         5.36613e-08               N           
    1135479533.5         1135480186.3         6.15349e-08               N           
    1135187905.2         1135188541.4         3.69146e-08               Z           
    1134922688.6         1134923226.1         5.11653e-08               N           
    1134900546.8         1134901432.0         4.26900e-08               Z           
    1134888219.0         1134888948.5         4.76185e-08               Z           
    1134736649.3         1134737425.9         4.06784e-08               Z           
    1134684291.9         1134685174.9         8.84488e-08               Y           
    1134534469.8         1134534825.9         4.09486e-08               Z           
    1134236947.2         1134237782.0         1.07969e-07               Z           
    1134168994.2         1134169883.2         6.11222e-08               N           
    1133968155.0         1133968807.8         4.08599e-08               Y           
    1133906753.8         1133907955.3         2.24554e-08               Y           
    1133808948.9         1133809899.4         2.69567e-08               Z           
    1133723875.3         1133724743.4         1.86430e-08               Z           
    1133714161.7         1133715134.9         2.73554e-08               Z           
    1133712387.4         1133713360.2         3.22926e-08               Z           
    1133698656.5         1133699629.1         8.55151e-07               Z           
    1133634936.4         1133635903.7         6.27125e-08               Z           
    1133464614.0         1133465467.6         3.50600e-08               Z           
    1133391600.9         1133392451.7         2.90775e-08               Z           
    1133295755.1         1133296638.1         2.97002e-08               N           
    1133193332.1         1133193981.5         2.90838e-08               Y           
    1133137452.7         1133138105.8         4.58367e-08               N           
    1133036429.7         1133037311.0         1.58964e-08               Y           
    1133012412.1         1133012936.9         2.13734e-08               Y           
    1133006930.5         1133007555.1         2.39105e-08               Z           
    1132989991.1         1132990623.5         1.62798e-08               Z           
    1132789674.1         1132789949.6         2.24937e-08               Y           
    1132674419.8         1132675593.2         8.57744e-08               Y           
    1132659651.3         1132660536.4         1.07724e-06               Z           
    1132485799.0         1132486745.0         1.69346e-08               Z           
    1132462027.8         1132462845.9         1.62928e-08               Y           
    1132391673.0         1132392305.7         1.29897e-08               N           
    1132312750.6         1132313696.0         1.85483e-08               Z           
    1132241664.9         1132242653.0         8.94597e-08               N           
    1132215092.8         1132215295.5         4.01471e-08               Z           
    1131941769.6         1131942690.1         2.86776e-08               N           
    1131884155.0         1131884915.2         2.51029e-08               Z           
    1131878233.7         1131879406.4         2.67935e-08               Z           
    1131799880.6         1131800849.3         4.55150e-07               Y           
    1131725605.7         1131726420.1         4.39796e-07               Z           
    1131707085.6         1131708285.3         3.35946e-08               Z           
    1131599532.1         1131600345.7         8.00951e-08               Y           
    1131432906.1         1131433360.2         1.05761e-07               Z           
    1131301151.7         1131301864.0         3.52827e-08               Y           
    1131148471.4         1131149087.6         3.02740e-08               Y           
    1131123803.9         1131124652.2         2.25345e-06               Z           
    1130965088.8         1130966275.9         7.43057e-08               Z           
    1130939101.7         1130939907.7         3.16184e-08               Z           
    1130898640.3         1130899580.4         2.84244e-08               N           
    1130876059.6         1130876263.7         8.57277e-09               N           
    1130838247.9         1130839046.9         2.84995e-08               Z           
    1130825526.9         1130826432.8         1.48537e-08               Z           
    1130781791.0         1130782589.5         2.21662e-08               Y           
    1130775870.9         1130776872.4         1.02142e-07               Y           
    1130680087.3         1130680855.4         1.43641e-08               N           
    1130656009.0         1130656910.3         4.83975e-08               Z           
    1130506853.2         1130507739.4         3.55573e-08               Y           
    1130488085.3         1130488707.4         4.86914e-07               Z           
    1130224718.9         1130225529.4         2.06529e-08               Z           
    1130223554.3         1130224480.8         2.02915e-08               Z           
    1129986922.0         1129987827.8         3.13298e-07               Y           
    1129905555.3         1129906095.7         3.55521e-07               Y           
    1129858909.3         1129859688.6         1.59428e-07               Y           
    1129757102.3         1129757733.7         2.42502e-08               Z           
    1129535446.9         1129536652.0         3.23924e-08               N           
    1129370791.0         1129371417.9         3.39200e-08               Y           
    1129300276.0         1129301467.4         5.29742e-08               Y           
    1129208437.0         1129209396.7         5.99054e-08               Z           
    1129117162.2         1129117994.6         4.25155e-07               Y           
    1128844056.0         1128844395.1         7.17550e-08               Y           
    1128837000.1         1128837734.5         2.08283e-06               Y           
    1128655909.3         1128656541.2         5.15870e-08               Z           
    1128605539.9         1128606284.4         1.66683e-08               Z           
    1128393230.9         1128394073.1         2.03146e-08               N           
    1128225050.4         1128225884.1         1.90316e-08               Z           
    1128042592.4         1128043441.2         4.28231e-08               Y           
    1127988733.0         1127989360.5         2.26417e-08               N           
    1127895846.2         1127896359.3         5.21549e-08               Z           
    1127880866.7         1127881710.2         3.27957e-08               Y           
    1127614300.1         1127615190.0         3.14871e-08               Z           
    1127584231.5         1127585187.5         4.19599e-08               Z           
    1127574150.9         1127574380.4         2.65750e-07               Z           
    1127436282.3         1127436754.2         2.00842e-07               Z           
    1127426443.6         1127426913.4         1.97591e-08               N           
    1127423997.0         1127424466.4         1.01773e-07               Z           
    1127296204.4         1127296987.1         1.61926e-08               Z           
    1127291309.0         1127292491.6         1.75324e-08               Z           
    1127271817.5         1127272445.7         6.04148e-07               Z           
    1127206084.0         1127207065.7         1.48582e-08               Z           
    1127069288.3         1127070139.0         2.43779e-08               Z           
    1127043177.2         1127043813.2         2.09226e-08               Z           
    1126911975.0         1126912875.8         3.26049e-08               Y           
    1126896405.0         1126897344.6         2.83990e-07               Z           
    1126870584.7         1126871552.2         5.25178e-08               Y           
    1126804725.6         1126805352.1         6.55741e-09               Y           
    1126753339.0         1126753966.2         1.11814e-08               N           
    1126672445.2         1126673072.0         6.79717e-07               Z           
    1126657701.3         1126658562.6         1.84482e-08               N           
    1126585459.1         1126586094.0         1.44283e-08               N           
    1137085555.4         1137086156.7         3.38249e-08               Y           
    1137079736.0         1137080303.1         3.14168e-08               Y           
    1136954173.9         1136955185.6         4.46608e-08               Y           
    1136756274.0         1136757140.3         5.07898e-07               Y           
    1136706777.8         1136707704.2         4.10748e-08               Y           
    1136656950.9         1136657787.6         6.72655e-08               Y           
    1136498873.8         1136499722.1         2.46177e-08               N           
    1136482866.5         1136483662.6         5.68516e-08               Y           
    1136468032.8         1136468664.8         3.24666e-08               Y           
    1136299545.8         1136300169.2         4.37702e-08               Y           
    1136294961.0         1136295764.8         2.68232e-07               Y           
    1136279246.5         1136280094.5         1.45286e-07               Z           
    1136061097.9         1136062035.5         1.29659e-07               Z           
    1135994316.6         1135994535.9         2.40461e-08               Z           
    1135724709.3         1135725462.3         1.56225e-08               Z           
    1135635809.0         1135636993.0         2.40820e-08               N           
    1135508933.0         1135509734.4         3.92377e-08               Z           
    1135481151.0         1135481374.9         5.36613e-08               N           
    1135392863.0         1135393205.5         1.29143e-07               Z           
    1129665313.0         1129666193.0         3.61771e-08               Z           
    1127060385.0         1127061590.4         2.50096e-08               Z           
    1126556692.5         1126557331.9         2.01713e-08               Z           
    1126498123.6         1126498752.1         2.11800e-06               Z           
    1126491682.5         1126492319.3         1.33391e-06               Z           
    1126489602.7         1126490240.3         6.06975e-06               Z           
    1126486229.9         1126486865.7         6.46242e-06               Z           
    1126485791.6         1126486422.0         9.84908e-06               Z           
    1126485274.2         1126485908.8         9.78870e-06               Z           
    1126483295.9         1126483932.4         2.45346e-05               Z           
    1126483231.5         1126483868.0         2.38687e-05               Z           
    1126482518.0         1126483153.0         3.36069e-05               Z           
    1126447885.6         1126448785.7         1.05222e-06               Z           
    1126387297.9         1126387860.9         2.85822e-08               Z           
    1126380902.8         1126381684.3         4.44648e-07               Z           
    1126279190.4         1126280017.1         2.54253e-08               Z           
    1126277620.4         1126278464.0         3.02171e-08               Z           
    1126136375.6         1126137363.9         1.47539e-08               Z           
    1126086584.0         1126087557.5         2.58319e-08               Z           
    1126080846.1         1126081489.1         4.68564e-09               Z           
