1126603273 1126603393 1126603362.1 1.29891e-06 1126603376.6 1.94912e-06 1126603321.9 2.13760e-06 1126603331.5 1.80075e-06 1126603386.3 2.09560e-06 1126603321.1 2.41559e-06
1126628040 1126628160 1126628087.8 3.62950e-06 1126628097.5 2.08707e-06 1126628065.4 1.12368e-06 1126628094.6 2.56391e-06 1126628095.9 2.40997e-06 1126628064.0 1.65108e-06
1126645332 1126645452 1126645359.3 8.89329e-07 1126645358.6 1.34658e-06 1126645404.9 4.58658e-07 1126645371.5 1.34645e-06 1126645357.5 1.88384e-06 1126645404.0 7.26448e-07
1126675514 1126675634 1126675567.1 5.58791e-06 1126675568.7 2.57261e-06 1126675603.6 1.33011e-06 1126675564.1 3.51981e-06 1126675577.7 2.30554e-06 1126675575.1 1.17418e-06
1126691274 1126691394 1126691333.7 7.73552e-07 1126691317.2 1.32693e-06 1126691336.8 5.26654e-07 1126691350.5 1.09325e-06 1126691369.4 1.02811e-06 1126691382.9 6.89962e-07
1126703476 1126703596 1126703529.9 6.97095e-06 1126703531.6 3.38970e-06 1126703593.0 1.25796e-06 1126703527.8 5.60055e-06 1126703528.8 3.92384e-06 1126703523.9 1.39633e-06
1126733165 1126733285 1126733245.1 1.01755e-06 1126733207.4 1.14059e-06 1126733223.8 2.89018e-07 1126733277.1 1.31518e-06 1126733176.8 9.78583e-07 1126733274.4 4.51407e-07
1126771360 1126771480 1126771408.1 8.39067e-07 1126771388.5 6.82803e-07 1126771447.6 3.45268e-07 1126771407.1 1.23750e-06 1126771429.8 9.85979e-07 1126771405.0 4.75626e-07
1126788101 1126788221 1126788214.7 5.22728e-07 1126788144.5 8.26545e-07 1126788186.7 3.68780e-07 1126788213.8 8.35276e-07 1126788143.5 1.02185e-06 1126788185.7 5.52175e-07
1126832366 1126832486 1126832375.8 5.93001e-07 1126832429.7 6.99322e-07 1126832477.9 3.06119e-07 1126832434.6 8.76209e-07 1126832383.1 9.50234e-07 1126832476.9 4.83652e-07
1126849801 1126849921 1126849845.4 1.09463e-06 1126849834.7 1.82569e-06 1126849828.6 2.47720e-06 1126849900.0 1.75044e-06 1126849849.2 2.70292e-06 1126849839.0 3.13565e-06
1126873615 1126873735 1126873639.8 1.29802e-06 1126873714.4 1.73966e-06 1126873718.3 6.02254e-07 1126873638.8 2.39072e-06 1126873659.7 1.69285e-06 1126873717.2 9.56135e-07
1126892997 1126893117 1126893062.0 2.37259e-06 1126893060.8 5.16923e-06 1126893054.9 1.01442e-05 1126893067.2 3.62032e-06 1126893096.7 7.66824e-06 1126893057.3 1.09519e-05
1126942308 1126942428 1126942351.5 4.22975e-06 1126942355.4 2.88993e-06 1126942366.2 1.11248e-06 1126942349.6 4.95805e-06 1126942350.9 3.69775e-06 1126942346.7 1.51922e-06
1126963786 1126963906 1126963844.7 2.57503e-06 1126963821.3 2.19654e-06 1126963847.2 6.64290e-07 1126963835.9 2.31161e-06 1126963820.4 1.90386e-06 1126963845.7 7.54852e-07
1126991732 1126991852 1126991736.2 1.41147e-06 1126991791.0 3.60331e-06 1126991848.6 6.93070e-07 1126991817.0 1.80637e-06 1126991770.3 2.05714e-06 1126991847.5 9.48778e-07
1127072235 1127072355 1127072247.2 2.11278e-06 1127072274.4 1.62900e-06 1127072315.6 8.01019e-07 1127072239.8 2.17460e-06 1127072273.1 1.83532e-06 1127072247.3 1.39562e-06
1127074147 1127074267 1127074213.3 1.38065e-06 1127074208.7 1.82711e-06 1127074170.0 7.13734e-07 1127074188.0 1.70277e-06 1127074243.7 1.74568e-06 1127074203.8 8.40361e-07
1127086844 1127086964 1127086846.3 1.38890e-06 1127086958.3 1.90759e-06 1127086953.6 6.47580e-07 1127086901.4 1.70510e-06 1127086962.0 2.58518e-06 1127086952.4 7.83821e-07
1127092155 1127092275 1127092240.8 1.67209e-06 1127092241.4 1.82030e-06 1127092269.4 6.16314e-07 1127092239.6 2.14057e-06 1127092246.7 1.88390e-06 1127092272.9 7.46061e-07
1127126573 1127126693 1127126616.8 1.31158e-06 1127126688.1 1.61324e-06 1127126639.5 5.14426e-07 1127126615.6 1.96893e-06 1127126687.2 2.22858e-06 1127126642.3 8.14083e-07
1127135184 1127135304 1127135278.9 1.26477e-06 1127135298.2 1.90190e-06 1127135212.5 5.80694e-07 1127135277.5 1.80456e-06 1127135192.8 2.12537e-06 1127135255.2 9.35221e-07
1127145569 1127145689 1127145661.1 1.27375e-06 1127145653.4 1.42892e-06 1127145651.2 5.94307e-07 1127145659.8 1.56942e-06 1127145580.8 1.87512e-06 1127145588.0 1.05196e-06
1127146440 1127146560 1127146519.4 1.75618e-06 1127146541.6 2.00298e-06 1127146522.3 4.02793e-06 1127146476.2 2.43693e-06 1127146537.4 2.40859e-06 1127146520.9 4.92997e-06
1127171966 1127172086 1127172031.9 1.22116e-06 1127172083.8 1.17095e-06 1127172045.0 1.01591e-06 1127172030.7 1.77748e-06 1127172061.8 1.50937e-06 1127172016.8 1.37572e-06
1127229815 1127229935 1127229828.4 1.16037e-06 1127229907.0 2.32864e-06 1127229838.0 7.55924e-07 1127229878.0 1.66449e-06 1127229905.6 1.77744e-06 1127229837.2 9.52212e-07
1127233478 1127233598 1127233533.6 2.22650e-06 1127233492.7 1.32547e-06 1127233507.6 1.03244e-06 1127233537.3 2.54275e-06 1127233491.2 1.78178e-06 1127233506.7 1.27849e-06
1127233600 1127233720 1127233667.4 1.73149e-06 1127233678.8 1.31243e-06 1127233668.9 1.00347e-06 1127233666.2 2.01073e-06 1127233682.0 1.51504e-06 1127233667.9 1.33536e-06
1127233610 1127233730 1127233667.4 1.72523e-06 1127233678.8 1.42821e-06 1127233668.9 1.00745e-06 1127233666.2 2.01073e-06 1127233682.0 1.51504e-06 1127233667.9 1.33536e-06
1127233857 1127233977 1127233950.2 1.83121e-06 1127233872.9 1.82499e-06 1127233971.6 8.79655e-07 1127233949.2 2.49400e-06 1127233871.6 1.71346e-06 1127233965.7 1.10662e-06
1127233861 1127233981 1127233950.2 1.81779e-06 1127233872.9 1.85251e-06 1127233971.6 8.84183e-07 1127233949.2 2.49400e-06 1127233871.6 1.71342e-06 1127233965.7 1.10662e-06
1127233934 1127234054 1127233950.2 1.88094e-06 1127233990.4 2.27306e-06 1127233971.6 8.99686e-07 1127233949.2 2.49400e-06 1127233989.1 2.21646e-06 1127233965.7 1.10662e-06
1127234030 1127234150 1127234042.2 1.48547e-06 1127234109.8 1.69485e-06 1127234123.2 8.62056e-07 1127234041.2 2.10791e-06 1127234108.7 2.09510e-06 1127234122.0 1.06290e-06
1127234057 1127234177 1127234104.9 1.30342e-06 1127234109.8 1.44695e-06 1127234123.2 8.53603e-07 1127234103.6 1.89614e-06 1127234108.7 2.09510e-06 1127234122.0 1.06290e-06
1127234149 1127234269 1127234224.0 1.61219e-06 1127234263.5 2.59175e-06 1127234198.3 8.83587e-07 1127234227.5 2.05349e-06 1127234248.1 1.64910e-06 1127234197.3 1.06551e-06
1127271461 1127271581 1127271504.6 1.95485e-06 1127271500.3 1.64497e-06 1127271505.8 1.06321e-06 1127271503.3 2.38185e-06 1127271498.9 1.96638e-06 1127271514.0 1.41097e-06
1127311255 1127311375 1127311259.2 3.44607e-06 1127311355.7 2.73342e-06 1127311286.1 1.34681e-06 1127311258.1 2.72920e-06 1127311354.6 2.97520e-06 1127311371.7 1.68189e-06
1127316030 1127316150 1127316092.2 1.30144e-06 1127316062.1 2.70296e-06 1127316101.1 8.21114e-07 1127316091.1 1.93628e-06 1127316065.8 2.45473e-06 1127316095.3 9.78635e-07
1127378150 1127378270 1127378251.5 1.28910e-06 1127378171.3 1.94427e-06 1127378262.8 1.03674e-06 1127378199.7 1.94786e-06 1127378264.1 2.60257e-06 1127378153.6 1.63932e-06
1127409112 1127409232 1127409206.0 1.66233e-06 1127409121.5 3.23851e-06 1127409221.9 8.57625e-07 1127409160.1 2.14776e-06 1127409120.1 2.29558e-06 1127409221.0 1.25349e-06
1127423095 1127423215 1127423113.0 1.68508e-06 1127423143.0 2.18009e-06 1127423179.1 9.94279e-07 1127423112.0 2.37199e-06 1127423117.8 2.06030e-06 1127423188.3 1.77329e-06
1127436758 1127436878 1127436850.2 1.56026e-06 1127436807.9 2.24038e-06 1127436776.3 1.36447e-06 1127436867.4 1.84084e-06 1127436764.8 2.66074e-06 1127436775.3 2.09592e-06
1127460491 1127460611 1127460570.2 2.57120e-06 1127460557.3 2.41318e-06 1127460558.2 8.21979e-07 1127460541.8 2.49788e-06 1127460529.0 2.70298e-06 1127460495.3 1.23724e-06
1127464838 1127464958 1127464935.7 1.25843e-06 1127464952.8 2.06677e-06 1127464944.6 9.41390e-07 1127464934.9 2.22462e-06 1127464952.0 2.02841e-06 1127464926.2 1.65269e-06
1127480914 1127481034 1127480962.2 1.42323e-06 1127480945.1 1.58963e-06 1127481013.0 1.12815e-06 1127480999.7 2.50720e-06 1127481030.5 2.40195e-06 1127481012.2 1.72916e-06
1127483167 1127483287 1127483245.4 1.90188e-06 1127483188.6 3.96340e-06 1127483268.0 9.09580e-07 1127483228.7 2.33206e-06 1127483251.7 2.41366e-06 1127483267.1 1.56805e-06
1127487574 1127487694 1127487611.3 1.68047e-06 1127487646.0 3.36565e-06 1127487591.1 7.56454e-07 1127487590.8 2.22282e-06 1127487630.8 2.22831e-06 1127487582.1 1.73720e-06
1127489137 1127489257 1127489176.8 1.40838e-06 1127489185.9 2.24102e-06 1127489195.5 9.15763e-07 1127489191.8 2.09043e-06 1127489161.9 2.18332e-06 1127489254.8 1.85836e-06
1127489164 1127489284 1127489176.8 1.43605e-06 1127489185.9 2.32153e-06 1127489195.5 9.10822e-07 1127489191.8 2.09043e-06 1127489235.4 1.66605e-06 1127489254.8 1.85836e-06
1127489179 1127489299 1127489192.6 1.27814e-06 1127489185.9 2.45611e-06 1127489195.5 9.06332e-07 1127489191.8 2.09043e-06 1127489235.4 1.66605e-06 1127489254.8 1.85836e-06
1127489198 1127489318 1127489276.1 1.25730e-06 1127489236.4 1.97593e-06 1127489255.4 8.56729e-07 1127489305.7 1.90423e-06 1127489306.2 2.60908e-06 1127489254.8 1.85836e-06
1127489229 1127489349 1127489276.1 1.25644e-06 1127489236.4 1.94386e-06 1127489328.9 8.67525e-07 1127489305.7 1.90423e-06 1127489306.2 2.60908e-06 1127489254.8 1.85836e-06
1127490234 1127490354 1127490266.7 2.18167e-06 1127490296.9 6.23886e-06 1127490254.0 7.90624e-07 1127490352.0 2.98508e-06 1127490352.0 2.66675e-06 1127490344.7 1.70902e-06
1127490318 1127490438 1127490355.5 3.72227e-06 1127490382.6 4.25636e-06 1127490345.4 7.91018e-07 1127490352.1 3.08165e-06 1127490352.4 3.67404e-06 1127490344.7 1.70902e-06
1127506036 1127506156 1127506049.4 1.56516e-06 1127506126.4 1.99622e-06 1127506100.5 8.00313e-07 1127506127.8 1.92484e-06 1127506071.9 1.89060e-06 1127506103.0 1.19541e-06
1127508437 1127508557 1127508535.4 1.92502e-06 1127508472.3 4.15239e-06 1127508466.7 9.92597e-07 1127508484.2 2.25279e-06 1127508462.5 2.42406e-06 1127508465.9 1.74315e-06
1127565140 1127565260 1127565187.4 1.28749e-06 1127565198.4 1.37475e-06 1127565244.1 7.84959e-07 1127565190.5 1.98829e-06 1127565197.3 2.05704e-06 1127565242.6 1.27252e-06
1127613269 1127613389 1127613334.8 9.66122e-07 1127613381.6 1.22461e-06 1127613345.3 5.47682e-07 1127613354.0 1.25082e-06 1127613273.1 1.33273e-06 1127613344.3 6.90952e-07
1127658837 1127658957 1127658883.2 1.05597e-06 1127658899.8 1.59853e-06 1127658842.0 3.95640e-07 1127658882.5 1.45143e-06 1127658882.8 1.44142e-06 1127658948.9 6.09445e-07
1127663561 1127663681 1127663563.8 1.25355e-06 1127663587.5 1.56643e-06 1127663589.5 5.05644e-07 1127663635.0 1.28197e-06 1127663658.3 1.22628e-06 1127663588.1 7.27268e-07
1127663866 1127663986 1127663890.0 1.25483e-06 1127663934.0 1.32338e-06 1127663966.5 5.29177e-07 1127663972.4 1.85684e-06 1127663960.1 1.31303e-06 1127663965.5 7.73890e-07
1127663982 1127664102 1127664019.5 1.22563e-06 1127664098.6 1.70982e-06 1127664098.9 5.57178e-07 1127664037.9 1.40559e-06 1127663988.6 1.42563e-06 1127664097.8 8.28438e-07
1127669166 1127669286 1127669184.8 1.69855e-06 1127669251.4 1.41811e-06 1127669253.8 6.43568e-07 1127669183.7 1.71393e-06 1127669250.2 1.16242e-06 1127669252.4 9.75654e-07
1127676841 1127676961 1127676948.0 1.05110e-06 1127676883.2 1.08178e-06 1127676944.6 7.91317e-07 1127676946.9 1.26186e-06 1127676861.2 1.09036e-06 1127676948.0 1.00778e-06
1127676872 1127676992 1127676948.0 1.09093e-06 1127676883.2 1.40598e-06 1127676944.6 7.90557e-07 1127676946.9 1.26186e-06 1127676882.4 1.08813e-06 1127676948.0 1.00778e-06
1127678969 1127679089 1127679052.5 1.21063e-06 1127679070.8 1.46616e-06 1127679044.5 5.84343e-07 1127679023.6 1.18884e-06 1127679031.7 1.39075e-06 1127679043.4 1.01263e-06
1127742663 1127742783 1127742765.9 1.77169e-06 1127742673.5 5.15872e-06 1127742713.6 9.87822e-07 1127742711.8 1.52535e-06 1127742672.4 1.93768e-06 1127742727.4 1.32672e-06
1127744289 1127744409 1127744297.0 2.95662e-06 1127744308.8 1.87950e-06 1127744319.6 1.15672e-06 1127744300.5 3.48120e-06 1127744296.3 2.48871e-06 1127744318.6 1.46999e-06
1127747274 1127747394 1127747350.0 1.96117e-06 1127747383.6 2.78290e-06 1127747316.4 1.00552e-06 1127747299.1 3.25652e-06 1127747382.5 3.02588e-06 1127747290.8 1.47891e-06
1127754688 1127754808 1127754700.0 3.09302e-06 1127754806.0 3.82579e-06 1127754721.8 1.20543e-06 1127754699.0 3.43710e-06 1127754694.2 2.09148e-06 1127754694.7 1.26797e-06
1127757025 1127757145 1127757057.0 3.37902e-06 1127757081.2 3.94050e-06 1127757032.3 9.79404e-07 1127757122.8 2.72363e-06 1127757084.5 2.48376e-06 1127757070.3 1.15231e-06
1127760760 1127760880 1127760820.5 2.90627e-06 1127760821.3 2.60979e-06 1127760806.2 1.03873e-06 1127760819.4 3.43017e-06 1127760853.1 2.60146e-06 1127760805.1 1.35903e-06
1127767145 1127767265 1127767164.7 2.53639e-06 1127767152.0 2.83399e-06 1127767252.3 1.41942e-06 1127767249.5 3.37360e-06 1127767192.8 2.43157e-06 1127767251.2 1.76868e-06
1127772771 1127772891 1127772879.5 2.03447e-06 1127772809.2 2.69093e-06 1127772808.1 1.28555e-06 1127772814.9 2.68027e-06 1127772808.1 2.28432e-06 1127772807.0 1.82064e-06
1127778300 1127778420 1127778385.3 2.19269e-06 1127778410.3 1.91597e-06 1127778360.8 1.34083e-06 1127778363.3 2.87714e-06 1127778361.4 2.08437e-06 1127778359.6 1.75681e-06
1127797724 1127797844 1127797840.0 2.83251e-06 1127797825.4 2.53531e-06 1127797831.5 1.36278e-06 1127797838.9 5.08458e-06 1127797732.9 3.83269e-06 1127797830.5 1.82172e-06
1127820379 1127820499 1127820434.4 3.41091e-06 1127820419.9 3.06015e-06 1127820470.5 1.39138e-06 1127820433.4 4.73637e-06 1127820408.3 5.25710e-06 1127820446.7 1.61959e-06
1127822084 1127822204 1127822170.3 4.05681e-06 1127822100.0 4.35020e-06 1127822156.3 1.68793e-06 1127822123.9 5.92154e-06 1127822099.1 5.42225e-06 1127822155.2 2.56118e-06
1127824280 1127824400 1127824315.2 3.61263e-06 1127824359.3 2.31698e-06 1127824306.6 1.73983e-06 1127824385.7 5.17101e-06 1127824326.2 3.09119e-06 1127824340.2 2.16826e-06
1127828277 1127828397 1127828351.5 3.76097e-06 1127828294.8 3.17695e-06 1127828314.6 1.72311e-06 1127828379.8 4.43041e-06 1127828339.0 4.58027e-06 1127828313.6 2.44789e-06
1127831133 1127831253 1127831222.9 3.58989e-06 1127831172.9 3.75626e-06 1127831169.4 1.71183e-06 1127831221.9 5.38487e-06 1127831206.9 4.20853e-06 1127831218.0 2.59973e-06
1127833854 1127833974 1127833889.5 4.18819e-06 1127833972.0 5.90824e-06 1127833912.8 1.74869e-06 1127833888.3 4.22173e-06 1127833932.2 4.37188e-06 1127833911.6 2.36921e-06
1127841071 1127841191 1127841186.5 5.84980e-06 1127841092.8 4.08138e-06 1127841117.2 2.62073e-06 1127841140.3 7.37712e-06 1127841158.8 3.98746e-06 1127841116.0 3.63775e-06
1127858796 1127858916 1127858827.3 3.59419e-06 1127858817.3 3.49371e-06 1127858861.5 1.43636e-06 1127858808.2 4.34294e-06 1127858816.1 5.38321e-06 1127858876.3 2.18041e-06
1127865566 1127865686 1127865570.6 3.73576e-06 1127865617.8 5.73507e-06 1127865592.2 1.36854e-06 1127865569.5 4.82980e-06 1127865634.9 4.91482e-06 1127865681.0 1.93491e-06
1127868919 1127869039 1127869007.0 3.86672e-06 1127869008.9 2.58985e-06 1127868924.2 1.96229e-06 1127869006.1 5.45140e-06 1127868963.9 3.95798e-06 1127868923.3 2.93361e-06
1127876200 1127876320 1127876241.6 4.14459e-06 1127876306.0 3.97236e-06 1127876241.8 2.47446e-06 1127876240.7 5.55935e-06 1127876305.0 5.12037e-06 1127876240.6 3.73413e-06
1127903352 1127903472 1127903449.2 3.37318e-06 1127903460.2 2.86237e-06 1127903373.5 1.81765e-06 1127903453.2 4.66946e-06 1127903459.3 3.93067e-06 1127903372.4 2.88093e-06
1127905493 1127905613 1127905533.4 3.73894e-06 1127905593.4 3.89750e-06 1127905606.5 1.62467e-06 1127905532.3 4.72632e-06 1127905518.1 4.65180e-06 1127905605.5 2.45279e-06
1127922205 1127922325 1127922217.2 5.60355e-06 1127922264.4 4.15261e-06 1127922316.1 3.24758e-06 1127922216.1 6.90542e-06 1127922301.6 4.91529e-06 1127922314.9 3.91033e-06
1127923811 1127923931 1127923926.0 4.46587e-06 1127923907.0 3.80485e-06 1127923887.2 1.91320e-06 1127923924.7 6.08073e-06 1127923905.8 4.50910e-06 1127923886.2 2.68852e-06
1127929769 1127929889 1127929796.4 4.99039e-06 1127929840.8 3.70450e-06 1127929871.9 2.58280e-06 1127929795.3 6.37487e-06 1127929801.3 5.23980e-06 1127929870.8 3.27363e-06
1127941752 1127941872 1127941759.2 3.49073e-06 1127941833.4 4.37557e-06 1127941756.5 2.63662e-06 1127941768.3 6.15372e-06 1127941837.2 4.89853e-06 1127941755.1 3.36979e-06
1127943908 1127944028 1127943991.2 3.57416e-06 1127944004.5 3.43721e-06 1127943917.0 1.89908e-06 1127943994.5 4.84758e-06 1127944003.5 4.14276e-06 1127943915.8 2.61249e-06
1127946563 1127946683 1127946587.7 5.26206e-06 1127946627.4 3.58427e-06 1127946663.8 2.23649e-06 1127946565.9 7.06320e-06 1127946676.7 3.35465e-06 1127946662.4 2.87786e-06
1127949127 1127949247 1127949147.1 3.06591e-06 1127949129.4 3.68778e-06 1127949243.0 2.23366e-06 1127949150.4 3.98128e-06 1127949197.1 4.52342e-06 1127949241.7 2.82657e-06
1127956662 1127956782 1127956688.4 4.11953e-06 1127956718.9 3.66220e-06 1127956763.8 2.06525e-06 1127956675.6 4.93443e-06 1127956717.7 4.66519e-06 1127956716.6 2.83448e-06
1127972615 1127972735 1127972719.9 4.42175e-06 1127972689.4 3.83246e-06 1127972720.1 1.41695e-06 1127972673.0 4.96371e-06 1127972688.3 4.79965e-06 1127972649.4 1.96690e-06
1127975519 1127975639 1127975637.0 3.80784e-06 1127975569.3 3.62938e-06 1127975610.1 1.57148e-06 1127975636.1 5.02969e-06 1127975568.2 4.93226e-06 1127975609.0 1.77980e-06
1128007695 1128007815 1128007699.4 4.71812e-06 1128007697.6 4.08131e-06 1128007772.7 2.67619e-06 1128007708.1 5.03958e-06 1128007809.5 3.44221e-06 1128007771.4 3.06157e-06
1128017601 1128017721 1128017635.4 4.14629e-06 1128017610.7 3.46650e-06 1128017664.9 2.05780e-06 1128017634.2 4.80008e-06 1128017609.3 3.97338e-06 1128017669.2 2.28392e-06
1128018974 1128019094 1128019022.3 4.15889e-06 1128018976.6 2.88056e-06 1128019092.0 1.86054e-06 1128019021.2 4.47278e-06 1128019026.6 3.36530e-06 1128019067.3 2.39548e-06
1128024943 1128025063 1128025003.3 3.94651e-06 1128025004.0 5.11071e-06 1128024945.6 1.92718e-06 1128025002.3 4.92942e-06 1128025022.5 4.90171e-06 1128025038.9 1.88794e-06
1128030593 1128030713 1128030649.2 3.77389e-06 1128030651.9 3.12167e-06 1128030613.5 1.33630e-06 1128030648.0 5.78920e-06 1128030603.5 3.57343e-06 1128030612.2 1.59963e-06
1128037289 1128037409 1128037358.1 3.13416e-06 1128037344.1 2.67666e-06 1128037340.8 1.83917e-06 1128037356.9 4.72370e-06 1128037361.5 2.40042e-06 1128037344.3 2.43495e-06
1128039090 1128039210 1128039110.6 3.61032e-06 1128039123.7 3.20006e-06 1128039181.8 1.39642e-06 1128039199.6 4.59805e-06 1128039127.0 3.47353e-06 1128039122.1 1.88583e-06
1128072454 1128072574 1128072499.6 3.06582e-06 1128072499.5 1.57988e-06 1128072459.2 1.34162e-06 1128072498.6 3.48563e-06 1128072539.1 2.43221e-06 1128072458.2 1.83503e-06
1128122015 1128122135 1128122121.3 2.25561e-06 1128122091.9 1.76317e-06 1128122117.2 6.61549e-07 1128122033.3 2.57629e-06 1128122056.5 2.16163e-06 1128122093.7 9.60948e-07
1128154174 1128154294 1128154251.9 1.70050e-06 1128154187.1 1.34500e-06 1128154261.1 9.70326e-07 1128154250.4 2.26114e-06 1128154280.2 1.70467e-06 1128154264.4 1.42383e-06
1128171595 1128171715 1128171604.0 1.36038e-06 1128171663.5 1.09648e-06 1128171690.7 7.41555e-07 1128171602.9 2.23589e-06 1128171640.2 1.69204e-06 1128171689.7 9.95478e-07
1128205064 1128205184 1128205175.8 1.43062e-06 1128205119.9 1.75901e-06 1128205076.8 6.53753e-07 1128205174.6 1.82921e-06 1128205118.6 2.12417e-06 1128205075.7 1.00170e-06
1128207133 1128207253 1128207244.0 1.39037e-06 1128207211.9 1.67444e-06 1128207168.0 6.96782e-07 1128207170.8 1.99229e-06 1128207210.8 2.07252e-06 1128207189.6 1.07106e-06
1128239674 1128239794 1128239681.1 1.48008e-06 1128239682.8 1.72872e-06 1128239696.1 6.43699e-07 1128239679.9 1.47513e-06 1128239707.0 1.60018e-06 1128239758.8 9.61659e-07
1128299031 1128299151 1128299143.0 2.00616e-06 1128299072.6 1.40597e-06 1128299075.0 8.52908e-07 1128299041.6 1.31078e-06 1128299071.5 1.10773e-06 1128299073.8 9.12438e-07
1128351783 1128351903 1128351820.0 1.51889e-06 1128351895.5 1.40143e-06 1128351828.3 5.87142e-07 1128351818.9 2.08444e-06 1128351894.4 1.45487e-06 1128351801.3 8.10046e-07
1128353670 1128353790 1128353740.5 1.32610e-06 1128353672.5 1.42402e-06 1128353683.1 5.34734e-07 1128353739.3 1.69182e-06 1128353725.0 1.63722e-06 1128353686.1 8.62364e-07
1128354130 1128354250 1128354203.5 1.19618e-06 1128354147.5 1.30607e-06 1128354238.7 6.60829e-07 1128354202.6 1.33363e-06 1128354191.7 1.92544e-06 1128354237.5 1.16358e-06
1128406136 1128406256 1128406152.6 9.95943e-07 1128406223.2 1.19548e-06 1128406244.8 4.96796e-07 1128406155.5 1.43532e-06 1128406222.1 1.37830e-06 1128406164.6 7.08576e-07
1128459444 1128459564 1128459462.3 2.22054e-06 1128459522.9 1.79904e-06 1128459484.1 9.97098e-07 1128459461.2 2.60782e-06 1128459490.0 2.08850e-06 1128459483.0 1.30661e-06
1128459687 1128459807 1128459715.0 1.30367e-06 1128459741.1 1.23399e-06 1128459725.8 8.06115e-07 1128459713.9 1.98470e-06 1128459763.2 1.59743e-06 1128459724.8 9.96542e-07
1128463452 1128463572 1128463535.4 2.10213e-06 1128463502.0 1.58225e-06 1128463540.6 8.29408e-07 1128463534.1 2.35245e-06 1128463500.9 1.97760e-06 1128463481.2 1.20924e-06
1128463999 1128464119 1128464014.0 1.69385e-06 1128464098.1 1.72172e-06 1128464105.2 1.28121e-06 1128464012.4 2.31043e-06 1128464039.9 2.48371e-06 1128464103.8 1.50246e-06
1128466416 1128466536 1128466482.7 2.02250e-06 1128466451.2 1.61019e-06 1128466427.8 1.64240e-06 1128466481.5 2.21133e-06 1128466450.1 2.04968e-06 1128466426.6 1.81470e-06
1128504301 1128504421 1128504397.6 7.47005e-06 1128504399.0 8.00746e-06 1128504373.2 1.97384e-06 1128504385.7 1.56010e-05 1128504398.2 1.33990e-05 1128504377.1 2.36659e-06
1128539663 1128539783 1128539774.9 1.46509e-06 1128539701.7 2.52507e-06 1128539765.7 6.71230e-07 1128539701.5 1.44524e-06 1128539699.1 1.29687e-06 1128539755.4 8.37673e-07
1128547566 1128547686 1128547605.4 2.07959e-06 1128547597.0 2.47190e-06 1128547614.3 6.83774e-07 1128547579.5 2.16998e-06 1128547596.0 2.07254e-06 1128547602.4 9.54420e-07
1128557957 1128558077 1128557985.2 1.56179e-06 1128557979.8 1.66743e-06 1128558035.8 7.35727e-07 1128557984.1 2.07653e-06 1128557978.7 2.03183e-06 1128558034.6 1.08314e-06
1128562089 1128562209 1128562119.1 2.19570e-06 1128562101.8 1.73204e-06 1128562146.0 1.12381e-06 1128562123.1 2.36594e-06 1128562100.7 2.25924e-06 1128562144.9 1.12070e-06
1128577861 1128577981 1128577899.3 1.72601e-06 1128577951.2 2.51882e-06 1128577950.9 8.68581e-07 1128577898.1 2.42554e-06 1128577950.2 3.29357e-06 1128577949.9 1.00451e-06
1128578233 1128578353 1128578321.4 1.76667e-06 1128578332.0 1.89298e-06 1128578244.6 9.45462e-07 1128578320.3 2.49499e-06 1128578335.4 2.55351e-06 1128578247.9 1.48366e-06
1128593810 1128593930 1128593890.7 4.14250e-06 1128593906.8 2.65071e-06 1128593873.7 8.25465e-07 1128593889.5 5.53801e-06 1128593905.8 3.66833e-06 1128593872.7 1.08915e-06
1128688407 1128688527 1128688433.2 3.61165e-06 1128688443.6 3.19002e-06 1128688433.7 1.24396e-06 1128688431.9 3.98084e-06 1128688442.4 4.09062e-06 1128688456.6 1.59317e-06
1128706839 1128706959 1128706944.9 2.49108e-06 1128706903.2 2.99271e-06 1128706905.1 1.04657e-06 1128706944.1 2.54538e-06 1128706937.0 3.05994e-06 1128706908.6 1.26842e-06
1128718976 1128719096 1128719048.6 2.02051e-06 1128719060.0 1.60723e-06 1128718998.4 1.29880e-06 1128719047.6 2.04113e-06 1128719037.1 1.47051e-06 1128718997.2 1.57541e-06
1128719319 1128719439 1128719330.5 1.79359e-06 1128719431.7 2.74573e-06 1128719382.1 9.40928e-07 1128719344.5 1.94474e-06 1128719436.8 2.04612e-06 1128719394.5 1.12382e-06
1128735152 1128735272 1128735236.0 1.64905e-06 1128735177.0 1.91250e-06 1128735202.3 5.11841e-07 1128735227.8 2.01122e-06 1128735175.8 2.25323e-06 1128735205.8 7.83203e-07
1128775499 1128775619 1128775597.1 1.12485e-06 1128775599.3 8.62186e-07 1128775586.9 5.91128e-07 1128775525.9 1.45462e-06 1128775598.4 1.14241e-06 1128775585.7 8.41913e-07
1128776407 1128776527 1128776430.6 1.22836e-06 1128776449.1 1.07576e-06 1128776452.1 4.28336e-07 1128776414.4 1.81562e-06 1128776478.9 1.56995e-06 1128776450.7 5.88735e-07
1128776430 1128776550 1128776510.0 1.18326e-06 1128776526.9 1.13601e-06 1128776533.8 4.95175e-07 1128776462.0 1.42503e-06 1128776478.9 1.56995e-06 1128776532.5 7.78877e-07
1128776558 1128776678 1128776631.2 9.22755e-07 1128776664.2 9.21020e-07 1128776574.9 5.59959e-07 1128776630.3 1.46058e-06 1128776613.0 1.18450e-06 1128776574.0 7.15307e-07
1128798846 1128798966 1128798956.2 1.03512e-06 1128798854.5 1.57390e-06 1128798919.6 3.80355e-07 1128798938.1 1.33146e-06 1128798913.3 1.13731e-06 1128798883.9 6.25512e-07
1128799693 1128799813 1128799768.5 1.05100e-06 1128799751.2 1.52207e-06 1128799781.3 4.31549e-07 1128799771.4 1.42179e-06 1128799766.1 1.63709e-06 1128799780.3 7.11398e-07
1128800370 1128800490 1128800476.7 8.42379e-07 1128800401.4 1.80158e-06 1128800486.9 6.27060e-07 1128800397.8 1.14666e-06 1128800374.0 1.41901e-06 1128800485.7 9.04566e-07
1128812965 1128813085 1128813009.5 1.13851e-06 1128813053.4 2.02135e-06 1128813059.6 5.44562e-07 1128813008.5 1.95728e-06 1128812971.8 1.49336e-06 1128813031.7 8.50783e-07
1128812972 1128813092 1128813009.5 1.11930e-06 1128813086.7 2.44760e-06 1128813059.6 5.42250e-07 1128813008.5 1.95728e-06 1128813085.5 1.52425e-06 1128813031.7 8.50783e-07
1128812983 1128813103 1128813009.5 1.10607e-06 1128813095.0 2.91809e-06 1128813059.6 5.41462e-07 1128813008.5 1.95728e-06 1128813085.5 1.52425e-06 1128813031.7 8.50783e-07
1128813000 1128813120 1128813009.5 1.12978e-06 1128813095.0 2.81651e-06 1128813059.6 5.38347e-07 1128813008.5 1.95712e-06 1128813085.5 1.52425e-06 1128813031.7 8.50783e-07
1128813017 1128813137 1128813077.4 9.97037e-07 1128813095.0 2.79189e-06 1128813059.6 5.34825e-07 1128813113.5 1.63347e-06 1128813085.5 1.52425e-06 1128813031.7 8.50783e-07
1128824569 1128824689 1128824572.2 1.05847e-06 1128824582.0 1.38557e-06 1128824635.3 5.45268e-07 1128824625.7 1.51299e-06 1128824580.9 1.59953e-06 1128824634.2 6.39937e-07
1128830702 1128830822 1128830738.8 1.05523e-06 1128830705.0 1.06296e-06 1128830725.2 5.49303e-07 1128830738.0 1.43293e-06 1128830774.3 1.18783e-06 1128830785.8 7.57177e-07
1128837906 1128838026 1128837956.7 4.19548e-06 1128838012.0 1.82146e-06 1128837980.9 6.43641e-07 1128837955.2 4.39611e-06 1128837961.6 1.79082e-06 1128837979.8 9.40601e-07
1128876081 1128876201 1128876179.8 1.14244e-06 1128876185.5 1.01218e-06 1128876125.4 3.49290e-07 1128876182.8 1.61575e-06 1128876184.6 9.18038e-07 1128876109.9 7.37666e-07
1128876709 1128876829 1128876766.1 1.08584e-06 1128876795.8 1.50170e-06 1128876765.8 3.40050e-07 1128876768.9 1.25999e-06 1128876774.7 1.13642e-06 1128876764.5 5.93632e-07
1128880119 1128880239 1128880218.8 9.15095e-07 1128880218.0 9.20751e-07 1128880194.7 4.30834e-07 1128880149.2 1.30641e-06 1128880150.7 1.26049e-06 1128880193.7 6.10060e-07
1128880293 1128880413 1128880300.4 1.03995e-06 1128880304.9 1.20848e-06 1128880382.5 4.36933e-07 1128880408.0 1.34516e-06 1128880307.5 1.39975e-06 1128880343.9 5.96990e-07
1128880908 1128881028 1128881023.1 8.91034e-07 1128880935.6 1.06584e-06 1128880998.0 3.55299e-07 1128881014.6 1.46526e-06 1128880934.6 1.54705e-06 1128880996.6 5.76717e-07
1128888348 1128888468 1128888363.6 8.29523e-07 1128888383.6 8.19654e-07 1128888393.5 3.81983e-07 1128888366.4 1.51168e-06 1128888439.7 1.41559e-06 1128888372.5 6.14368e-07
1128889299 1128889419 1128889402.5 9.14587e-07 1128889405.8 1.19806e-06 1128889412.1 4.38676e-07 1128889327.0 1.35229e-06 1128889405.0 1.47329e-06 1128889411.2 7.77824e-07
1128891496 1128891616 1128891581.5 9.55757e-07 1128891540.5 1.63936e-06 1128891520.4 4.92263e-07 1128891502.3 1.49726e-06 1128891583.4 1.25944e-06 1128891519.6 7.29794e-07
1128894232 1128894352 1128894279.3 7.60653e-07 1128894262.5 1.10723e-06 1128894275.9 5.27372e-07 1128894350.0 1.57927e-06 1128894261.6 1.84670e-06 1128894274.9 7.20805e-07
1128895753 1128895873 -1.0 -1.00000e+00 -1.0 -1.00000e+00 -1.0 -1.00000e+00 -1.0 -1.00000e+00 -1.0 -1.00000e+00 -1.0 -1.00000e+00
1128898439 1128898559 -1.0 -1.00000e+00 -1.0 -1.00000e+00 -1.0 -1.00000e+00 -1.0 -1.00000e+00 -1.0 -1.00000e+00 -1.0 -1.00000e+00
1128904693 1128904813 -1.0 -1.00000e+00 -1.0 -1.00000e+00 -1.0 -1.00000e+00 -1.0 -1.00000e+00 -1.0 -1.00000e+00 -1.0 -1.00000e+00
1128913408 1128913528 -1.0 -1.00000e+00 -1.0 -1.00000e+00 -1.0 -1.00000e+00 -1.0 -1.00000e+00 -1.0 -1.00000e+00 -1.0 -1.00000e+00
1128922907 1128923027 -1.0 -1.00000e+00 -1.0 -1.00000e+00 -1.0 -1.00000e+00 -1.0 -1.00000e+00 -1.0 -1.00000e+00 -1.0 -1.00000e+00
1128926645 1128926765 -1.0 -1.00000e+00 -1.0 -1.00000e+00 -1.0 -1.00000e+00 -1.0 -1.00000e+00 -1.0 -1.00000e+00 -1.0 -1.00000e+00
1128933602 1128933722 -1.0 -1.00000e+00 -1.0 -1.00000e+00 -1.0 -1.00000e+00 -1.0 -1.00000e+00 -1.0 -1.00000e+00 -1.0 -1.00000e+00
1128938865 1128938985 -1.0 -1.00000e+00 -1.0 -1.00000e+00 -1.0 -1.00000e+00 -1.0 -1.00000e+00 -1.0 -1.00000e+00 -1.0 -1.00000e+00
1128939962 1128940082 -1.0 -1.00000e+00 -1.0 -1.00000e+00 -1.0 -1.00000e+00 -1.0 -1.00000e+00 -1.0 -1.00000e+00 -1.0 -1.00000e+00
1128947342 1128947462 -1.0 -1.00000e+00 -1.0 -1.00000e+00 -1.0 -1.00000e+00 -1.0 -1.00000e+00 -1.0 -1.00000e+00 -1.0 -1.00000e+00
1128956762 1128956882 -1.0 -1.00000e+00 -1.0 -1.00000e+00 -1.0 -1.00000e+00 -1.0 -1.00000e+00 -1.0 -1.00000e+00 -1.0 -1.00000e+00
1128987304 1128987424 -1.0 -1.00000e+00 -1.0 -1.00000e+00 -1.0 -1.00000e+00 -1.0 -1.00000e+00 -1.0 -1.00000e+00 -1.0 -1.00000e+00
1129035306 1129035426 -1.0 -1.00000e+00 -1.0 -1.00000e+00 -1.0 -1.00000e+00 -1.0 -1.00000e+00 -1.0 -1.00000e+00 -1.0 -1.00000e+00
1129052569 1129052689 -1.0 -1.00000e+00 -1.0 -1.00000e+00 -1.0 -1.00000e+00 -1.0 -1.00000e+00 -1.0 -1.00000e+00 -1.0 -1.00000e+00
1129061194 1129061314 -1.0 -1.00000e+00 -1.0 -1.00000e+00 -1.0 -1.00000e+00 -1.0 -1.00000e+00 -1.0 -1.00000e+00 -1.0 -1.00000e+00
1129085497 1129085617 -1.0 -1.00000e+00 -1.0 -1.00000e+00 -1.0 -1.00000e+00 -1.0 -1.00000e+00 -1.0 -1.00000e+00 -1.0 -1.00000e+00
1129118909 1129119029 -1.0 -1.00000e+00 -1.0 -1.00000e+00 -1.0 -1.00000e+00 -1.0 -1.00000e+00 -1.0 -1.00000e+00 -1.0 -1.00000e+00
1129218402 1129218522 -1.0 -1.00000e+00 -1.0 -1.00000e+00 -1.0 -1.00000e+00 -1.0 -1.00000e+00 -1.0 -1.00000e+00 -1.0 -1.00000e+00
1129244066 1129244186 -1.0 -1.00000e+00 -1.0 -1.00000e+00 -1.0 -1.00000e+00 -1.0 -1.00000e+00 -1.0 -1.00000e+00 -1.0 -1.00000e+00
1129257192 1129257312 -1.0 -1.00000e+00 -1.0 -1.00000e+00 -1.0 -1.00000e+00 -1.0 -1.00000e+00 -1.0 -1.00000e+00 -1.0 -1.00000e+00
1129294658 1129294778 -1.0 -1.00000e+00 -1.0 -1.00000e+00 -1.0 -1.00000e+00 -1.0 -1.00000e+00 -1.0 -1.00000e+00 -1.0 -1.00000e+00
1129299658 1129299778 -1.0 -1.00000e+00 -1.0 -1.00000e+00 -1.0 -1.00000e+00 -1.0 -1.00000e+00 -1.0 -1.00000e+00 -1.0 -1.00000e+00
1129301283 1129301403 -1.0 -1.00000e+00 -1.0 -1.00000e+00 -1.0 -1.00000e+00 -1.0 -1.00000e+00 -1.0 -1.00000e+00 -1.0 -1.00000e+00
1129304339 1129304459 -1.0 -1.00000e+00 -1.0 -1.00000e+00 -1.0 -1.00000e+00 -1.0 -1.00000e+00 -1.0 -1.00000e+00 -1.0 -1.00000e+00
1129312860 1129312980 -1.0 -1.00000e+00 -1.0 -1.00000e+00 -1.0 -1.00000e+00 -1.0 -1.00000e+00 -1.0 -1.00000e+00 -1.0 -1.00000e+00
1129334409 1129334529 -1.0 -1.00000e+00 -1.0 -1.00000e+00 -1.0 -1.00000e+00 -1.0 -1.00000e+00 -1.0 -1.00000e+00 -1.0 -1.00000e+00
1129341488 1129341608 -1.0 -1.00000e+00 -1.0 -1.00000e+00 -1.0 -1.00000e+00 -1.0 -1.00000e+00 -1.0 -1.00000e+00 -1.0 -1.00000e+00
1129342958 1129343078 -1.0 -1.00000e+00 -1.0 -1.00000e+00 -1.0 -1.00000e+00 -1.0 -1.00000e+00 -1.0 -1.00000e+00 -1.0 -1.00000e+00
1129364834 1129364954 -1.0 -1.00000e+00 -1.0 -1.00000e+00 -1.0 -1.00000e+00 -1.0 -1.00000e+00 -1.0 -1.00000e+00 -1.0 -1.00000e+00
1129370094 1129370214 -1.0 -1.00000e+00 -1.0 -1.00000e+00 -1.0 -1.00000e+00 -1.0 -1.00000e+00 -1.0 -1.00000e+00 -1.0 -1.00000e+00
1129381353 1129381473 -1.0 -1.00000e+00 -1.0 -1.00000e+00 -1.0 -1.00000e+00 -1.0 -1.00000e+00 -1.0 -1.00000e+00 -1.0 -1.00000e+00
1129463721 1129463841 -1.0 -1.00000e+00 -1.0 -1.00000e+00 -1.0 -1.00000e+00 -1.0 -1.00000e+00 -1.0 -1.00000e+00 -1.0 -1.00000e+00
1129467177 1129467297 -1.0 -1.00000e+00 -1.0 -1.00000e+00 -1.0 -1.00000e+00 -1.0 -1.00000e+00 -1.0 -1.00000e+00 -1.0 -1.00000e+00
1129476348 1129476468 -1.0 -1.00000e+00 -1.0 -1.00000e+00 -1.0 -1.00000e+00 -1.0 -1.00000e+00 -1.0 -1.00000e+00 -1.0 -1.00000e+00
1129486681 1129486801 -1.0 -1.00000e+00 -1.0 -1.00000e+00 -1.0 -1.00000e+00 -1.0 -1.00000e+00 -1.0 -1.00000e+00 -1.0 -1.00000e+00
1129489089 1129489209 -1.0 -1.00000e+00 -1.0 -1.00000e+00 -1.0 -1.00000e+00 -1.0 -1.00000e+00 -1.0 -1.00000e+00 -1.0 -1.00000e+00
1129491317 1129491437 -1.0 -1.00000e+00 -1.0 -1.00000e+00 -1.0 -1.00000e+00 -1.0 -1.00000e+00 -1.0 -1.00000e+00 -1.0 -1.00000e+00
1129491560 1129491680 -1.0 -1.00000e+00 -1.0 -1.00000e+00 -1.0 -1.00000e+00 -1.0 -1.00000e+00 -1.0 -1.00000e+00 -1.0 -1.00000e+00
1129494099 1129494219 -1.0 -1.00000e+00 -1.0 -1.00000e+00 -1.0 -1.00000e+00 -1.0 -1.00000e+00 -1.0 -1.00000e+00 -1.0 -1.00000e+00
1129497582 1129497702 -1.0 -1.00000e+00 -1.0 -1.00000e+00 -1.0 -1.00000e+00 -1.0 -1.00000e+00 -1.0 -1.00000e+00 -1.0 -1.00000e+00
1129498697 1129498817 -1.0 -1.00000e+00 -1.0 -1.00000e+00 -1.0 -1.00000e+00 -1.0 -1.00000e+00 -1.0 -1.00000e+00 -1.0 -1.00000e+00
1129503878 1129503998 -1.0 -1.00000e+00 -1.0 -1.00000e+00 -1.0 -1.00000e+00 -1.0 -1.00000e+00 -1.0 -1.00000e+00 -1.0 -1.00000e+00
1129508080 1129508200 -1.0 -1.00000e+00 -1.0 -1.00000e+00 -1.0 -1.00000e+00 -1.0 -1.00000e+00 -1.0 -1.00000e+00 -1.0 -1.00000e+00
1129508837 1129508957 -1.0 -1.00000e+00 -1.0 -1.00000e+00 -1.0 -1.00000e+00 -1.0 -1.00000e+00 -1.0 -1.00000e+00 -1.0 -1.00000e+00
1129511312 1129511432 -1.0 -1.00000e+00 -1.0 -1.00000e+00 -1.0 -1.00000e+00 -1.0 -1.00000e+00 -1.0 -1.00000e+00 -1.0 -1.00000e+00
1129566002 1129566122 -1.0 -1.00000e+00 -1.0 -1.00000e+00 -1.0 -1.00000e+00 -1.0 -1.00000e+00 -1.0 -1.00000e+00 -1.0 -1.00000e+00
1129580112 1129580232 -1.0 -1.00000e+00 -1.0 -1.00000e+00 -1.0 -1.00000e+00 -1.0 -1.00000e+00 -1.0 -1.00000e+00 -1.0 -1.00000e+00
1129608286 1129608406 -1.0 -1.00000e+00 -1.0 -1.00000e+00 -1.0 -1.00000e+00 -1.0 -1.00000e+00 -1.0 -1.00000e+00 -1.0 -1.00000e+00
1129637793 1129637913 -1.0 -1.00000e+00 -1.0 -1.00000e+00 -1.0 -1.00000e+00 -1.0 -1.00000e+00 -1.0 -1.00000e+00 -1.0 -1.00000e+00
1129648487 1129648607 -1.0 -1.00000e+00 -1.0 -1.00000e+00 -1.0 -1.00000e+00 -1.0 -1.00000e+00 -1.0 -1.00000e+00 -1.0 -1.00000e+00
1129661796 1129661916 -1.0 -1.00000e+00 -1.0 -1.00000e+00 -1.0 -1.00000e+00 -1.0 -1.00000e+00 -1.0 -1.00000e+00 -1.0 -1.00000e+00
1129672743 1129672863 -1.0 -1.00000e+00 -1.0 -1.00000e+00 -1.0 -1.00000e+00 -1.0 -1.00000e+00 -1.0 -1.00000e+00 -1.0 -1.00000e+00
1129676915 1129677035 -1.0 -1.00000e+00 -1.0 -1.00000e+00 -1.0 -1.00000e+00 -1.0 -1.00000e+00 -1.0 -1.00000e+00 -1.0 -1.00000e+00
1129681487 1129681607 -1.0 -1.00000e+00 -1.0 -1.00000e+00 -1.0 -1.00000e+00 -1.0 -1.00000e+00 -1.0 -1.00000e+00 -1.0 -1.00000e+00
1129688735 1129688855 -1.0 -1.00000e+00 -1.0 -1.00000e+00 -1.0 -1.00000e+00 -1.0 -1.00000e+00 -1.0 -1.00000e+00 -1.0 -1.00000e+00
1129701463 1129701583 -1.0 -1.00000e+00 -1.0 -1.00000e+00 -1.0 -1.00000e+00 -1.0 -1.00000e+00 -1.0 -1.00000e+00 -1.0 -1.00000e+00
1129702670 1129702790 -1.0 -1.00000e+00 -1.0 -1.00000e+00 -1.0 -1.00000e+00 -1.0 -1.00000e+00 -1.0 -1.00000e+00 -1.0 -1.00000e+00
1129713036 1129713156 -1.0 -1.00000e+00 -1.0 -1.00000e+00 -1.0 -1.00000e+00 -1.0 -1.00000e+00 -1.0 -1.00000e+00 -1.0 -1.00000e+00
1129716657 1129716777 -1.0 -1.00000e+00 -1.0 -1.00000e+00 -1.0 -1.00000e+00 -1.0 -1.00000e+00 -1.0 -1.00000e+00 -1.0 -1.00000e+00
1129736317 1129736437 -1.0 -1.00000e+00 -1.0 -1.00000e+00 -1.0 -1.00000e+00 -1.0 -1.00000e+00 -1.0 -1.00000e+00 -1.0 -1.00000e+00
1129743238 1129743358 -1.0 -1.00000e+00 -1.0 -1.00000e+00 -1.0 -1.00000e+00 -1.0 -1.00000e+00 -1.0 -1.00000e+00 -1.0 -1.00000e+00
1129745300 1129745420 -1.0 -1.00000e+00 -1.0 -1.00000e+00 -1.0 -1.00000e+00 -1.0 -1.00000e+00 -1.0 -1.00000e+00 -1.0 -1.00000e+00
1129752719 1129752839 -1.0 -1.00000e+00 -1.0 -1.00000e+00 -1.0 -1.00000e+00 -1.0 -1.00000e+00 -1.0 -1.00000e+00 -1.0 -1.00000e+00
1129756445 1129756565 -1.0 -1.00000e+00 -1.0 -1.00000e+00 -1.0 -1.00000e+00 -1.0 -1.00000e+00 -1.0 -1.00000e+00 -1.0 -1.00000e+00
1129760517 1129760637 -1.0 -1.00000e+00 -1.0 -1.00000e+00 -1.0 -1.00000e+00 -1.0 -1.00000e+00 -1.0 -1.00000e+00 -1.0 -1.00000e+00
1129772987 1129773107 -1.0 -1.00000e+00 -1.0 -1.00000e+00 -1.0 -1.00000e+00 -1.0 -1.00000e+00 -1.0 -1.00000e+00 -1.0 -1.00000e+00
1129776701 1129776821 -1.0 -1.00000e+00 -1.0 -1.00000e+00 -1.0 -1.00000e+00 -1.0 -1.00000e+00 -1.0 -1.00000e+00 -1.0 -1.00000e+00
1129780107 1129780227 -1.0 -1.00000e+00 -1.0 -1.00000e+00 -1.0 -1.00000e+00 -1.0 -1.00000e+00 -1.0 -1.00000e+00 -1.0 -1.00000e+00
1129801158 1129801278 -1.0 -1.00000e+00 -1.0 -1.00000e+00 -1.0 -1.00000e+00 -1.0 -1.00000e+00 -1.0 -1.00000e+00 -1.0 -1.00000e+00
1129808626 1129808746 -1.0 -1.00000e+00 -1.0 -1.00000e+00 -1.0 -1.00000e+00 -1.0 -1.00000e+00 -1.0 -1.00000e+00 -1.0 -1.00000e+00
1129811689 1129811809 -1.0 -1.00000e+00 -1.0 -1.00000e+00 -1.0 -1.00000e+00 -1.0 -1.00000e+00 -1.0 -1.00000e+00 -1.0 -1.00000e+00
1129820448 1129820568 -1.0 -1.00000e+00 -1.0 -1.00000e+00 -1.0 -1.00000e+00 -1.0 -1.00000e+00 -1.0 -1.00000e+00 -1.0 -1.00000e+00
1129823975 1129824095 -1.0 -1.00000e+00 -1.0 -1.00000e+00 -1.0 -1.00000e+00 -1.0 -1.00000e+00 -1.0 -1.00000e+00 -1.0 -1.00000e+00
1129830152 1129830272 -1.0 -1.00000e+00 -1.0 -1.00000e+00 -1.0 -1.00000e+00 -1.0 -1.00000e+00 -1.0 -1.00000e+00 -1.0 -1.00000e+00
1129835813 1129835933 -1.0 -1.00000e+00 -1.0 -1.00000e+00 -1.0 -1.00000e+00 -1.0 -1.00000e+00 -1.0 -1.00000e+00 -1.0 -1.00000e+00
1129986260 1129986380 -1.0 -1.00000e+00 -1.0 -1.00000e+00 -1.0 -1.00000e+00 -1.0 -1.00000e+00 -1.0 -1.00000e+00 -1.0 -1.00000e+00
1130005095 1130005215 -1.0 -1.00000e+00 -1.0 -1.00000e+00 -1.0 -1.00000e+00 -1.0 -1.00000e+00 -1.0 -1.00000e+00 -1.0 -1.00000e+00
1130005231 1130005351 -1.0 -1.00000e+00 -1.0 -1.00000e+00 -1.0 -1.00000e+00 -1.0 -1.00000e+00 -1.0 -1.00000e+00 -1.0 -1.00000e+00
1130006568 1130006688 -1.0 -1.00000e+00 -1.0 -1.00000e+00 -1.0 -1.00000e+00 -1.0 -1.00000e+00 -1.0 -1.00000e+00 -1.0 -1.00000e+00
1130008343 1130008463 -1.0 -1.00000e+00 -1.0 -1.00000e+00 -1.0 -1.00000e+00 -1.0 -1.00000e+00 -1.0 -1.00000e+00 -1.0 -1.00000e+00
1130024364 1130024484 -1.0 -1.00000e+00 -1.0 -1.00000e+00 -1.0 -1.00000e+00 -1.0 -1.00000e+00 -1.0 -1.00000e+00 -1.0 -1.00000e+00
1130066749 1130066869 -1.0 -1.00000e+00 -1.0 -1.00000e+00 -1.0 -1.00000e+00 -1.0 -1.00000e+00 -1.0 -1.00000e+00 -1.0 -1.00000e+00
1130067826 1130067946 -1.0 -1.00000e+00 -1.0 -1.00000e+00 -1.0 -1.00000e+00 -1.0 -1.00000e+00 -1.0 -1.00000e+00 -1.0 -1.00000e+00
1130085154 1130085274 -1.0 -1.00000e+00 -1.0 -1.00000e+00 -1.0 -1.00000e+00 -1.0 -1.00000e+00 -1.0 -1.00000e+00 -1.0 -1.00000e+00
1130085378 1130085498 -1.0 -1.00000e+00 -1.0 -1.00000e+00 -1.0 -1.00000e+00 -1.0 -1.00000e+00 -1.0 -1.00000e+00 -1.0 -1.00000e+00
1130089599 1130089719 -1.0 -1.00000e+00 -1.0 -1.00000e+00 -1.0 -1.00000e+00 -1.0 -1.00000e+00 -1.0 -1.00000e+00 -1.0 -1.00000e+00
1130098584 1130098704 -1.0 -1.00000e+00 -1.0 -1.00000e+00 -1.0 -1.00000e+00 -1.0 -1.00000e+00 -1.0 -1.00000e+00 -1.0 -1.00000e+00
1130099226 1130099346 -1.0 -1.00000e+00 -1.0 -1.00000e+00 -1.0 -1.00000e+00 -1.0 -1.00000e+00 -1.0 -1.00000e+00 -1.0 -1.00000e+00
1130099277 1130099397 -1.0 -1.00000e+00 -1.0 -1.00000e+00 -1.0 -1.00000e+00 -1.0 -1.00000e+00 -1.0 -1.00000e+00 -1.0 -1.00000e+00
1130099356 1130099476 -1.0 -1.00000e+00 -1.0 -1.00000e+00 -1.0 -1.00000e+00 -1.0 -1.00000e+00 -1.0 -1.00000e+00 -1.0 -1.00000e+00
1130099434 1130099554 -1.0 -1.00000e+00 -1.0 -1.00000e+00 -1.0 -1.00000e+00 -1.0 -1.00000e+00 -1.0 -1.00000e+00 -1.0 -1.00000e+00
1130099566 1130099686 -1.0 -1.00000e+00 -1.0 -1.00000e+00 -1.0 -1.00000e+00 -1.0 -1.00000e+00 -1.0 -1.00000e+00 -1.0 -1.00000e+00
1130103446 1130103566 -1.0 -1.00000e+00 -1.0 -1.00000e+00 -1.0 -1.00000e+00 -1.0 -1.00000e+00 -1.0 -1.00000e+00 -1.0 -1.00000e+00
1130113891 1130114011 -1.0 -1.00000e+00 -1.0 -1.00000e+00 -1.0 -1.00000e+00 -1.0 -1.00000e+00 -1.0 -1.00000e+00 -1.0 -1.00000e+00
1130113901 1130114021 -1.0 -1.00000e+00 -1.0 -1.00000e+00 -1.0 -1.00000e+00 -1.0 -1.00000e+00 -1.0 -1.00000e+00 -1.0 -1.00000e+00
1130114037 1130114157 -1.0 -1.00000e+00 -1.0 -1.00000e+00 -1.0 -1.00000e+00 -1.0 -1.00000e+00 -1.0 -1.00000e+00 -1.0 -1.00000e+00
1130114046 1130114166 -1.0 -1.00000e+00 -1.0 -1.00000e+00 -1.0 -1.00000e+00 -1.0 -1.00000e+00 -1.0 -1.00000e+00 -1.0 -1.00000e+00
1130114151 1130114271 -1.0 -1.00000e+00 -1.0 -1.00000e+00 -1.0 -1.00000e+00 -1.0 -1.00000e+00 -1.0 -1.00000e+00 -1.0 -1.00000e+00
1130117308 1130117428 -1.0 -1.00000e+00 -1.0 -1.00000e+00 -1.0 -1.00000e+00 -1.0 -1.00000e+00 -1.0 -1.00000e+00 -1.0 -1.00000e+00
1130127165 1130127285 -1.0 -1.00000e+00 -1.0 -1.00000e+00 -1.0 -1.00000e+00 -1.0 -1.00000e+00 -1.0 -1.00000e+00 -1.0 -1.00000e+00
1130302648 1130302768 -1.0 -1.00000e+00 -1.0 -1.00000e+00 -1.0 -1.00000e+00 -1.0 -1.00000e+00 -1.0 -1.00000e+00 -1.0 -1.00000e+00
1130313768 1130313888 -1.0 -1.00000e+00 -1.0 -1.00000e+00 -1.0 -1.00000e+00 -1.0 -1.00000e+00 -1.0 -1.00000e+00 -1.0 -1.00000e+00
1130331137 1130331257 -1.0 -1.00000e+00 -1.0 -1.00000e+00 -1.0 -1.00000e+00 -1.0 -1.00000e+00 -1.0 -1.00000e+00 -1.0 -1.00000e+00
1130331750 1130331870 -1.0 -1.00000e+00 -1.0 -1.00000e+00 -1.0 -1.00000e+00 -1.0 -1.00000e+00 -1.0 -1.00000e+00 -1.0 -1.00000e+00
1130337608 1130337728 -1.0 -1.00000e+00 -1.0 -1.00000e+00 -1.0 -1.00000e+00 -1.0 -1.00000e+00 -1.0 -1.00000e+00 -1.0 -1.00000e+00
1130348580 1130348700 -1.0 -1.00000e+00 -1.0 -1.00000e+00 -1.0 -1.00000e+00 -1.0 -1.00000e+00 -1.0 -1.00000e+00 -1.0 -1.00000e+00
1130355125 1130355245 -1.0 -1.00000e+00 -1.0 -1.00000e+00 -1.0 -1.00000e+00 -1.0 -1.00000e+00 -1.0 -1.00000e+00 -1.0 -1.00000e+00
1130364282 1130364402 -1.0 -1.00000e+00 -1.0 -1.00000e+00 -1.0 -1.00000e+00 -1.0 -1.00000e+00 -1.0 -1.00000e+00 -1.0 -1.00000e+00
1130387440 1130387560 -1.0 -1.00000e+00 -1.0 -1.00000e+00 -1.0 -1.00000e+00 -1.0 -1.00000e+00 -1.0 -1.00000e+00 -1.0 -1.00000e+00
1130387806 1130387926 -1.0 -1.00000e+00 -1.0 -1.00000e+00 -1.0 -1.00000e+00 -1.0 -1.00000e+00 -1.0 -1.00000e+00 -1.0 -1.00000e+00
1130407005 1130407125 -1.0 -1.00000e+00 -1.0 -1.00000e+00 -1.0 -1.00000e+00 -1.0 -1.00000e+00 -1.0 -1.00000e+00 -1.0 -1.00000e+00
1130430837 1130430957 -1.0 -1.00000e+00 -1.0 -1.00000e+00 -1.0 -1.00000e+00 -1.0 -1.00000e+00 -1.0 -1.00000e+00 -1.0 -1.00000e+00
1130434387 1130434507 -1.0 -1.00000e+00 -1.0 -1.00000e+00 -1.0 -1.00000e+00 -1.0 -1.00000e+00 -1.0 -1.00000e+00 -1.0 -1.00000e+00
1130441672 1130441792 -1.0 -1.00000e+00 -1.0 -1.00000e+00 -1.0 -1.00000e+00 -1.0 -1.00000e+00 -1.0 -1.00000e+00 -1.0 -1.00000e+00
1130444617 1130444737 -1.0 -1.00000e+00 -1.0 -1.00000e+00 -1.0 -1.00000e+00 -1.0 -1.00000e+00 -1.0 -1.00000e+00 -1.0 -1.00000e+00
1130447529 1130447649 -1.0 -1.00000e+00 -1.0 -1.00000e+00 -1.0 -1.00000e+00 -1.0 -1.00000e+00 -1.0 -1.00000e+00 -1.0 -1.00000e+00
1130458896 1130459016 -1.0 -1.00000e+00 -1.0 -1.00000e+00 -1.0 -1.00000e+00 -1.0 -1.00000e+00 -1.0 -1.00000e+00 -1.0 -1.00000e+00
1130474426 1130474546 -1.0 -1.00000e+00 -1.0 -1.00000e+00 -1.0 -1.00000e+00 -1.0 -1.00000e+00 -1.0 -1.00000e+00 -1.0 -1.00000e+00
1130474549 1130474669 -1.0 -1.00000e+00 -1.0 -1.00000e+00 -1.0 -1.00000e+00 -1.0 -1.00000e+00 -1.0 -1.00000e+00 -1.0 -1.00000e+00
1130474750 1130474870 -1.0 -1.00000e+00 -1.0 -1.00000e+00 -1.0 -1.00000e+00 -1.0 -1.00000e+00 -1.0 -1.00000e+00 -1.0 -1.00000e+00
1130489258 1130489378 -1.0 -1.00000e+00 -1.0 -1.00000e+00 -1.0 -1.00000e+00 -1.0 -1.00000e+00 -1.0 -1.00000e+00 -1.0 -1.00000e+00
1130496197 1130496317 -1.0 -1.00000e+00 -1.0 -1.00000e+00 -1.0 -1.00000e+00 -1.0 -1.00000e+00 -1.0 -1.00000e+00 -1.0 -1.00000e+00
1130496285 1130496405 -1.0 -1.00000e+00 -1.0 -1.00000e+00 -1.0 -1.00000e+00 -1.0 -1.00000e+00 -1.0 -1.00000e+00 -1.0 -1.00000e+00
1130545168 1130545288 -1.0 -1.00000e+00 -1.0 -1.00000e+00 -1.0 -1.00000e+00 -1.0 -1.00000e+00 -1.0 -1.00000e+00 -1.0 -1.00000e+00
1130594921 1130595041 -1.0 -1.00000e+00 -1.0 -1.00000e+00 -1.0 -1.00000e+00 -1.0 -1.00000e+00 -1.0 -1.00000e+00 -1.0 -1.00000e+00
1130615692 1130615812 -1.0 -1.00000e+00 -1.0 -1.00000e+00 -1.0 -1.00000e+00 -1.0 -1.00000e+00 -1.0 -1.00000e+00 -1.0 -1.00000e+00
1130616536 1130616656 -1.0 -1.00000e+00 -1.0 -1.00000e+00 -1.0 -1.00000e+00 -1.0 -1.00000e+00 -1.0 -1.00000e+00 -1.0 -1.00000e+00
1130616855 1130616975 -1.0 -1.00000e+00 -1.0 -1.00000e+00 -1.0 -1.00000e+00 -1.0 -1.00000e+00 -1.0 -1.00000e+00 -1.0 -1.00000e+00
1130617509 1130617629 -1.0 -1.00000e+00 -1.0 -1.00000e+00 -1.0 -1.00000e+00 -1.0 -1.00000e+00 -1.0 -1.00000e+00 -1.0 -1.00000e+00
1130620892 1130621012 -1.0 -1.00000e+00 -1.0 -1.00000e+00 -1.0 -1.00000e+00 -1.0 -1.00000e+00 -1.0 -1.00000e+00 -1.0 -1.00000e+00
1130625732 1130625852 -1.0 -1.00000e+00 -1.0 -1.00000e+00 -1.0 -1.00000e+00 -1.0 -1.00000e+00 -1.0 -1.00000e+00 -1.0 -1.00000e+00
1130645931 1130646051 -1.0 -1.00000e+00 -1.0 -1.00000e+00 -1.0 -1.00000e+00 -1.0 -1.00000e+00 -1.0 -1.00000e+00 -1.0 -1.00000e+00
1130699453 1130699573 -1.0 -1.00000e+00 -1.0 -1.00000e+00 -1.0 -1.00000e+00 -1.0 -1.00000e+00 -1.0 -1.00000e+00 -1.0 -1.00000e+00
1130701012 1130701132 -1.0 -1.00000e+00 -1.0 -1.00000e+00 -1.0 -1.00000e+00 -1.0 -1.00000e+00 -1.0 -1.00000e+00 -1.0 -1.00000e+00
1130719296 1130719416 -1.0 -1.00000e+00 -1.0 -1.00000e+00 -1.0 -1.00000e+00 -1.0 -1.00000e+00 -1.0 -1.00000e+00 -1.0 -1.00000e+00
1130722954 1130723074 -1.0 -1.00000e+00 -1.0 -1.00000e+00 -1.0 -1.00000e+00 -1.0 -1.00000e+00 -1.0 -1.00000e+00 -1.0 -1.00000e+00
1130723325 1130723445 -1.0 -1.00000e+00 -1.0 -1.00000e+00 -1.0 -1.00000e+00 -1.0 -1.00000e+00 -1.0 -1.00000e+00 -1.0 -1.00000e+00
1130760924 1130761044 -1.0 -1.00000e+00 -1.0 -1.00000e+00 -1.0 -1.00000e+00 -1.0 -1.00000e+00 -1.0 -1.00000e+00 -1.0 -1.00000e+00
1130864384 1130864504 -1.0 -1.00000e+00 -1.0 -1.00000e+00 -1.0 -1.00000e+00 -1.0 -1.00000e+00 -1.0 -1.00000e+00 -1.0 -1.00000e+00
1130889612 1130889732 -1.0 -1.00000e+00 -1.0 -1.00000e+00 -1.0 -1.00000e+00 -1.0 -1.00000e+00 -1.0 -1.00000e+00 -1.0 -1.00000e+00
1130916187 1130916307 -1.0 -1.00000e+00 -1.0 -1.00000e+00 -1.0 -1.00000e+00 -1.0 -1.00000e+00 -1.0 -1.00000e+00 -1.0 -1.00000e+00
1130929222 1130929342 -1.0 -1.00000e+00 -1.0 -1.00000e+00 -1.0 -1.00000e+00 -1.0 -1.00000e+00 -1.0 -1.00000e+00 -1.0 -1.00000e+00
1130929399 1130929519 -1.0 -1.00000e+00 -1.0 -1.00000e+00 -1.0 -1.00000e+00 -1.0 -1.00000e+00 -1.0 -1.00000e+00 -1.0 -1.00000e+00
1130930258 1130930378 -1.0 -1.00000e+00 -1.0 -1.00000e+00 -1.0 -1.00000e+00 -1.0 -1.00000e+00 -1.0 -1.00000e+00 -1.0 -1.00000e+00
1130932581 1130932701 -1.0 -1.00000e+00 -1.0 -1.00000e+00 -1.0 -1.00000e+00 -1.0 -1.00000e+00 -1.0 -1.00000e+00 -1.0 -1.00000e+00
1130935338 1130935458 -1.0 -1.00000e+00 -1.0 -1.00000e+00 -1.0 -1.00000e+00 -1.0 -1.00000e+00 -1.0 -1.00000e+00 -1.0 -1.00000e+00
1130943557 1130943677 -1.0 -1.00000e+00 -1.0 -1.00000e+00 -1.0 -1.00000e+00 -1.0 -1.00000e+00 -1.0 -1.00000e+00 -1.0 -1.00000e+00
1130945129 1130945249 -1.0 -1.00000e+00 -1.0 -1.00000e+00 -1.0 -1.00000e+00 -1.0 -1.00000e+00 -1.0 -1.00000e+00 -1.0 -1.00000e+00
1130945552 1130945672 -1.0 -1.00000e+00 -1.0 -1.00000e+00 -1.0 -1.00000e+00 -1.0 -1.00000e+00 -1.0 -1.00000e+00 -1.0 -1.00000e+00
1130967763 1130967883 -1.0 -1.00000e+00 -1.0 -1.00000e+00 -1.0 -1.00000e+00 -1.0 -1.00000e+00 -1.0 -1.00000e+00 -1.0 -1.00000e+00
1130973703 1130973823 -1.0 -1.00000e+00 -1.0 -1.00000e+00 -1.0 -1.00000e+00 -1.0 -1.00000e+00 -1.0 -1.00000e+00 -1.0 -1.00000e+00
1131120822 1131120942 -1.0 -1.00000e+00 -1.0 -1.00000e+00 -1.0 -1.00000e+00 -1.0 -1.00000e+00 -1.0 -1.00000e+00 -1.0 -1.00000e+00
1131145814 1131145934 -1.0 -1.00000e+00 -1.0 -1.00000e+00 -1.0 -1.00000e+00 -1.0 -1.00000e+00 -1.0 -1.00000e+00 -1.0 -1.00000e+00
1131148151 1131148271 -1.0 -1.00000e+00 -1.0 -1.00000e+00 -1.0 -1.00000e+00 -1.0 -1.00000e+00 -1.0 -1.00000e+00 -1.0 -1.00000e+00
1131165930 1131166050 -1.0 -1.00000e+00 -1.0 -1.00000e+00 -1.0 -1.00000e+00 -1.0 -1.00000e+00 -1.0 -1.00000e+00 -1.0 -1.00000e+00
1131190658 1131190778 -1.0 -1.00000e+00 -1.0 -1.00000e+00 -1.0 -1.00000e+00 -1.0 -1.00000e+00 -1.0 -1.00000e+00 -1.0 -1.00000e+00
1131190825 1131190945 -1.0 -1.00000e+00 -1.0 -1.00000e+00 -1.0 -1.00000e+00 -1.0 -1.00000e+00 -1.0 -1.00000e+00 -1.0 -1.00000e+00
1131193654 1131193774 -1.0 -1.00000e+00 -1.0 -1.00000e+00 -1.0 -1.00000e+00 -1.0 -1.00000e+00 -1.0 -1.00000e+00 -1.0 -1.00000e+00
1131226679 1131226799 -1.0 -1.00000e+00 -1.0 -1.00000e+00 -1.0 -1.00000e+00 -1.0 -1.00000e+00 -1.0 -1.00000e+00 -1.0 -1.00000e+00
1131226851 1131226971 -1.0 -1.00000e+00 -1.0 -1.00000e+00 -1.0 -1.00000e+00 -1.0 -1.00000e+00 -1.0 -1.00000e+00 -1.0 -1.00000e+00
1131227748 1131227868 -1.0 -1.00000e+00 -1.0 -1.00000e+00 -1.0 -1.00000e+00 -1.0 -1.00000e+00 -1.0 -1.00000e+00 -1.0 -1.00000e+00
1131242678 1131242798 -1.0 -1.00000e+00 -1.0 -1.00000e+00 -1.0 -1.00000e+00 -1.0 -1.00000e+00 -1.0 -1.00000e+00 -1.0 -1.00000e+00
1131276412 1131276532 -1.0 -1.00000e+00 -1.0 -1.00000e+00 -1.0 -1.00000e+00 -1.0 -1.00000e+00 -1.0 -1.00000e+00 -1.0 -1.00000e+00
1131280012 1131280132 -1.0 -1.00000e+00 -1.0 -1.00000e+00 -1.0 -1.00000e+00 -1.0 -1.00000e+00 -1.0 -1.00000e+00 -1.0 -1.00000e+00
1131282747 1131282867 -1.0 -1.00000e+00 -1.0 -1.00000e+00 -1.0 -1.00000e+00 -1.0 -1.00000e+00 -1.0 -1.00000e+00 -1.0 -1.00000e+00
1131283043 1131283163 -1.0 -1.00000e+00 -1.0 -1.00000e+00 -1.0 -1.00000e+00 -1.0 -1.00000e+00 -1.0 -1.00000e+00 -1.0 -1.00000e+00
1131298662 1131298782 -1.0 -1.00000e+00 -1.0 -1.00000e+00 -1.0 -1.00000e+00 -1.0 -1.00000e+00 -1.0 -1.00000e+00 -1.0 -1.00000e+00
1131299147 1131299267 -1.0 -1.00000e+00 -1.0 -1.00000e+00 -1.0 -1.00000e+00 -1.0 -1.00000e+00 -1.0 -1.00000e+00 -1.0 -1.00000e+00
1131334691 1131334811 -1.0 -1.00000e+00 -1.0 -1.00000e+00 -1.0 -1.00000e+00 -1.0 -1.00000e+00 -1.0 -1.00000e+00 -1.0 -1.00000e+00
1131343391 1131343511 -1.0 -1.00000e+00 -1.0 -1.00000e+00 -1.0 -1.00000e+00 -1.0 -1.00000e+00 -1.0 -1.00000e+00 -1.0 -1.00000e+00
1131347365 1131347485 -1.0 -1.00000e+00 -1.0 -1.00000e+00 -1.0 -1.00000e+00 -1.0 -1.00000e+00 -1.0 -1.00000e+00 -1.0 -1.00000e+00
1131363841 1131363961 -1.0 -1.00000e+00 -1.0 -1.00000e+00 -1.0 -1.00000e+00 -1.0 -1.00000e+00 -1.0 -1.00000e+00 -1.0 -1.00000e+00
1131372111 1131372231 -1.0 -1.00000e+00 -1.0 -1.00000e+00 -1.0 -1.00000e+00 -1.0 -1.00000e+00 -1.0 -1.00000e+00 -1.0 -1.00000e+00
1131397285 1131397405 -1.0 -1.00000e+00 -1.0 -1.00000e+00 -1.0 -1.00000e+00 -1.0 -1.00000e+00 -1.0 -1.00000e+00 -1.0 -1.00000e+00
1131405081 1131405201 -1.0 -1.00000e+00 -1.0 -1.00000e+00 -1.0 -1.00000e+00 -1.0 -1.00000e+00 -1.0 -1.00000e+00 -1.0 -1.00000e+00
1131426211 1131426331 -1.0 -1.00000e+00 -1.0 -1.00000e+00 -1.0 -1.00000e+00 -1.0 -1.00000e+00 -1.0 -1.00000e+00 -1.0 -1.00000e+00
1131448321 1131448441 -1.0 -1.00000e+00 -1.0 -1.00000e+00 -1.0 -1.00000e+00 -1.0 -1.00000e+00 -1.0 -1.00000e+00 -1.0 -1.00000e+00
1131454036 1131454156 -1.0 -1.00000e+00 -1.0 -1.00000e+00 -1.0 -1.00000e+00 -1.0 -1.00000e+00 -1.0 -1.00000e+00 -1.0 -1.00000e+00
1131463107 1131463227 -1.0 -1.00000e+00 -1.0 -1.00000e+00 -1.0 -1.00000e+00 -1.0 -1.00000e+00 -1.0 -1.00000e+00 -1.0 -1.00000e+00
1131463261 1131463381 -1.0 -1.00000e+00 -1.0 -1.00000e+00 -1.0 -1.00000e+00 -1.0 -1.00000e+00 -1.0 -1.00000e+00 -1.0 -1.00000e+00
1131465587 1131465707 -1.0 -1.00000e+00 -1.0 -1.00000e+00 -1.0 -1.00000e+00 -1.0 -1.00000e+00 -1.0 -1.00000e+00 -1.0 -1.00000e+00
1131468684 1131468804 -1.0 -1.00000e+00 -1.0 -1.00000e+00 -1.0 -1.00000e+00 -1.0 -1.00000e+00 -1.0 -1.00000e+00 -1.0 -1.00000e+00
1131468786 1131468906 -1.0 -1.00000e+00 -1.0 -1.00000e+00 -1.0 -1.00000e+00 -1.0 -1.00000e+00 -1.0 -1.00000e+00 -1.0 -1.00000e+00
1131475184 1131475304 -1.0 -1.00000e+00 -1.0 -1.00000e+00 -1.0 -1.00000e+00 -1.0 -1.00000e+00 -1.0 -1.00000e+00 -1.0 -1.00000e+00
1131479140 1131479260 -1.0 -1.00000e+00 -1.0 -1.00000e+00 -1.0 -1.00000e+00 -1.0 -1.00000e+00 -1.0 -1.00000e+00 -1.0 -1.00000e+00
1131482476 1131482596 -1.0 -1.00000e+00 -1.0 -1.00000e+00 -1.0 -1.00000e+00 -1.0 -1.00000e+00 -1.0 -1.00000e+00 -1.0 -1.00000e+00
1131482867 1131482987 -1.0 -1.00000e+00 -1.0 -1.00000e+00 -1.0 -1.00000e+00 -1.0 -1.00000e+00 -1.0 -1.00000e+00 -1.0 -1.00000e+00
1131484754 1131484874 -1.0 -1.00000e+00 -1.0 -1.00000e+00 -1.0 -1.00000e+00 -1.0 -1.00000e+00 -1.0 -1.00000e+00 -1.0 -1.00000e+00
1131533695 1131533815 -1.0 -1.00000e+00 -1.0 -1.00000e+00 -1.0 -1.00000e+00 -1.0 -1.00000e+00 -1.0 -1.00000e+00 -1.0 -1.00000e+00
1131541064 1131541184 -1.0 -1.00000e+00 -1.0 -1.00000e+00 -1.0 -1.00000e+00 -1.0 -1.00000e+00 -1.0 -1.00000e+00 -1.0 -1.00000e+00
1131548996 1131549116 -1.0 -1.00000e+00 -1.0 -1.00000e+00 -1.0 -1.00000e+00 -1.0 -1.00000e+00 -1.0 -1.00000e+00 -1.0 -1.00000e+00
1131552788 1131552908 -1.0 -1.00000e+00 -1.0 -1.00000e+00 -1.0 -1.00000e+00 -1.0 -1.00000e+00 -1.0 -1.00000e+00 -1.0 -1.00000e+00
1131553039 1131553159 -1.0 -1.00000e+00 -1.0 -1.00000e+00 -1.0 -1.00000e+00 -1.0 -1.00000e+00 -1.0 -1.00000e+00 -1.0 -1.00000e+00
1131553504 1131553624 -1.0 -1.00000e+00 -1.0 -1.00000e+00 -1.0 -1.00000e+00 -1.0 -1.00000e+00 -1.0 -1.00000e+00 -1.0 -1.00000e+00
1131553637 1131553757 -1.0 -1.00000e+00 -1.0 -1.00000e+00 -1.0 -1.00000e+00 -1.0 -1.00000e+00 -1.0 -1.00000e+00 -1.0 -1.00000e+00
1131559000 1131559120 -1.0 -1.00000e+00 -1.0 -1.00000e+00 -1.0 -1.00000e+00 -1.0 -1.00000e+00 -1.0 -1.00000e+00 -1.0 -1.00000e+00
1131567612 1131567732 -1.0 -1.00000e+00 -1.0 -1.00000e+00 -1.0 -1.00000e+00 -1.0 -1.00000e+00 -1.0 -1.00000e+00 -1.0 -1.00000e+00
1131594708 1131594828 -1.0 -1.00000e+00 -1.0 -1.00000e+00 -1.0 -1.00000e+00 -1.0 -1.00000e+00 -1.0 -1.00000e+00 -1.0 -1.00000e+00
1131595139 1131595259 -1.0 -1.00000e+00 -1.0 -1.00000e+00 -1.0 -1.00000e+00 -1.0 -1.00000e+00 -1.0 -1.00000e+00 -1.0 -1.00000e+00
1131616271 1131616391 -1.0 -1.00000e+00 -1.0 -1.00000e+00 -1.0 -1.00000e+00 -1.0 -1.00000e+00 -1.0 -1.00000e+00 -1.0 -1.00000e+00
1131632429 1131632549 -1.0 -1.00000e+00 -1.0 -1.00000e+00 -1.0 -1.00000e+00 -1.0 -1.00000e+00 -1.0 -1.00000e+00 -1.0 -1.00000e+00
1131633366 1131633486 -1.0 -1.00000e+00 -1.0 -1.00000e+00 -1.0 -1.00000e+00 -1.0 -1.00000e+00 -1.0 -1.00000e+00 -1.0 -1.00000e+00
1131655899 1131656019 -1.0 -1.00000e+00 -1.0 -1.00000e+00 -1.0 -1.00000e+00 -1.0 -1.00000e+00 -1.0 -1.00000e+00 -1.0 -1.00000e+00
1131669936 1131670056 -1.0 -1.00000e+00 -1.0 -1.00000e+00 -1.0 -1.00000e+00 -1.0 -1.00000e+00 -1.0 -1.00000e+00 -1.0 -1.00000e+00
1131717646 1131717766 -1.0 -1.00000e+00 -1.0 -1.00000e+00 -1.0 -1.00000e+00 -1.0 -1.00000e+00 -1.0 -1.00000e+00 -1.0 -1.00000e+00
1131727580 1131727700 -1.0 -1.00000e+00 -1.0 -1.00000e+00 -1.0 -1.00000e+00 -1.0 -1.00000e+00 -1.0 -1.00000e+00 -1.0 -1.00000e+00
1131728999 1131729119 -1.0 -1.00000e+00 -1.0 -1.00000e+00 -1.0 -1.00000e+00 -1.0 -1.00000e+00 -1.0 -1.00000e+00 -1.0 -1.00000e+00
1131734930 1131735050 -1.0 -1.00000e+00 -1.0 -1.00000e+00 -1.0 -1.00000e+00 -1.0 -1.00000e+00 -1.0 -1.00000e+00 -1.0 -1.00000e+00
1131735285 1131735405 -1.0 -1.00000e+00 -1.0 -1.00000e+00 -1.0 -1.00000e+00 -1.0 -1.00000e+00 -1.0 -1.00000e+00 -1.0 -1.00000e+00
1131737189 1131737309 -1.0 -1.00000e+00 -1.0 -1.00000e+00 -1.0 -1.00000e+00 -1.0 -1.00000e+00 -1.0 -1.00000e+00 -1.0 -1.00000e+00
1131739879 1131739999 -1.0 -1.00000e+00 -1.0 -1.00000e+00 -1.0 -1.00000e+00 -1.0 -1.00000e+00 -1.0 -1.00000e+00 -1.0 -1.00000e+00
1131742098 1131742218 -1.0 -1.00000e+00 -1.0 -1.00000e+00 -1.0 -1.00000e+00 -1.0 -1.00000e+00 -1.0 -1.00000e+00 -1.0 -1.00000e+00
1131746863 1131746983 -1.0 -1.00000e+00 -1.0 -1.00000e+00 -1.0 -1.00000e+00 -1.0 -1.00000e+00 -1.0 -1.00000e+00 -1.0 -1.00000e+00
1131772277 1131772397 -1.0 -1.00000e+00 -1.0 -1.00000e+00 -1.0 -1.00000e+00 -1.0 -1.00000e+00 -1.0 -1.00000e+00 -1.0 -1.00000e+00
1131896209 1131896329 -1.0 -1.00000e+00 -1.0 -1.00000e+00 -1.0 -1.00000e+00 -1.0 -1.00000e+00 -1.0 -1.00000e+00 -1.0 -1.00000e+00
1131902652 1131902772 -1.0 -1.00000e+00 -1.0 -1.00000e+00 -1.0 -1.00000e+00 -1.0 -1.00000e+00 -1.0 -1.00000e+00 -1.0 -1.00000e+00
1131907532 1131907652 -1.0 -1.00000e+00 -1.0 -1.00000e+00 -1.0 -1.00000e+00 -1.0 -1.00000e+00 -1.0 -1.00000e+00 -1.0 -1.00000e+00
1131938759 1131938879 -1.0 -1.00000e+00 -1.0 -1.00000e+00 -1.0 -1.00000e+00 -1.0 -1.00000e+00 -1.0 -1.00000e+00 -1.0 -1.00000e+00
1131940055 1131940175 -1.0 -1.00000e+00 -1.0 -1.00000e+00 -1.0 -1.00000e+00 -1.0 -1.00000e+00 -1.0 -1.00000e+00 -1.0 -1.00000e+00
1131940088 1131940208 -1.0 -1.00000e+00 -1.0 -1.00000e+00 -1.0 -1.00000e+00 -1.0 -1.00000e+00 -1.0 -1.00000e+00 -1.0 -1.00000e+00
1131950932 1131951052 -1.0 -1.00000e+00 -1.0 -1.00000e+00 -1.0 -1.00000e+00 -1.0 -1.00000e+00 -1.0 -1.00000e+00 -1.0 -1.00000e+00
1131986446 1131986566 -1.0 -1.00000e+00 -1.0 -1.00000e+00 -1.0 -1.00000e+00 -1.0 -1.00000e+00 -1.0 -1.00000e+00 -1.0 -1.00000e+00
1131996740 1131996860 -1.0 -1.00000e+00 -1.0 -1.00000e+00 -1.0 -1.00000e+00 -1.0 -1.00000e+00 -1.0 -1.00000e+00 -1.0 -1.00000e+00
1131998829 1131998949 -1.0 -1.00000e+00 -1.0 -1.00000e+00 -1.0 -1.00000e+00 -1.0 -1.00000e+00 -1.0 -1.00000e+00 -1.0 -1.00000e+00
1132016611 1132016731 -1.0 -1.00000e+00 -1.0 -1.00000e+00 -1.0 -1.00000e+00 -1.0 -1.00000e+00 -1.0 -1.00000e+00 -1.0 -1.00000e+00
1132026602 1132026722 -1.0 -1.00000e+00 -1.0 -1.00000e+00 -1.0 -1.00000e+00 -1.0 -1.00000e+00 -1.0 -1.00000e+00 -1.0 -1.00000e+00
1132027919 1132028039 -1.0 -1.00000e+00 -1.0 -1.00000e+00 -1.0 -1.00000e+00 -1.0 -1.00000e+00 -1.0 -1.00000e+00 -1.0 -1.00000e+00
1132035832 1132035952 -1.0 -1.00000e+00 -1.0 -1.00000e+00 -1.0 -1.00000e+00 -1.0 -1.00000e+00 -1.0 -1.00000e+00 -1.0 -1.00000e+00
1132043454 1132043574 -1.0 -1.00000e+00 -1.0 -1.00000e+00 -1.0 -1.00000e+00 -1.0 -1.00000e+00 -1.0 -1.00000e+00 -1.0 -1.00000e+00
1132057587 1132057707 -1.0 -1.00000e+00 -1.0 -1.00000e+00 -1.0 -1.00000e+00 -1.0 -1.00000e+00 -1.0 -1.00000e+00 -1.0 -1.00000e+00
1132064622 1132064742 -1.0 -1.00000e+00 -1.0 -1.00000e+00 -1.0 -1.00000e+00 -1.0 -1.00000e+00 -1.0 -1.00000e+00 -1.0 -1.00000e+00
1132080769 1132080889 -1.0 -1.00000e+00 -1.0 -1.00000e+00 -1.0 -1.00000e+00 -1.0 -1.00000e+00 -1.0 -1.00000e+00 -1.0 -1.00000e+00
1132084638 1132084758 -1.0 -1.00000e+00 -1.0 -1.00000e+00 -1.0 -1.00000e+00 -1.0 -1.00000e+00 -1.0 -1.00000e+00 -1.0 -1.00000e+00
1132091277 1132091397 -1.0 -1.00000e+00 -1.0 -1.00000e+00 -1.0 -1.00000e+00 -1.0 -1.00000e+00 -1.0 -1.00000e+00 -1.0 -1.00000e+00
1132119450 1132119570 -1.0 -1.00000e+00 -1.0 -1.00000e+00 -1.0 -1.00000e+00 -1.0 -1.00000e+00 -1.0 -1.00000e+00 -1.0 -1.00000e+00
1132175450 1132175570 -1.0 -1.00000e+00 -1.0 -1.00000e+00 -1.0 -1.00000e+00 -1.0 -1.00000e+00 -1.0 -1.00000e+00 -1.0 -1.00000e+00
1132183965 1132184085 -1.0 -1.00000e+00 -1.0 -1.00000e+00 -1.0 -1.00000e+00 -1.0 -1.00000e+00 -1.0 -1.00000e+00 -1.0 -1.00000e+00
1132223255 1132223375 -1.0 -1.00000e+00 -1.0 -1.00000e+00 -1.0 -1.00000e+00 -1.0 -1.00000e+00 -1.0 -1.00000e+00 -1.0 -1.00000e+00
1132227989 1132228109 -1.0 -1.00000e+00 -1.0 -1.00000e+00 -1.0 -1.00000e+00 -1.0 -1.00000e+00 -1.0 -1.00000e+00 -1.0 -1.00000e+00
1132261446 1132261566 -1.0 -1.00000e+00 -1.0 -1.00000e+00 -1.0 -1.00000e+00 -1.0 -1.00000e+00 -1.0 -1.00000e+00 -1.0 -1.00000e+00
1132266301 1132266421 -1.0 -1.00000e+00 -1.0 -1.00000e+00 -1.0 -1.00000e+00 -1.0 -1.00000e+00 -1.0 -1.00000e+00 -1.0 -1.00000e+00
1132273045 1132273165 -1.0 -1.00000e+00 -1.0 -1.00000e+00 -1.0 -1.00000e+00 -1.0 -1.00000e+00 -1.0 -1.00000e+00 -1.0 -1.00000e+00
1132296484 1132296604 -1.0 -1.00000e+00 -1.0 -1.00000e+00 -1.0 -1.00000e+00 -1.0 -1.00000e+00 -1.0 -1.00000e+00 -1.0 -1.00000e+00
1132341247 1132341367 -1.0 -1.00000e+00 -1.0 -1.00000e+00 -1.0 -1.00000e+00 -1.0 -1.00000e+00 -1.0 -1.00000e+00 -1.0 -1.00000e+00
1132342837 1132342957 -1.0 -1.00000e+00 -1.0 -1.00000e+00 -1.0 -1.00000e+00 -1.0 -1.00000e+00 -1.0 -1.00000e+00 -1.0 -1.00000e+00
1132345759 1132345879 -1.0 -1.00000e+00 -1.0 -1.00000e+00 -1.0 -1.00000e+00 -1.0 -1.00000e+00 -1.0 -1.00000e+00 -1.0 -1.00000e+00
1132361035 1132361155 -1.0 -1.00000e+00 -1.0 -1.00000e+00 -1.0 -1.00000e+00 -1.0 -1.00000e+00 -1.0 -1.00000e+00 -1.0 -1.00000e+00
1132361531 1132361651 -1.0 -1.00000e+00 -1.0 -1.00000e+00 -1.0 -1.00000e+00 -1.0 -1.00000e+00 -1.0 -1.00000e+00 -1.0 -1.00000e+00
1132409003 1132409123 -1.0 -1.00000e+00 -1.0 -1.00000e+00 -1.0 -1.00000e+00 -1.0 -1.00000e+00 -1.0 -1.00000e+00 -1.0 -1.00000e+00
1132435327 1132435447 -1.0 -1.00000e+00 -1.0 -1.00000e+00 -1.0 -1.00000e+00 -1.0 -1.00000e+00 -1.0 -1.00000e+00 -1.0 -1.00000e+00
1132437577 1132437697 -1.0 -1.00000e+00 -1.0 -1.00000e+00 -1.0 -1.00000e+00 -1.0 -1.00000e+00 -1.0 -1.00000e+00 -1.0 -1.00000e+00
1132438590 1132438710 -1.0 -1.00000e+00 -1.0 -1.00000e+00 -1.0 -1.00000e+00 -1.0 -1.00000e+00 -1.0 -1.00000e+00 -1.0 -1.00000e+00
1132438813 1132438933 -1.0 -1.00000e+00 -1.0 -1.00000e+00 -1.0 -1.00000e+00 -1.0 -1.00000e+00 -1.0 -1.00000e+00 -1.0 -1.00000e+00
1132501214 1132501334 -1.0 -1.00000e+00 -1.0 -1.00000e+00 -1.0 -1.00000e+00 -1.0 -1.00000e+00 -1.0 -1.00000e+00 -1.0 -1.00000e+00
1132501539 1132501659 -1.0 -1.00000e+00 -1.0 -1.00000e+00 -1.0 -1.00000e+00 -1.0 -1.00000e+00 -1.0 -1.00000e+00 -1.0 -1.00000e+00
1132502087 1132502207 -1.0 -1.00000e+00 -1.0 -1.00000e+00 -1.0 -1.00000e+00 -1.0 -1.00000e+00 -1.0 -1.00000e+00 -1.0 -1.00000e+00
1132502107 1132502227 -1.0 -1.00000e+00 -1.0 -1.00000e+00 -1.0 -1.00000e+00 -1.0 -1.00000e+00 -1.0 -1.00000e+00 -1.0 -1.00000e+00
1132502706 1132502826 -1.0 -1.00000e+00 -1.0 -1.00000e+00 -1.0 -1.00000e+00 -1.0 -1.00000e+00 -1.0 -1.00000e+00 -1.0 -1.00000e+00
1132507058 1132507178 -1.0 -1.00000e+00 -1.0 -1.00000e+00 -1.0 -1.00000e+00 -1.0 -1.00000e+00 -1.0 -1.00000e+00 -1.0 -1.00000e+00
1132535544 1132535664 -1.0 -1.00000e+00 -1.0 -1.00000e+00 -1.0 -1.00000e+00 -1.0 -1.00000e+00 -1.0 -1.00000e+00 -1.0 -1.00000e+00
1132552427 1132552547 -1.0 -1.00000e+00 -1.0 -1.00000e+00 -1.0 -1.00000e+00 -1.0 -1.00000e+00 -1.0 -1.00000e+00 -1.0 -1.00000e+00
1132576576 1132576696 -1.0 -1.00000e+00 -1.0 -1.00000e+00 -1.0 -1.00000e+00 -1.0 -1.00000e+00 -1.0 -1.00000e+00 -1.0 -1.00000e+00
1132584070 1132584190 -1.0 -1.00000e+00 -1.0 -1.00000e+00 -1.0 -1.00000e+00 -1.0 -1.00000e+00 -1.0 -1.00000e+00 -1.0 -1.00000e+00
1132584267 1132584387 -1.0 -1.00000e+00 -1.0 -1.00000e+00 -1.0 -1.00000e+00 -1.0 -1.00000e+00 -1.0 -1.00000e+00 -1.0 -1.00000e+00
1132615476 1132615596 -1.0 -1.00000e+00 -1.0 -1.00000e+00 -1.0 -1.00000e+00 -1.0 -1.00000e+00 -1.0 -1.00000e+00 -1.0 -1.00000e+00
1132617474 1132617594 -1.0 -1.00000e+00 -1.0 -1.00000e+00 -1.0 -1.00000e+00 -1.0 -1.00000e+00 -1.0 -1.00000e+00 -1.0 -1.00000e+00
1132639318 1132639438 -1.0 -1.00000e+00 -1.0 -1.00000e+00 -1.0 -1.00000e+00 -1.0 -1.00000e+00 -1.0 -1.00000e+00 -1.0 -1.00000e+00
1132652620 1132652740 -1.0 -1.00000e+00 -1.0 -1.00000e+00 -1.0 -1.00000e+00 -1.0 -1.00000e+00 -1.0 -1.00000e+00 -1.0 -1.00000e+00
1132666172 1132666292 -1.0 -1.00000e+00 -1.0 -1.00000e+00 -1.0 -1.00000e+00 -1.0 -1.00000e+00 -1.0 -1.00000e+00 -1.0 -1.00000e+00
1132666505 1132666625 -1.0 -1.00000e+00 -1.0 -1.00000e+00 -1.0 -1.00000e+00 -1.0 -1.00000e+00 -1.0 -1.00000e+00 -1.0 -1.00000e+00
1132670020 1132670140 -1.0 -1.00000e+00 -1.0 -1.00000e+00 -1.0 -1.00000e+00 -1.0 -1.00000e+00 -1.0 -1.00000e+00 -1.0 -1.00000e+00
1132671274 1132671394 -1.0 -1.00000e+00 -1.0 -1.00000e+00 -1.0 -1.00000e+00 -1.0 -1.00000e+00 -1.0 -1.00000e+00 -1.0 -1.00000e+00
1132673736 1132673856 -1.0 -1.00000e+00 -1.0 -1.00000e+00 -1.0 -1.00000e+00 -1.0 -1.00000e+00 -1.0 -1.00000e+00 -1.0 -1.00000e+00
1132674894 1132675014 -1.0 -1.00000e+00 -1.0 -1.00000e+00 -1.0 -1.00000e+00 -1.0 -1.00000e+00 -1.0 -1.00000e+00 -1.0 -1.00000e+00
1132683698 1132683818 -1.0 -1.00000e+00 -1.0 -1.00000e+00 -1.0 -1.00000e+00 -1.0 -1.00000e+00 -1.0 -1.00000e+00 -1.0 -1.00000e+00
1132687103 1132687223 -1.0 -1.00000e+00 -1.0 -1.00000e+00 -1.0 -1.00000e+00 -1.0 -1.00000e+00 -1.0 -1.00000e+00 -1.0 -1.00000e+00
1132687787 1132687907 -1.0 -1.00000e+00 -1.0 -1.00000e+00 -1.0 -1.00000e+00 -1.0 -1.00000e+00 -1.0 -1.00000e+00 -1.0 -1.00000e+00
1132688081 1132688201 -1.0 -1.00000e+00 -1.0 -1.00000e+00 -1.0 -1.00000e+00 -1.0 -1.00000e+00 -1.0 -1.00000e+00 -1.0 -1.00000e+00
1132693863 1132693983 -1.0 -1.00000e+00 -1.0 -1.00000e+00 -1.0 -1.00000e+00 -1.0 -1.00000e+00 -1.0 -1.00000e+00 -1.0 -1.00000e+00
1132702047 1132702167 -1.0 -1.00000e+00 -1.0 -1.00000e+00 -1.0 -1.00000e+00 -1.0 -1.00000e+00 -1.0 -1.00000e+00 -1.0 -1.00000e+00
1132727654 1132727774 -1.0 -1.00000e+00 -1.0 -1.00000e+00 -1.0 -1.00000e+00 -1.0 -1.00000e+00 -1.0 -1.00000e+00 -1.0 -1.00000e+00
1132759437 1132759557 -1.0 -1.00000e+00 -1.0 -1.00000e+00 -1.0 -1.00000e+00 -1.0 -1.00000e+00 -1.0 -1.00000e+00 -1.0 -1.00000e+00
1132860617 1132860737 -1.0 -1.00000e+00 -1.0 -1.00000e+00 -1.0 -1.00000e+00 -1.0 -1.00000e+00 -1.0 -1.00000e+00 -1.0 -1.00000e+00
1132912394 1132912514 -1.0 -1.00000e+00 -1.0 -1.00000e+00 -1.0 -1.00000e+00 -1.0 -1.00000e+00 -1.0 -1.00000e+00 -1.0 -1.00000e+00
1132915564 1132915684 -1.0 -1.00000e+00 -1.0 -1.00000e+00 -1.0 -1.00000e+00 -1.0 -1.00000e+00 -1.0 -1.00000e+00 -1.0 -1.00000e+00
1132998541 1132998661 -1.0 -1.00000e+00 -1.0 -1.00000e+00 -1.0 -1.00000e+00 -1.0 -1.00000e+00 -1.0 -1.00000e+00 -1.0 -1.00000e+00
1133008552 1133008672 -1.0 -1.00000e+00 -1.0 -1.00000e+00 -1.0 -1.00000e+00 -1.0 -1.00000e+00 -1.0 -1.00000e+00 -1.0 -1.00000e+00
1133014360 1133014480 -1.0 -1.00000e+00 -1.0 -1.00000e+00 -1.0 -1.00000e+00 -1.0 -1.00000e+00 -1.0 -1.00000e+00 -1.0 -1.00000e+00
1133033249 1133033369 -1.0 -1.00000e+00 -1.0 -1.00000e+00 -1.0 -1.00000e+00 -1.0 -1.00000e+00 -1.0 -1.00000e+00 -1.0 -1.00000e+00
1133034628 1133034748 -1.0 -1.00000e+00 -1.0 -1.00000e+00 -1.0 -1.00000e+00 -1.0 -1.00000e+00 -1.0 -1.00000e+00 -1.0 -1.00000e+00
1133040789 1133040909 -1.0 -1.00000e+00 -1.0 -1.00000e+00 -1.0 -1.00000e+00 -1.0 -1.00000e+00 -1.0 -1.00000e+00 -1.0 -1.00000e+00
1133042393 1133042513 -1.0 -1.00000e+00 -1.0 -1.00000e+00 -1.0 -1.00000e+00 -1.0 -1.00000e+00 -1.0 -1.00000e+00 -1.0 -1.00000e+00
1133043387 1133043507 -1.0 -1.00000e+00 -1.0 -1.00000e+00 -1.0 -1.00000e+00 -1.0 -1.00000e+00 -1.0 -1.00000e+00 -1.0 -1.00000e+00
1133043395 1133043515 -1.0 -1.00000e+00 -1.0 -1.00000e+00 -1.0 -1.00000e+00 -1.0 -1.00000e+00 -1.0 -1.00000e+00 -1.0 -1.00000e+00
1133043717 1133043837 -1.0 -1.00000e+00 -1.0 -1.00000e+00 -1.0 -1.00000e+00 -1.0 -1.00000e+00 -1.0 -1.00000e+00 -1.0 -1.00000e+00
1133045354 1133045474 -1.0 -1.00000e+00 -1.0 -1.00000e+00 -1.0 -1.00000e+00 -1.0 -1.00000e+00 -1.0 -1.00000e+00 -1.0 -1.00000e+00
1133045417 1133045537 -1.0 -1.00000e+00 -1.0 -1.00000e+00 -1.0 -1.00000e+00 -1.0 -1.00000e+00 -1.0 -1.00000e+00 -1.0 -1.00000e+00
1133045558 1133045678 -1.0 -1.00000e+00 -1.0 -1.00000e+00 -1.0 -1.00000e+00 -1.0 -1.00000e+00 -1.0 -1.00000e+00 -1.0 -1.00000e+00
1133046276 1133046396 -1.0 -1.00000e+00 -1.0 -1.00000e+00 -1.0 -1.00000e+00 -1.0 -1.00000e+00 -1.0 -1.00000e+00 -1.0 -1.00000e+00
1133093613 1133093733 -1.0 -1.00000e+00 -1.0 -1.00000e+00 -1.0 -1.00000e+00 -1.0 -1.00000e+00 -1.0 -1.00000e+00 -1.0 -1.00000e+00
1133102305 1133102425 -1.0 -1.00000e+00 -1.0 -1.00000e+00 -1.0 -1.00000e+00 -1.0 -1.00000e+00 -1.0 -1.00000e+00 -1.0 -1.00000e+00
1133111041 1133111161 -1.0 -1.00000e+00 -1.0 -1.00000e+00 -1.0 -1.00000e+00 -1.0 -1.00000e+00 -1.0 -1.00000e+00 -1.0 -1.00000e+00
1133165613 1133165733 -1.0 -1.00000e+00 -1.0 -1.00000e+00 -1.0 -1.00000e+00 -1.0 -1.00000e+00 -1.0 -1.00000e+00 -1.0 -1.00000e+00
1133175420 1133175540 -1.0 -1.00000e+00 -1.0 -1.00000e+00 -1.0 -1.00000e+00 -1.0 -1.00000e+00 -1.0 -1.00000e+00 -1.0 -1.00000e+00
1133189389 1133189509 -1.0 -1.00000e+00 -1.0 -1.00000e+00 -1.0 -1.00000e+00 -1.0 -1.00000e+00 -1.0 -1.00000e+00 -1.0 -1.00000e+00
1133190091 1133190211 -1.0 -1.00000e+00 -1.0 -1.00000e+00 -1.0 -1.00000e+00 -1.0 -1.00000e+00 -1.0 -1.00000e+00 -1.0 -1.00000e+00
1133194748 1133194868 -1.0 -1.00000e+00 -1.0 -1.00000e+00 -1.0 -1.00000e+00 -1.0 -1.00000e+00 -1.0 -1.00000e+00 -1.0 -1.00000e+00
1133211458 1133211578 -1.0 -1.00000e+00 -1.0 -1.00000e+00 -1.0 -1.00000e+00 -1.0 -1.00000e+00 -1.0 -1.00000e+00 -1.0 -1.00000e+00
1133266309 1133266429 -1.0 -1.00000e+00 -1.0 -1.00000e+00 -1.0 -1.00000e+00 -1.0 -1.00000e+00 -1.0 -1.00000e+00 -1.0 -1.00000e+00
1133285657 1133285777 -1.0 -1.00000e+00 -1.0 -1.00000e+00 -1.0 -1.00000e+00 -1.0 -1.00000e+00 -1.0 -1.00000e+00 -1.0 -1.00000e+00
1133304277 1133304397 -1.0 -1.00000e+00 -1.0 -1.00000e+00 -1.0 -1.00000e+00 -1.0 -1.00000e+00 -1.0 -1.00000e+00 -1.0 -1.00000e+00
1133325224 1133325344 -1.0 -1.00000e+00 -1.0 -1.00000e+00 -1.0 -1.00000e+00 -1.0 -1.00000e+00 -1.0 -1.00000e+00 -1.0 -1.00000e+00
1133325692 1133325812 -1.0 -1.00000e+00 -1.0 -1.00000e+00 -1.0 -1.00000e+00 -1.0 -1.00000e+00 -1.0 -1.00000e+00 -1.0 -1.00000e+00
1133342784 1133342904 -1.0 -1.00000e+00 -1.0 -1.00000e+00 -1.0 -1.00000e+00 -1.0 -1.00000e+00 -1.0 -1.00000e+00 -1.0 -1.00000e+00
1133349481 1133349601 -1.0 -1.00000e+00 -1.0 -1.00000e+00 -1.0 -1.00000e+00 -1.0 -1.00000e+00 -1.0 -1.00000e+00 -1.0 -1.00000e+00
1133368331 1133368451 -1.0 -1.00000e+00 -1.0 -1.00000e+00 -1.0 -1.00000e+00 -1.0 -1.00000e+00 -1.0 -1.00000e+00 -1.0 -1.00000e+00
1133368881 1133369001 -1.0 -1.00000e+00 -1.0 -1.00000e+00 -1.0 -1.00000e+00 -1.0 -1.00000e+00 -1.0 -1.00000e+00 -1.0 -1.00000e+00
1133369078 1133369198 -1.0 -1.00000e+00 -1.0 -1.00000e+00 -1.0 -1.00000e+00 -1.0 -1.00000e+00 -1.0 -1.00000e+00 -1.0 -1.00000e+00
1133383438 1133383558 -1.0 -1.00000e+00 -1.0 -1.00000e+00 -1.0 -1.00000e+00 -1.0 -1.00000e+00 -1.0 -1.00000e+00 -1.0 -1.00000e+00
1133386971 1133387091 -1.0 -1.00000e+00 -1.0 -1.00000e+00 -1.0 -1.00000e+00 -1.0 -1.00000e+00 -1.0 -1.00000e+00 -1.0 -1.00000e+00
1133404912 1133405032 -1.0 -1.00000e+00 -1.0 -1.00000e+00 -1.0 -1.00000e+00 -1.0 -1.00000e+00 -1.0 -1.00000e+00 -1.0 -1.00000e+00
1133407920 1133408040 -1.0 -1.00000e+00 -1.0 -1.00000e+00 -1.0 -1.00000e+00 -1.0 -1.00000e+00 -1.0 -1.00000e+00 -1.0 -1.00000e+00
1133410113 1133410233 -1.0 -1.00000e+00 -1.0 -1.00000e+00 -1.0 -1.00000e+00 -1.0 -1.00000e+00 -1.0 -1.00000e+00 -1.0 -1.00000e+00
1133421551 1133421671 -1.0 -1.00000e+00 -1.0 -1.00000e+00 -1.0 -1.00000e+00 -1.0 -1.00000e+00 -1.0 -1.00000e+00 -1.0 -1.00000e+00
1133439040 1133439160 -1.0 -1.00000e+00 -1.0 -1.00000e+00 -1.0 -1.00000e+00 -1.0 -1.00000e+00 -1.0 -1.00000e+00 -1.0 -1.00000e+00
1133471880 1133472000 -1.0 -1.00000e+00 -1.0 -1.00000e+00 -1.0 -1.00000e+00 -1.0 -1.00000e+00 -1.0 -1.00000e+00 -1.0 -1.00000e+00
1133501188 1133501308 -1.0 -1.00000e+00 -1.0 -1.00000e+00 -1.0 -1.00000e+00 -1.0 -1.00000e+00 -1.0 -1.00000e+00 -1.0 -1.00000e+00
1133510972 1133511092 -1.0 -1.00000e+00 -1.0 -1.00000e+00 -1.0 -1.00000e+00 -1.0 -1.00000e+00 -1.0 -1.00000e+00 -1.0 -1.00000e+00
1133543023 1133543143 -1.0 -1.00000e+00 -1.0 -1.00000e+00 -1.0 -1.00000e+00 -1.0 -1.00000e+00 -1.0 -1.00000e+00 -1.0 -1.00000e+00
1133598034 1133598154 -1.0 -1.00000e+00 -1.0 -1.00000e+00 -1.0 -1.00000e+00 -1.0 -1.00000e+00 -1.0 -1.00000e+00 -1.0 -1.00000e+00
1133599249 1133599369 -1.0 -1.00000e+00 -1.0 -1.00000e+00 -1.0 -1.00000e+00 -1.0 -1.00000e+00 -1.0 -1.00000e+00 -1.0 -1.00000e+00
1133619355 1133619475 -1.0 -1.00000e+00 -1.0 -1.00000e+00 -1.0 -1.00000e+00 -1.0 -1.00000e+00 -1.0 -1.00000e+00 -1.0 -1.00000e+00
1133648192 1133648312 -1.0 -1.00000e+00 -1.0 -1.00000e+00 -1.0 -1.00000e+00 -1.0 -1.00000e+00 -1.0 -1.00000e+00 -1.0 -1.00000e+00
1133649302 1133649422 -1.0 -1.00000e+00 -1.0 -1.00000e+00 -1.0 -1.00000e+00 -1.0 -1.00000e+00 -1.0 -1.00000e+00 -1.0 -1.00000e+00
1133670609 1133670729 -1.0 -1.00000e+00 -1.0 -1.00000e+00 -1.0 -1.00000e+00 -1.0 -1.00000e+00 -1.0 -1.00000e+00 -1.0 -1.00000e+00
1133674481 1133674601 -1.0 -1.00000e+00 -1.0 -1.00000e+00 -1.0 -1.00000e+00 -1.0 -1.00000e+00 -1.0 -1.00000e+00 -1.0 -1.00000e+00
1133692857 1133692977 -1.0 -1.00000e+00 -1.0 -1.00000e+00 -1.0 -1.00000e+00 -1.0 -1.00000e+00 -1.0 -1.00000e+00 -1.0 -1.00000e+00
1133718461 1133718581 -1.0 -1.00000e+00 -1.0 -1.00000e+00 -1.0 -1.00000e+00 -1.0 -1.00000e+00 -1.0 -1.00000e+00 -1.0 -1.00000e+00
1133722261 1133722381 -1.0 -1.00000e+00 -1.0 -1.00000e+00 -1.0 -1.00000e+00 -1.0 -1.00000e+00 -1.0 -1.00000e+00 -1.0 -1.00000e+00
1133729296 1133729416 -1.0 -1.00000e+00 -1.0 -1.00000e+00 -1.0 -1.00000e+00 -1.0 -1.00000e+00 -1.0 -1.00000e+00 -1.0 -1.00000e+00
1133736399 1133736519 -1.0 -1.00000e+00 -1.0 -1.00000e+00 -1.0 -1.00000e+00 -1.0 -1.00000e+00 -1.0 -1.00000e+00 -1.0 -1.00000e+00
1133778757 1133778877 -1.0 -1.00000e+00 -1.0 -1.00000e+00 -1.0 -1.00000e+00 -1.0 -1.00000e+00 -1.0 -1.00000e+00 -1.0 -1.00000e+00
1133801049 1133801169 -1.0 -1.00000e+00 -1.0 -1.00000e+00 -1.0 -1.00000e+00 -1.0 -1.00000e+00 -1.0 -1.00000e+00 -1.0 -1.00000e+00
1133826157 1133826277 -1.0 -1.00000e+00 -1.0 -1.00000e+00 -1.0 -1.00000e+00 -1.0 -1.00000e+00 -1.0 -1.00000e+00 -1.0 -1.00000e+00
1133827203 1133827323 -1.0 -1.00000e+00 -1.0 -1.00000e+00 -1.0 -1.00000e+00 -1.0 -1.00000e+00 -1.0 -1.00000e+00 -1.0 -1.00000e+00
1133843243 1133843363 -1.0 -1.00000e+00 -1.0 -1.00000e+00 -1.0 -1.00000e+00 -1.0 -1.00000e+00 -1.0 -1.00000e+00 -1.0 -1.00000e+00
1133875136 1133875256 -1.0 -1.00000e+00 -1.0 -1.00000e+00 -1.0 -1.00000e+00 -1.0 -1.00000e+00 -1.0 -1.00000e+00 -1.0 -1.00000e+00
1133875539 1133875659 -1.0 -1.00000e+00 -1.0 -1.00000e+00 -1.0 -1.00000e+00 -1.0 -1.00000e+00 -1.0 -1.00000e+00 -1.0 -1.00000e+00
1133898382 1133898502 -1.0 -1.00000e+00 -1.0 -1.00000e+00 -1.0 -1.00000e+00 -1.0 -1.00000e+00 -1.0 -1.00000e+00 -1.0 -1.00000e+00
1133899141 1133899261 -1.0 -1.00000e+00 -1.0 -1.00000e+00 -1.0 -1.00000e+00 -1.0 -1.00000e+00 -1.0 -1.00000e+00 -1.0 -1.00000e+00
1133899548 1133899668 -1.0 -1.00000e+00 -1.0 -1.00000e+00 -1.0 -1.00000e+00 -1.0 -1.00000e+00 -1.0 -1.00000e+00 -1.0 -1.00000e+00
1133936945 1133937065 -1.0 -1.00000e+00 -1.0 -1.00000e+00 -1.0 -1.00000e+00 -1.0 -1.00000e+00 -1.0 -1.00000e+00 -1.0 -1.00000e+00
1133959655 1133959775 -1.0 -1.00000e+00 -1.0 -1.00000e+00 -1.0 -1.00000e+00 -1.0 -1.00000e+00 -1.0 -1.00000e+00 -1.0 -1.00000e+00
1133965962 1133966082 -1.0 -1.00000e+00 -1.0 -1.00000e+00 -1.0 -1.00000e+00 -1.0 -1.00000e+00 -1.0 -1.00000e+00 -1.0 -1.00000e+00
1133995830 1133995950 -1.0 -1.00000e+00 -1.0 -1.00000e+00 -1.0 -1.00000e+00 -1.0 -1.00000e+00 -1.0 -1.00000e+00 -1.0 -1.00000e+00
1134013972 1134014092 -1.0 -1.00000e+00 -1.0 -1.00000e+00 -1.0 -1.00000e+00 -1.0 -1.00000e+00 -1.0 -1.00000e+00 -1.0 -1.00000e+00
1134018780 1134018900 -1.0 -1.00000e+00 -1.0 -1.00000e+00 -1.0 -1.00000e+00 -1.0 -1.00000e+00 -1.0 -1.00000e+00 -1.0 -1.00000e+00
1134031483 1134031603 -1.0 -1.00000e+00 -1.0 -1.00000e+00 -1.0 -1.00000e+00 -1.0 -1.00000e+00 -1.0 -1.00000e+00 -1.0 -1.00000e+00
1134032050 1134032170 -1.0 -1.00000e+00 -1.0 -1.00000e+00 -1.0 -1.00000e+00 -1.0 -1.00000e+00 -1.0 -1.00000e+00 -1.0 -1.00000e+00
1134144083 1134144203 -1.0 -1.00000e+00 -1.0 -1.00000e+00 -1.0 -1.00000e+00 -1.0 -1.00000e+00 -1.0 -1.00000e+00 -1.0 -1.00000e+00
1134158778 1134158898 -1.0 -1.00000e+00 -1.0 -1.00000e+00 -1.0 -1.00000e+00 -1.0 -1.00000e+00 -1.0 -1.00000e+00 -1.0 -1.00000e+00
1134158941 1134159061 -1.0 -1.00000e+00 -1.0 -1.00000e+00 -1.0 -1.00000e+00 -1.0 -1.00000e+00 -1.0 -1.00000e+00 -1.0 -1.00000e+00
1134159635 1134159755 -1.0 -1.00000e+00 -1.0 -1.00000e+00 -1.0 -1.00000e+00 -1.0 -1.00000e+00 -1.0 -1.00000e+00 -1.0 -1.00000e+00
1134180182 1134180302 -1.0 -1.00000e+00 -1.0 -1.00000e+00 -1.0 -1.00000e+00 -1.0 -1.00000e+00 -1.0 -1.00000e+00 -1.0 -1.00000e+00
1134218505 1134218625 -1.0 -1.00000e+00 -1.0 -1.00000e+00 -1.0 -1.00000e+00 -1.0 -1.00000e+00 -1.0 -1.00000e+00 -1.0 -1.00000e+00
1134218958 1134219078 -1.0 -1.00000e+00 -1.0 -1.00000e+00 -1.0 -1.00000e+00 -1.0 -1.00000e+00 -1.0 -1.00000e+00 -1.0 -1.00000e+00
1134224330 1134224450 -1.0 -1.00000e+00 -1.0 -1.00000e+00 -1.0 -1.00000e+00 -1.0 -1.00000e+00 -1.0 -1.00000e+00 -1.0 -1.00000e+00
1134246047 1134246167 -1.0 -1.00000e+00 -1.0 -1.00000e+00 -1.0 -1.00000e+00 -1.0 -1.00000e+00 -1.0 -1.00000e+00 -1.0 -1.00000e+00
1134258292 1134258412 -1.0 -1.00000e+00 -1.0 -1.00000e+00 -1.0 -1.00000e+00 -1.0 -1.00000e+00 -1.0 -1.00000e+00 -1.0 -1.00000e+00
1134270589 1134270709 -1.0 -1.00000e+00 -1.0 -1.00000e+00 -1.0 -1.00000e+00 -1.0 -1.00000e+00 -1.0 -1.00000e+00 -1.0 -1.00000e+00
1134270846 1134270966 -1.0 -1.00000e+00 -1.0 -1.00000e+00 -1.0 -1.00000e+00 -1.0 -1.00000e+00 -1.0 -1.00000e+00 -1.0 -1.00000e+00
1134281508 1134281628 -1.0 -1.00000e+00 -1.0 -1.00000e+00 -1.0 -1.00000e+00 -1.0 -1.00000e+00 -1.0 -1.00000e+00 -1.0 -1.00000e+00
1134330214 1134330334 -1.0 -1.00000e+00 -1.0 -1.00000e+00 -1.0 -1.00000e+00 -1.0 -1.00000e+00 -1.0 -1.00000e+00 -1.0 -1.00000e+00
1134330827 1134330947 -1.0 -1.00000e+00 -1.0 -1.00000e+00 -1.0 -1.00000e+00 -1.0 -1.00000e+00 -1.0 -1.00000e+00 -1.0 -1.00000e+00
1134369921 1134370041 -1.0 -1.00000e+00 -1.0 -1.00000e+00 -1.0 -1.00000e+00 -1.0 -1.00000e+00 -1.0 -1.00000e+00 -1.0 -1.00000e+00
1134399464 1134399584 -1.0 -1.00000e+00 -1.0 -1.00000e+00 -1.0 -1.00000e+00 -1.0 -1.00000e+00 -1.0 -1.00000e+00 -1.0 -1.00000e+00
1134408231 1134408351 -1.0 -1.00000e+00 -1.0 -1.00000e+00 -1.0 -1.00000e+00 -1.0 -1.00000e+00 -1.0 -1.00000e+00 -1.0 -1.00000e+00
1134440980 1134441100 -1.0 -1.00000e+00 -1.0 -1.00000e+00 -1.0 -1.00000e+00 -1.0 -1.00000e+00 -1.0 -1.00000e+00 -1.0 -1.00000e+00
1134447755 1134447875 -1.0 -1.00000e+00 -1.0 -1.00000e+00 -1.0 -1.00000e+00 -1.0 -1.00000e+00 -1.0 -1.00000e+00 -1.0 -1.00000e+00
1134458322 1134458442 -1.0 -1.00000e+00 -1.0 -1.00000e+00 -1.0 -1.00000e+00 -1.0 -1.00000e+00 -1.0 -1.00000e+00 -1.0 -1.00000e+00
1134476636 1134476756 -1.0 -1.00000e+00 -1.0 -1.00000e+00 -1.0 -1.00000e+00 -1.0 -1.00000e+00 -1.0 -1.00000e+00 -1.0 -1.00000e+00
1134502901 1134503021 -1.0 -1.00000e+00 -1.0 -1.00000e+00 -1.0 -1.00000e+00 -1.0 -1.00000e+00 -1.0 -1.00000e+00 -1.0 -1.00000e+00
1134505997 1134506117 -1.0 -1.00000e+00 -1.0 -1.00000e+00 -1.0 -1.00000e+00 -1.0 -1.00000e+00 -1.0 -1.00000e+00 -1.0 -1.00000e+00
1134529361 1134529481 -1.0 -1.00000e+00 -1.0 -1.00000e+00 -1.0 -1.00000e+00 -1.0 -1.00000e+00 -1.0 -1.00000e+00 -1.0 -1.00000e+00
1134538946 1134539066 -1.0 -1.00000e+00 -1.0 -1.00000e+00 -1.0 -1.00000e+00 -1.0 -1.00000e+00 -1.0 -1.00000e+00 -1.0 -1.00000e+00
1134582834 1134582954 -1.0 -1.00000e+00 -1.0 -1.00000e+00 -1.0 -1.00000e+00 -1.0 -1.00000e+00 -1.0 -1.00000e+00 -1.0 -1.00000e+00
1134589536 1134589656 -1.0 -1.00000e+00 -1.0 -1.00000e+00 -1.0 -1.00000e+00 -1.0 -1.00000e+00 -1.0 -1.00000e+00 -1.0 -1.00000e+00
1134637182 1134637302 -1.0 -1.00000e+00 -1.0 -1.00000e+00 -1.0 -1.00000e+00 -1.0 -1.00000e+00 -1.0 -1.00000e+00 -1.0 -1.00000e+00
1134637402 1134637522 -1.0 -1.00000e+00 -1.0 -1.00000e+00 -1.0 -1.00000e+00 -1.0 -1.00000e+00 -1.0 -1.00000e+00 -1.0 -1.00000e+00
1134643968 1134644088 -1.0 -1.00000e+00 -1.0 -1.00000e+00 -1.0 -1.00000e+00 -1.0 -1.00000e+00 -1.0 -1.00000e+00 -1.0 -1.00000e+00
1134768344 1134768464 -1.0 -1.00000e+00 -1.0 -1.00000e+00 -1.0 -1.00000e+00 -1.0 -1.00000e+00 -1.0 -1.00000e+00 -1.0 -1.00000e+00
1134784769 1134784889 -1.0 -1.00000e+00 -1.0 -1.00000e+00 -1.0 -1.00000e+00 -1.0 -1.00000e+00 -1.0 -1.00000e+00 -1.0 -1.00000e+00
1134785274 1134785394 -1.0 -1.00000e+00 -1.0 -1.00000e+00 -1.0 -1.00000e+00 -1.0 -1.00000e+00 -1.0 -1.00000e+00 -1.0 -1.00000e+00
1134829813 1134829933 -1.0 -1.00000e+00 -1.0 -1.00000e+00 -1.0 -1.00000e+00 -1.0 -1.00000e+00 -1.0 -1.00000e+00 -1.0 -1.00000e+00
1134879311 1134879431 -1.0 -1.00000e+00 -1.0 -1.00000e+00 -1.0 -1.00000e+00 -1.0 -1.00000e+00 -1.0 -1.00000e+00 -1.0 -1.00000e+00
1134910123 1134910243 -1.0 -1.00000e+00 -1.0 -1.00000e+00 -1.0 -1.00000e+00 -1.0 -1.00000e+00 -1.0 -1.00000e+00 -1.0 -1.00000e+00
1134928324 1134928444 -1.0 -1.00000e+00 -1.0 -1.00000e+00 -1.0 -1.00000e+00 -1.0 -1.00000e+00 -1.0 -1.00000e+00 -1.0 -1.00000e+00
1134968833 1134968953 -1.0 -1.00000e+00 -1.0 -1.00000e+00 -1.0 -1.00000e+00 -1.0 -1.00000e+00 -1.0 -1.00000e+00 -1.0 -1.00000e+00
1134970159 1134970279 -1.0 -1.00000e+00 -1.0 -1.00000e+00 -1.0 -1.00000e+00 -1.0 -1.00000e+00 -1.0 -1.00000e+00 -1.0 -1.00000e+00
1134972075 1134972195 -1.0 -1.00000e+00 -1.0 -1.00000e+00 -1.0 -1.00000e+00 -1.0 -1.00000e+00 -1.0 -1.00000e+00 -1.0 -1.00000e+00
1134973937 1134974057 -1.0 -1.00000e+00 -1.0 -1.00000e+00 -1.0 -1.00000e+00 -1.0 -1.00000e+00 -1.0 -1.00000e+00 -1.0 -1.00000e+00
1135002056 1135002176 -1.0 -1.00000e+00 -1.0 -1.00000e+00 -1.0 -1.00000e+00 -1.0 -1.00000e+00 -1.0 -1.00000e+00 -1.0 -1.00000e+00
1135020899 1135021019 -1.0 -1.00000e+00 -1.0 -1.00000e+00 -1.0 -1.00000e+00 -1.0 -1.00000e+00 -1.0 -1.00000e+00 -1.0 -1.00000e+00
1135024219 1135024339 -1.0 -1.00000e+00 -1.0 -1.00000e+00 -1.0 -1.00000e+00 -1.0 -1.00000e+00 -1.0 -1.00000e+00 -1.0 -1.00000e+00
1135040726 1135040846 -1.0 -1.00000e+00 -1.0 -1.00000e+00 -1.0 -1.00000e+00 -1.0 -1.00000e+00 -1.0 -1.00000e+00 -1.0 -1.00000e+00
1135048260 1135048380 -1.0 -1.00000e+00 -1.0 -1.00000e+00 -1.0 -1.00000e+00 -1.0 -1.00000e+00 -1.0 -1.00000e+00 -1.0 -1.00000e+00
1135096348 1135096468 -1.0 -1.00000e+00 -1.0 -1.00000e+00 -1.0 -1.00000e+00 -1.0 -1.00000e+00 -1.0 -1.00000e+00 -1.0 -1.00000e+00
1135103100 1135103220 -1.0 -1.00000e+00 -1.0 -1.00000e+00 -1.0 -1.00000e+00 -1.0 -1.00000e+00 -1.0 -1.00000e+00 -1.0 -1.00000e+00
1135161644 1135161764 -1.0 -1.00000e+00 -1.0 -1.00000e+00 -1.0 -1.00000e+00 -1.0 -1.00000e+00 -1.0 -1.00000e+00 -1.0 -1.00000e+00
1135187399 1135187519 -1.0 -1.00000e+00 -1.0 -1.00000e+00 -1.0 -1.00000e+00 -1.0 -1.00000e+00 -1.0 -1.00000e+00 -1.0 -1.00000e+00
1135195299 1135195419 -1.0 -1.00000e+00 -1.0 -1.00000e+00 -1.0 -1.00000e+00 -1.0 -1.00000e+00 -1.0 -1.00000e+00 -1.0 -1.00000e+00
1135205014 1135205134 -1.0 -1.00000e+00 -1.0 -1.00000e+00 -1.0 -1.00000e+00 -1.0 -1.00000e+00 -1.0 -1.00000e+00 -1.0 -1.00000e+00
1135271427 1135271547 -1.0 -1.00000e+00 -1.0 -1.00000e+00 -1.0 -1.00000e+00 -1.0 -1.00000e+00 -1.0 -1.00000e+00 -1.0 -1.00000e+00
1135436970 1135437090 -1.0 -1.00000e+00 -1.0 -1.00000e+00 -1.0 -1.00000e+00 -1.0 -1.00000e+00 -1.0 -1.00000e+00 -1.0 -1.00000e+00
1135446917 1135447037 -1.0 -1.00000e+00 -1.0 -1.00000e+00 -1.0 -1.00000e+00 -1.0 -1.00000e+00 -1.0 -1.00000e+00 -1.0 -1.00000e+00
1135451461 1135451581 -1.0 -1.00000e+00 -1.0 -1.00000e+00 -1.0 -1.00000e+00 -1.0 -1.00000e+00 -1.0 -1.00000e+00 -1.0 -1.00000e+00
1135497618 1135497738 -1.0 -1.00000e+00 -1.0 -1.00000e+00 -1.0 -1.00000e+00 -1.0 -1.00000e+00 -1.0 -1.00000e+00 -1.0 -1.00000e+00
1135519276 1135519396 -1.0 -1.00000e+00 -1.0 -1.00000e+00 -1.0 -1.00000e+00 -1.0 -1.00000e+00 -1.0 -1.00000e+00 -1.0 -1.00000e+00
1135559151 1135559271 -1.0 -1.00000e+00 -1.0 -1.00000e+00 -1.0 -1.00000e+00 -1.0 -1.00000e+00 -1.0 -1.00000e+00 -1.0 -1.00000e+00
1135561054 1135561174 -1.0 -1.00000e+00 -1.0 -1.00000e+00 -1.0 -1.00000e+00 -1.0 -1.00000e+00 -1.0 -1.00000e+00 -1.0 -1.00000e+00
1135586739 1135586859 -1.0 -1.00000e+00 -1.0 -1.00000e+00 -1.0 -1.00000e+00 -1.0 -1.00000e+00 -1.0 -1.00000e+00 -1.0 -1.00000e+00
1135594859 1135594979 -1.0 -1.00000e+00 -1.0 -1.00000e+00 -1.0 -1.00000e+00 -1.0 -1.00000e+00 -1.0 -1.00000e+00 -1.0 -1.00000e+00
1135606917 1135607037 -1.0 -1.00000e+00 -1.0 -1.00000e+00 -1.0 -1.00000e+00 -1.0 -1.00000e+00 -1.0 -1.00000e+00 -1.0 -1.00000e+00
1135618395 1135618515 -1.0 -1.00000e+00 -1.0 -1.00000e+00 -1.0 -1.00000e+00 -1.0 -1.00000e+00 -1.0 -1.00000e+00 -1.0 -1.00000e+00
1135651650 1135651770 -1.0 -1.00000e+00 -1.0 -1.00000e+00 -1.0 -1.00000e+00 -1.0 -1.00000e+00 -1.0 -1.00000e+00 -1.0 -1.00000e+00
1135665450 1135665570 -1.0 -1.00000e+00 -1.0 -1.00000e+00 -1.0 -1.00000e+00 -1.0 -1.00000e+00 -1.0 -1.00000e+00 -1.0 -1.00000e+00
1135669779 1135669899 -1.0 -1.00000e+00 -1.0 -1.00000e+00 -1.0 -1.00000e+00 -1.0 -1.00000e+00 -1.0 -1.00000e+00 -1.0 -1.00000e+00
1135683833 1135683953 -1.0 -1.00000e+00 -1.0 -1.00000e+00 -1.0 -1.00000e+00 -1.0 -1.00000e+00 -1.0 -1.00000e+00 -1.0 -1.00000e+00
1135698552 1135698672 -1.0 -1.00000e+00 -1.0 -1.00000e+00 -1.0 -1.00000e+00 -1.0 -1.00000e+00 -1.0 -1.00000e+00 -1.0 -1.00000e+00
1135709324 1135709444 -1.0 -1.00000e+00 -1.0 -1.00000e+00 -1.0 -1.00000e+00 -1.0 -1.00000e+00 -1.0 -1.00000e+00 -1.0 -1.00000e+00
1135709370 1135709490 -1.0 -1.00000e+00 -1.0 -1.00000e+00 -1.0 -1.00000e+00 -1.0 -1.00000e+00 -1.0 -1.00000e+00 -1.0 -1.00000e+00
1135739055 1135739175 -1.0 -1.00000e+00 -1.0 -1.00000e+00 -1.0 -1.00000e+00 -1.0 -1.00000e+00 -1.0 -1.00000e+00 -1.0 -1.00000e+00
1135753115 1135753235 -1.0 -1.00000e+00 -1.0 -1.00000e+00 -1.0 -1.00000e+00 -1.0 -1.00000e+00 -1.0 -1.00000e+00 -1.0 -1.00000e+00
1135755717 1135755837 -1.0 -1.00000e+00 -1.0 -1.00000e+00 -1.0 -1.00000e+00 -1.0 -1.00000e+00 -1.0 -1.00000e+00 -1.0 -1.00000e+00
1135797903 1135798023 -1.0 -1.00000e+00 -1.0 -1.00000e+00 -1.0 -1.00000e+00 -1.0 -1.00000e+00 -1.0 -1.00000e+00 -1.0 -1.00000e+00
1135805616 1135805736 -1.0 -1.00000e+00 -1.0 -1.00000e+00 -1.0 -1.00000e+00 -1.0 -1.00000e+00 -1.0 -1.00000e+00 -1.0 -1.00000e+00
1135848154 1135848274 -1.0 -1.00000e+00 -1.0 -1.00000e+00 -1.0 -1.00000e+00 -1.0 -1.00000e+00 -1.0 -1.00000e+00 -1.0 -1.00000e+00
1135879690 1135879810 -1.0 -1.00000e+00 -1.0 -1.00000e+00 -1.0 -1.00000e+00 -1.0 -1.00000e+00 -1.0 -1.00000e+00 -1.0 -1.00000e+00
1135891908 1135892028 -1.0 -1.00000e+00 -1.0 -1.00000e+00 -1.0 -1.00000e+00 -1.0 -1.00000e+00 -1.0 -1.00000e+00 -1.0 -1.00000e+00
1135898770 1135898890 -1.0 -1.00000e+00 -1.0 -1.00000e+00 -1.0 -1.00000e+00 -1.0 -1.00000e+00 -1.0 -1.00000e+00 -1.0 -1.00000e+00
1135925262 1135925382 -1.0 -1.00000e+00 -1.0 -1.00000e+00 -1.0 -1.00000e+00 -1.0 -1.00000e+00 -1.0 -1.00000e+00 -1.0 -1.00000e+00
1135941011 1135941131 -1.0 -1.00000e+00 -1.0 -1.00000e+00 -1.0 -1.00000e+00 -1.0 -1.00000e+00 -1.0 -1.00000e+00 -1.0 -1.00000e+00
1135957279 1135957399 -1.0 -1.00000e+00 -1.0 -1.00000e+00 -1.0 -1.00000e+00 -1.0 -1.00000e+00 -1.0 -1.00000e+00 -1.0 -1.00000e+00
1135999046 1135999166 -1.0 -1.00000e+00 -1.0 -1.00000e+00 -1.0 -1.00000e+00 -1.0 -1.00000e+00 -1.0 -1.00000e+00 -1.0 -1.00000e+00
1136015432 1136015552 -1.0 -1.00000e+00 -1.0 -1.00000e+00 -1.0 -1.00000e+00 -1.0 -1.00000e+00 -1.0 -1.00000e+00 -1.0 -1.00000e+00
1136081453 1136081573 -1.0 -1.00000e+00 -1.0 -1.00000e+00 -1.0 -1.00000e+00 -1.0 -1.00000e+00 -1.0 -1.00000e+00 -1.0 -1.00000e+00
1136093828 1136093948 -1.0 -1.00000e+00 -1.0 -1.00000e+00 -1.0 -1.00000e+00 -1.0 -1.00000e+00 -1.0 -1.00000e+00 -1.0 -1.00000e+00
1136109186 1136109306 -1.0 -1.00000e+00 -1.0 -1.00000e+00 -1.0 -1.00000e+00 -1.0 -1.00000e+00 -1.0 -1.00000e+00 -1.0 -1.00000e+00
1136122626 1136122746 -1.0 -1.00000e+00 -1.0 -1.00000e+00 -1.0 -1.00000e+00 -1.0 -1.00000e+00 -1.0 -1.00000e+00 -1.0 -1.00000e+00
1136193120 1136193240 -1.0 -1.00000e+00 -1.0 -1.00000e+00 -1.0 -1.00000e+00 -1.0 -1.00000e+00 -1.0 -1.00000e+00 -1.0 -1.00000e+00
1136200551 1136200671 -1.0 -1.00000e+00 -1.0 -1.00000e+00 -1.0 -1.00000e+00 -1.0 -1.00000e+00 -1.0 -1.00000e+00 -1.0 -1.00000e+00
1136218047 1136218167 -1.0 -1.00000e+00 -1.0 -1.00000e+00 -1.0 -1.00000e+00 -1.0 -1.00000e+00 -1.0 -1.00000e+00 -1.0 -1.00000e+00
1136292354 1136292474 -1.0 -1.00000e+00 -1.0 -1.00000e+00 -1.0 -1.00000e+00 -1.0 -1.00000e+00 -1.0 -1.00000e+00 -1.0 -1.00000e+00
1136295832 1136295952 -1.0 -1.00000e+00 -1.0 -1.00000e+00 -1.0 -1.00000e+00 -1.0 -1.00000e+00 -1.0 -1.00000e+00 -1.0 -1.00000e+00
1136373530 1136373650 -1.0 -1.00000e+00 -1.0 -1.00000e+00 -1.0 -1.00000e+00 -1.0 -1.00000e+00 -1.0 -1.00000e+00 -1.0 -1.00000e+00
1136388387 1136388507 -1.0 -1.00000e+00 -1.0 -1.00000e+00 -1.0 -1.00000e+00 -1.0 -1.00000e+00 -1.0 -1.00000e+00 -1.0 -1.00000e+00
1136406449 1136406569 -1.0 -1.00000e+00 -1.0 -1.00000e+00 -1.0 -1.00000e+00 -1.0 -1.00000e+00 -1.0 -1.00000e+00 -1.0 -1.00000e+00
1136408638 1136408758 -1.0 -1.00000e+00 -1.0 -1.00000e+00 -1.0 -1.00000e+00 -1.0 -1.00000e+00 -1.0 -1.00000e+00 -1.0 -1.00000e+00
1136429861 1136429981 -1.0 -1.00000e+00 -1.0 -1.00000e+00 -1.0 -1.00000e+00 -1.0 -1.00000e+00 -1.0 -1.00000e+00 -1.0 -1.00000e+00
1136430910 1136431030 -1.0 -1.00000e+00 -1.0 -1.00000e+00 -1.0 -1.00000e+00 -1.0 -1.00000e+00 -1.0 -1.00000e+00 -1.0 -1.00000e+00
1136458903 1136459023 -1.0 -1.00000e+00 -1.0 -1.00000e+00 -1.0 -1.00000e+00 -1.0 -1.00000e+00 -1.0 -1.00000e+00 -1.0 -1.00000e+00
1136469476 1136469596 -1.0 -1.00000e+00 -1.0 -1.00000e+00 -1.0 -1.00000e+00 -1.0 -1.00000e+00 -1.0 -1.00000e+00 -1.0 -1.00000e+00
1136483652 1136483772 -1.0 -1.00000e+00 -1.0 -1.00000e+00 -1.0 -1.00000e+00 -1.0 -1.00000e+00 -1.0 -1.00000e+00 -1.0 -1.00000e+00
1136497396 1136497516 -1.0 -1.00000e+00 -1.0 -1.00000e+00 -1.0 -1.00000e+00 -1.0 -1.00000e+00 -1.0 -1.00000e+00 -1.0 -1.00000e+00
1136497726 1136497846 -1.0 -1.00000e+00 -1.0 -1.00000e+00 -1.0 -1.00000e+00 -1.0 -1.00000e+00 -1.0 -1.00000e+00 -1.0 -1.00000e+00
1136506725 1136506845 -1.0 -1.00000e+00 -1.0 -1.00000e+00 -1.0 -1.00000e+00 -1.0 -1.00000e+00 -1.0 -1.00000e+00 -1.0 -1.00000e+00
1136507537 1136507657 -1.0 -1.00000e+00 -1.0 -1.00000e+00 -1.0 -1.00000e+00 -1.0 -1.00000e+00 -1.0 -1.00000e+00 -1.0 -1.00000e+00
1136523232 1136523352 -1.0 -1.00000e+00 -1.0 -1.00000e+00 -1.0 -1.00000e+00 -1.0 -1.00000e+00 -1.0 -1.00000e+00 -1.0 -1.00000e+00
1136523962 1136524082 -1.0 -1.00000e+00 -1.0 -1.00000e+00 -1.0 -1.00000e+00 -1.0 -1.00000e+00 -1.0 -1.00000e+00 -1.0 -1.00000e+00
1136532320 1136532440 -1.0 -1.00000e+00 -1.0 -1.00000e+00 -1.0 -1.00000e+00 -1.0 -1.00000e+00 -1.0 -1.00000e+00 -1.0 -1.00000e+00
1136538381 1136538501 -1.0 -1.00000e+00 -1.0 -1.00000e+00 -1.0 -1.00000e+00 -1.0 -1.00000e+00 -1.0 -1.00000e+00 -1.0 -1.00000e+00
1136542466 1136542586 -1.0 -1.00000e+00 -1.0 -1.00000e+00 -1.0 -1.00000e+00 -1.0 -1.00000e+00 -1.0 -1.00000e+00 -1.0 -1.00000e+00
1136548485 1136548605 -1.0 -1.00000e+00 -1.0 -1.00000e+00 -1.0 -1.00000e+00 -1.0 -1.00000e+00 -1.0 -1.00000e+00 -1.0 -1.00000e+00
1136551487 1136551607 -1.0 -1.00000e+00 -1.0 -1.00000e+00 -1.0 -1.00000e+00 -1.0 -1.00000e+00 -1.0 -1.00000e+00 -1.0 -1.00000e+00
1136553399 1136553519 -1.0 -1.00000e+00 -1.0 -1.00000e+00 -1.0 -1.00000e+00 -1.0 -1.00000e+00 -1.0 -1.00000e+00 -1.0 -1.00000e+00
1136596259 1136596379 -1.0 -1.00000e+00 -1.0 -1.00000e+00 -1.0 -1.00000e+00 -1.0 -1.00000e+00 -1.0 -1.00000e+00 -1.0 -1.00000e+00
1136622776 1136622896 -1.0 -1.00000e+00 -1.0 -1.00000e+00 -1.0 -1.00000e+00 -1.0 -1.00000e+00 -1.0 -1.00000e+00 -1.0 -1.00000e+00
1136630294 1136630414 -1.0 -1.00000e+00 -1.0 -1.00000e+00 -1.0 -1.00000e+00 -1.0 -1.00000e+00 -1.0 -1.00000e+00 -1.0 -1.00000e+00
1136643431 1136643551 -1.0 -1.00000e+00 -1.0 -1.00000e+00 -1.0 -1.00000e+00 -1.0 -1.00000e+00 -1.0 -1.00000e+00 -1.0 -1.00000e+00
1136649557 1136649677 -1.0 -1.00000e+00 -1.0 -1.00000e+00 -1.0 -1.00000e+00 -1.0 -1.00000e+00 -1.0 -1.00000e+00 -1.0 -1.00000e+00
