    1126479289.9         1126479924.1         3.39285e-04               Z           
    1132440670.8         1132441110.1         3.24857e-04               Y           
    1132440355.1         1132440798.9         3.24810e-04               Y           
    1132440355.8         1132440799.1         3.24810e-04               Y           
    1129885799.6         1129886646.4         8.20091e-05               Y           
    1133509823.6         1133510689.5         2.18506e-04               Y           
    1133509824.5         1133510689.5         2.18506e-04               Y           
    1133509823.0         1133510689.6         2.18506e-04               Y           
    1133303117.1         1133304314.5         2.77631e-05               Y           
    1129413139.6         1129413983.0         1.51652e-05               Z           
    1131906681.6         1131907561.7         5.07799e-05               Y           
    1126480738.8         1126481372.6         3.37478e-04               Z           
    1133691727.4         1133692699.5         1.73611e-05               Y           
    1131245196.9         1131245819.1         1.44773e-05               Y           
    1131242095.5         1131242717.7         1.78423e-05               Y           
    1131242095.6         1131242717.9         1.78423e-05               Y           
    1133691725.5         1133692699.4         1.73611e-05               Y           
    1130916720.8         1130917348.2         1.69147e-05               Z           
    1132551935.3         1132552368.6         3.65638e-05               Y           
    1131483108.0         1131483968.8         5.79465e-05               Y           
    1126498244.8         1126498878.4         1.34029e-05               Z           
    1126167265.6         1126167511.1         3.48409e-04               Z           
    1135897539.1         1135898467.6         8.36105e-06               Y           
    1136777150.6         1136777937.1         8.00202e-06               Y           
    1136777150.0         1136777936.4         8.00202e-06               Y           
    1131036439.2         1131037452.5         1.22793e-05               Z           
    1127145224.7         1127146183.2         7.47641e-06               Y           
    1126892417.1         1126893051.0         1.24913e-05               Y           
    1134417010.2         1134417215.8         7.37111e-05               Z           
    1131779424.3         1131780185.0         1.26165e-05               Y           
    1131120243.1         1131120863.5         2.11972e-05               Y           
    1130643872.2         1130644873.9         5.70324e-06               Y           
    1126497323.9         1126497953.9         1.33963e-05               Z           
    1126497313.3         1126497945.6         1.33963e-05               Z           
    1126497332.4         1126497965.1         1.34015e-05               Z           
    1136565504.1         1136566462.5         1.53877e-05               Y           
    1136565502.9         1136566462.5         1.53877e-05               Y           
    1136565502.0         1136566461.6         1.53877e-05               Y           
    1126489282.9         1126489911.6         2.95286e-05               Z           
    1126479572.0         1126480205.8         3.39453e-04               Z           
    1127271095.8         1127271723.0         1.03380e-05               Z           
    1126424475.7         1126425438.9         6.25721e-06               Z           
    1135648856.9         1135649850.3         4.78699e-06               Z           
    1135106104.2         1135106954.8         5.88594e-06               Y           
    1132693240.0         1132693831.6         6.75217e-06               Y           
    1130915088.4         1130915709.7         1.69386e-05               Z           
    1129599623.3         1129600528.5         4.98916e-06               Z           
    1126702357.9         1126702996.9         3.73402e-06               Y           
    1126602661.7         1126603302.2         3.07243e-06               Z           
    1136567301.0         1136568060.6         1.53996e-05               Z           
    1135021460.1         1135022240.8         6.21762e-06               Z           
    1132131989.1         1132132964.1         3.70287e-06               Y           
    1128560324.2         1128561118.4         2.56058e-06               Y           
    1126849191.9         1126849825.0         3.80186e-06               Y           
    1126674424.5         1126675048.5         3.87268e-06               Z           
    1126480586.4         1126481218.6         3.39170e-04               Z           
    1126479853.6         1126480489.3         3.39451e-04               Z           
    1126447419.1         1126448320.3         5.06628e-06               Z           
    1134672472.5         1134673460.4         1.46292e-05               Y           
    1133701098.8         1133701931.7         4.04204e-06               Z           
    1132131990.5         1132132963.6         3.70287e-06               Y           
    1136777145.3         1136777673.3         7.81452e-06               Y           
    1134672473.6         1134673460.2         1.46292e-05               Y           
    1132406512.8         1132407307.3         1.26002e-05               Z           
    1129608275.1         1129609265.0         4.79090e-06               Y           
    1129220332.5         1129221120.8         7.52524e-06               Y           
    1128836605.3         1128837339.7         7.72794e-06               Y           
    1127338852.4         1127339666.8         2.28873e-06               Y           
    1126941197.5         1126941827.4         2.86083e-06               Z           
    1126627199.6         1126627684.4         1.24665e-05               Y           
    1134526270.3         1134527128.7         3.77932e-06               Z           
    1136021671.0         1136022465.4         3.69197e-06               Y           
    1136627128.6         1136628318.9         2.73584e-06               Z           
    1136066407.2         1136067240.9         3.62120e-06               Z           
    1131727770.7         1131728508.9         9.33002e-06               Z           
    1129885789.0         1129886639.2         8.20091e-05               Y           
    1128098023.8         1128098648.7         4.05809e-06               Z           
    1127888832.8         1127889457.2         4.89910e-06               Z           
    1127489302.8         1127489878.1         4.80877e-06               Z           
    1136699779.2         1136700541.5         2.90107e-06               Y           
    1136627128.4         1136628318.8         2.73584e-06               Z           
    1126531963.0         1126532601.6         3.36957e-06               Z           
    1126527291.9         1126527936.5         2.83123e-06               Z           
    1126481898.7         1126482535.2         2.44928e-04               Z           
    1126125164.0         1126126006.1         3.56502e-06               Z           
    1135995689.6         1135996543.0         2.79420e-06               Z           
    1135695752.6         1135696579.6         7.08219e-06               Y           
    1135389118.9         1135390004.7         1.04455e-05               Z           
    1135101502.0         1135102180.1         8.98514e-06               Y           
    1135033875.2         1135034847.5         5.26040e-06               N           
    1134924926.9         1134925813.2         8.08462e-06               Y           
    1134588322.5         1134588948.2         5.14559e-06               Y           
    1133024922.1         1133025720.2         1.34637e-05               Z           
    1132858386.5         1132858988.6         3.87517e-06               Z           
    1132182347.7         1132182974.8         3.94168e-06               Y           
    1132032729.5         1132033570.7         4.40115e-06               Y           
    1131669590.5         1131669803.0         1.68513e-05               Z           
    1131320196.2         1131321167.9         3.06549e-06               Z           
    1130487350.5         1130487972.5         4.27118e-06               Z           
    1130426194.5         1130426772.9         5.96286e-06               Z           
    1130100417.3         1130101255.5         3.68988e-06               Y           
    1129820354.7         1129821188.9         6.03843e-06               Z           
    1129673019.8         1129673960.0         5.05927e-06               Y           
    1129297858.6         1129298789.1         6.58788e-06               Z           
    1129116806.0         1129117419.3         2.47840e-06               Y           
    1127887439.1         1127888107.2         4.91782e-06               N           
    1127145433.2         1127146305.9         7.21734e-06               Y           
    1137176675.4         1137177515.4         6.50773e-06               Y           
    1136804675.0         1136805477.1         3.63270e-06               Y           
    1135995688.3         1135996542.9         2.79420e-06               Z           
    1135695753.7         1135696581.0         7.08219e-06               Y           
    1135594635.1         1135594902.5         1.42761e-05               Y           
    1134924926.5         1134925812.6         8.08462e-06               Y           
    1134588322.6         1134588948.2         5.14559e-06               Y           
    1126488799.6         1126489436.4         3.15823e-05               Z           
    1136664316.7         1136665163.0         2.86853e-06               Y           
    1135743756.7         1135744503.0         3.53826e-06               N           
    1135594637.5         1135594902.7         1.42761e-05               Y           
    1134747861.8         1134748738.1         9.54420e-06               Z           
    1133784331.7         1133785178.3         2.61262e-06               Y           
    1133564032.1         1133564254.7         7.81744e-06               Z           
    1132513078.6         1132514044.7         9.05872e-06               Y           
    1132251381.7         1132252244.9         5.36082e-06               Z           
    1131564038.4         1131564898.0         6.52028e-06               Y           
    1131017611.6         1131018231.0         9.18965e-06               Y           
    1131010514.3         1131011687.1         9.95557e-06               Y           
    1131005634.4         1131006165.9         9.42397e-06               Y           
    1130928841.2         1130929468.1         5.48795e-06               Y           
    1130621119.0         1130622122.1         1.76446e-06               N           
    1129368565.8         1129369377.6         4.66426e-06               Z           
    1128101771.9         1128102406.8         4.41759e-06               Z           
    1127664429.3         1127665249.8         5.37731e-06               N           
    1127137755.5         1127138172.9         2.29605e-05               Z           
    1126688846.5         1126689477.2         1.48472e-06               Y           
    1136664316.0         1136665162.3         2.86853e-06               Y           
    1126534773.0         1126535404.5         3.91231e-06               Z           
    1126497747.0         1126498379.6         1.34058e-05               Z           
    1126481022.7         1126481652.8         3.37312e-04               Z           
    1126480183.2         1126480815.6         3.39455e-04               Z           
    1136463139.4         1136463965.9         4.76943e-06               N           
    1136250738.0         1136251365.3         6.33149e-06               Z           
    1135320947.0         1135321312.6         1.25265e-05               Z           
    1134092775.8         1134093751.3         2.36600e-05               Z           
    1133614584.4         1133615213.4         8.29749e-06               N           
    1133456986.3         1133457741.1         4.52212e-06               Z           
    1132724697.1         1132725324.9         6.32144e-06               Z           
    1132714284.8         1132715055.1         5.43835e-06               N           
    1132660004.2         1132660243.4         6.93086e-06               Z           
    1132346498.5         1132346713.1         5.73807e-06               Y           
    1131816593.3         1131817451.7         1.37409e-05               Y           
    1131429874.2         1131430512.2         4.34416e-06               Z           
    1131258410.7         1131258890.4         2.40536e-06               Z           
    1131236834.8         1131237718.5         9.34200e-06               N           
    1131045304.4         1131046317.2         2.66226e-05               Z           
    1131014794.5         1131015414.3         8.90590e-06               Y           
    1130651565.4         1130652466.9         1.76397e-06               Z           
    1129595276.6         1129596178.8         7.44574e-06               Z           
    1129408409.1         1129409189.4         7.68011e-06               Z           
    1129139556.9         1129140248.4         6.56874e-06               Y           
    1129012723.2         1129013396.9         2.43221e-06               Z           
    1128672318.6         1128673191.7         4.80373e-06               Z           
    1128654936.2         1128655567.9         4.12548e-06               Z           
    1126900585.7         1126901220.4         2.75937e-06               Z           
    1126703354.8         1126703983.5         3.71960e-06               Y           
    1126599514.9         1126600154.6         1.99679e-06               Z           
    1137204824.2         1137205729.1         3.79617e-06               Y           
    1137021766.0         1137022749.8         6.41043e-06               Y           
    1136812506.2         1136813444.9         4.08183e-06               Y           
    1136804675.8         1136805477.9         3.63270e-06               Y           
    1126480163.8         1126480793.5         3.39425e-04               Z           
    1126166270.5         1126166515.3         2.02630e-05               Z           
    1134572633.0         1134573818.9         6.41489e-06               Z           
    1133998391.9         1133999071.7         2.81072e-06               Y           
    1133741389.8         1133742049.8         3.26963e-06               Y           
    1133512273.7         1133513126.9         2.18514e-04               Y           
    1133509888.4         1133510518.9         1.09685e-04               Y           
    1132949962.3         1132951148.1         2.65669e-06               Y           
    1132858598.6         1132859200.5         3.85951e-06               Z           
    1132433119.3         1132433823.4         6.65942e-06               Z           
    1131277540.9         1131278717.5         3.26866e-06               N           
    1131091986.6         1131092997.9         6.87753e-06               Z           
    1131014538.6         1131015552.2         9.17524e-06               Y           
    1130960430.5         1130961361.2         6.43673e-06               Z           
    1130776375.8         1130777273.2         5.25432e-06               Y           
    1130447397.8         1130448305.6         4.76539e-06               Y           
    1129743096.4         1129743902.0         6.45212e-06               Z           
    1128502582.4         1128503439.2         8.13347e-06               Z           
    1128450473.7         1128451107.0         3.27882e-06               Z           
    1127965806.5         1127966434.7         4.03521e-06               Z           
    1127357790.7         1127358762.2         2.63561e-06               Z           
    1127326661.9         1127327563.5         2.81259e-06               Y           
    1127323423.8         1127324332.6         2.74205e-06               Z           
    1126895830.5         1126896460.6         3.39923e-06               Z           
    1136808946.5         1136809883.8         4.15067e-06               Y           
    1131091983.0         1131092998.2         6.87753e-06               Z           
    1126557648.8         1126558275.2         2.77763e-06               Z           
    1126515541.7         1126516245.0         2.84310e-06               Z           
    1126503897.0         1126504533.8         2.96315e-06               Z           
    1126499216.0         1126499849.4         1.20293e-05               Z           
    1126493986.1         1126494615.0         3.12675e-06               Z           
    1126481320.1         1126481949.0         2.96487e-04               Z           
    1126131385.1         1126132298.7         2.10690e-06               Z           
    1136383974.1         1136384841.0         6.33948e-06               Z           
    1136326909.4         1136328077.8         5.99429e-06               Z           
    1136021672.2         1136022466.5         3.69197e-06               Y           
    1135632595.9         1135633430.2         3.62647e-06               N           
    1135140212.2         1135141418.2         7.31240e-06               N           
    1134512233.5         1134513146.8         3.38857e-06               Y           
    1134474425.3         1134475142.7         3.49292e-06               Z           
    1134423116.6         1134423830.4         3.21428e-06               Z           
    1134024146.1         1134025119.4         7.05351e-06               Z           
    1133708235.0         1133709210.6         4.41893e-06               Z           
    1133705658.4         1133706633.7         3.61267e-06               Z           
    1133517915.3         1133518780.8         5.05532e-06               Z           
    1133488045.5         1133488877.2         3.56439e-06               Z           
    1133466712.5         1133467570.7         5.20397e-06               Z           
    1133238367.8         1133239215.3         3.93722e-06               N           
    1133134046.9         1133134858.1         2.71993e-06               N           
    1132785187.3         1132786145.3         3.59737e-06               Y           
    1132757256.3         1132758438.1         5.59267e-06               Z           
    1132751515.8         1132752457.4         5.47614e-06               Z           
    1132648458.6         1132649398.9         5.73164e-06               Y           
    1132521455.5         1132522312.9         9.66800e-06               Z           
    1132368395.3         1132369212.0         2.93098e-06               Z           
    1131452514.0         1131453368.2         6.48873e-06               Y           
    1130834664.5         1130835291.0         1.84345e-06               Z           
    1130384944.5         1130385734.0         7.89395e-06               Y           
    1129979115.4         1129980308.0         9.26507e-06               N           
    1129336631.5         1129337501.1         4.65455e-06               N           
    1129149910.9         1129150798.1         4.98157e-06               Y           
    1128938865.1         1128939266.2         2.77186e-06               Y           
    1128220238.6         1128220664.6         2.07799e-06               N           
    1127900655.5         1127901857.8         5.48591e-06               Z           
    1127774987.6         1127775768.1         3.73423e-06               Z           
    1127669171.2         1127669389.5         5.06389e-06               Y           
    1127604067.8         1127605000.2         1.76226e-06               Z           
    1127436160.6         1127436632.0         2.46381e-06               Z           
    1127435571.5         1127436040.9         2.49235e-06               Z           
    1127423102.0         1127423734.8         6.41005e-06               Z           
    1127272864.6         1127273728.5         3.20088e-06               Z           
    1127060334.9         1127061523.0         4.04942e-06               Z           
    1126885045.0         1126885675.2         3.08025e-06               N           
    1126686701.6         1126687327.9         1.41605e-06               N           
    1137122455.8         1137122660.1         6.98367e-06               Y           
    1136326908.4         1136328078.5         5.99429e-06               Z           
    1126498728.9         1126499357.6         1.34397e-05               Z           
    1126142011.6         1126142978.0         1.06700e-06               Z           
    1126100298.9         1126101085.5         1.96273e-06               Z           
    1136586013.3         1136586786.0         2.81362e-06               N           
    1136325311.4         1136325569.4         5.27676e-06               Z           
    1136121552.6         1136121772.5         4.28552e-06               Y           
    1136091553.4         1136092348.6         4.27968e-06               Z           
    1135264806.1         1135265449.5         7.49353e-06               N           
    1134391460.2         1134392380.6         4.10238e-06               Z           
    1134333534.1         1134334332.6         3.28696e-06               Y           
    1134006754.7         1134007499.9         4.32487e-06               Z           
    1134006442.4         1134007402.1         4.30966e-06               Z           
    1133733179.2         1133734361.1         3.55003e-06               Z           
    1133703193.1         1133703951.6         3.99490e-06               Z           
    1133699968.2         1133700940.8         4.08336e-06               Z           
    1133510367.0         1133511232.1         2.18508e-04               Y           
    1133409805.2         1133410694.8         4.55051e-06               Y           
    1133316617.7         1133317219.4         5.32568e-06               Z           
    1133191765.5         1133192655.0         6.49940e-06               Y           
    1133086126.0         1133087008.6         3.73512e-06               Z           
    1132929941.3         1132930522.4         2.90284e-06               Y           
    1132170352.4         1132171143.1         2.68977e-06               Z           
    1131555228.3         1131556241.8         6.02838e-06               Y           
    1131513952.5         1131514542.8         3.85243e-06               Z           
    1131293524.3         1131294366.3         5.76019e-06               Z           
    1131212920.1         1131213491.3         2.99254e-06               Z           
    1131084752.7         1131085765.3         7.13355e-06               Z           
    1131079604.7         1131080185.2         8.72251e-06               Z           
    1130925991.8         1130926788.3         5.49120e-06               Z           
    1130914727.3         1130915081.5         5.35783e-06               Z           
    1130807413.5         1130808017.5         1.82606e-06               Y           
    1130659950.9         1130661129.5         1.37737e-06               Z           
    1130644279.6         1130645282.7         5.69689e-06               Y           
    1130488292.3         1130488914.5         4.24874e-06               Z           
    1130391748.5         1130392616.3         6.61128e-06               Y           
    1130301852.8         1130302854.9         8.73745e-06               Z           
    1130122185.0         1130122828.2         2.43363e-06               Z           
    1129983338.3         1129984531.2         1.06802e-05               Y           
    1129571279.1         1129572133.5         9.24641e-06               Z           
    1129511847.3         1129512662.2         3.90077e-06               Y           
    1129442706.2         1129443515.0         3.58757e-06               N           
    1129256274.1         1129257173.0         4.50677e-06               Y           
    1129150967.5         1129151824.9         4.30564e-06               Z           
    1128005451.4         1128005975.3         5.21945e-06               Z           
    1127693117.8         1127694302.2         2.53101e-06               Y           
    1126948969.4         1126949801.2         2.24121e-06               Z           
    1126686892.6         1126687794.4         1.47895e-06               Y           
    1137257680.8         1137258540.3         6.70038e-06               Y           
    1137204142.4         1137205321.1         4.04258e-06               Y           
    1136325308.3         1136325569.3         5.27676e-06               Z           
    1136121552.5         1136121772.6         4.28552e-06               Y           
    1134944915.5         1134945708.5         7.23707e-06               Z           
    1131084751.0         1131085765.3         7.13355e-06               Z           
    1126543954.9         1126544579.0         4.08228e-06               Z           
    1126541332.5         1126541961.2         4.25220e-06               Z           
    1126527001.0         1126527640.2         2.84281e-06               Z           
    1126482108.5         1126482736.1         2.09700e-04               Z           
    1126481806.6         1126482442.9         2.44936e-04               Z           
    1126481526.8         1126482149.1         2.44948e-04               Z           
    1126452161.1         1126453061.6         6.34325e-06               Z           
    1126381071.8         1126381972.2         6.07484e-06               Z           
    1126165253.6         1126165499.9         6.97905e-06               Z           
    1136590790.6         1136591750.7         2.89651e-06               Z           
    1136233436.8         1136234164.0         1.79844e-05               Z           
    1136061393.7         1136062333.6         3.55686e-06               Z           
    1136006927.2         1136007889.2         3.69453e-06               Z           
    1135953390.9         1135954312.7         4.25591e-06               Y           
    1135759059.5         1135759911.6         3.39717e-06               Y           
    1135355182.0         1135356154.8         1.52372e-05               Z           
    1135348784.8         1135349678.5         1.85850e-05               Z           
    1135203094.3         1135204030.2         3.61802e-06               Z           
    1135162870.0         1135163656.0         8.94202e-06               Z           
    1134944917.0         1134945708.6         7.23707e-06               Z           
    1134824727.8         1134825555.2         1.27868e-05               Z           
    1134638948.5         1134639873.0         7.47729e-06               N           
    1134631768.0         1134632594.7         6.06843e-06               Z           
    1134221393.0         1134222250.7         1.15534e-05               Z           
    1134162738.8         1134163332.2         5.38054e-06               Y           
    1134092057.6         1134093033.1         2.36831e-05               Z           
    1133748300.7         1133749273.4         3.72358e-06               Y           
    1133698001.2         1133698974.7         4.19483e-06               Z           
    1133694946.2         1133695919.3         1.73717e-05               Z           
    1133511001.9         1133511869.9         2.18519e-04               Y           
    1133492096.7         1133492892.9         3.45503e-06               Z           
    1133146971.5         1133147625.3         2.36272e-06               Z           
    1132753180.3         1132754133.0         5.53932e-06               Z           
    1131976201.7         1131976947.2         3.30651e-06               Z           
    1131847144.0         1131848110.1         1.15954e-05               Z           
    1131531719.4         1131532518.8         4.09374e-06               Z           
    1131384536.1         1131385161.4         4.63476e-06               N           
    1131315496.5         1131316451.5         3.09473e-06               N           
    1131037177.8         1131038190.7         1.22583e-05               Z           
    1131032473.4         1131033208.2         1.15861e-05               Y           
    1131024244.8         1131025258.6         1.18641e-05               Y           
    1130972051.4         1130973015.5         9.96629e-06               Y           
    1130723979.4         1130724666.9         1.16118e-06               Y           
    1130517424.7         1130518395.1         3.76247e-06               N           
    1130468665.3         1130469411.3         4.46033e-06               Z           
    1130239620.4         1130240548.4         3.41682e-06               Z           
    1129819689.0         1129819907.0         5.95142e-06               Z           
    1129509165.4         1129510370.5         3.92422e-06               Z           
    1128669822.8         1128670772.6         4.82753e-06               Z           
    1128659757.8         1128660091.1         3.77616e-06               Z           
    1128503058.0         1128504242.0         8.15775e-06               Z           
    1128202070.0         1128202863.2         3.64124e-06               Z           
    1127836330.3         1127837291.7         6.66038e-06               Z           
    1127591618.3         1127592531.2         2.74867e-06               N           
    1127576133.8         1127577029.0         6.87019e-06               Z           
    1127551627.6         1127552422.5         2.45761e-06               Z           
    1127257137.3         1127257996.5         2.65676e-06               N           
    1127146422.7         1127147049.8         7.29323e-06               Y           
    1127145456.5         1127146109.9         7.19067e-06               Y           
    1126929811.7         1126930739.8         1.98885e-06               N           
    1126619494.0         1126620126.1         2.17327e-06               Z           
    1137208939.4         1137209822.5         3.64488e-06               Y           
    1137180127.2         1137181091.7         6.56019e-06               Y           
    1137079820.5         1137080782.4         1.14146e-05               Y           
    1137054640.7         1137054879.3         1.34076e-05               Y           
    1137005690.7         1137006866.1         5.93896e-06               Y           
    1136998697.7         1136998993.7         5.65863e-06               Y           
    1136752515.8         1136753416.4         1.53237e-05               Y           
    1136636859.5         1136637819.8         2.82526e-06               Z           
    1136627220.2         1136628410.5         2.73464e-06               Z           
    1136061394.7         1136062333.7         3.55686e-06               Z           
    1135953390.5         1135954312.7         4.25591e-06               Y           
    1126564777.4         1126565407.9         3.25329e-06               Z           
    1126521103.1         1126521732.0         2.24413e-06               Z           
    1126503674.7         1126504309.4         3.08743e-06               Z           
    1126499905.1         1126500537.4         1.20368e-05               Z           
    1126494779.0         1126495406.8         4.03754e-06               Z           
    1126488125.7         1126488762.1         3.20235e-05               Z           
    1126484557.5         1126485194.3         5.78384e-05               Z           
    1126481561.8         1126482195.1         2.44937e-04               Z           
    1126480409.3         1126481035.0         3.39583e-04               Z           
    1126444156.1         1126445056.3         4.01619e-06               Z           
    1126168049.4         1126168295.7         3.46968e-04               Z           
    1126148163.7         1126148992.2         1.07578e-06               Z           
    1126111370.8         1126112184.3         2.90874e-06               Z           
    1136636865.3         1136637818.7         2.82526e-06               Z           
    1136199048.9         1136199764.6         6.05338e-06               Z           
    1136079018.5         1136079842.9         5.04937e-06               Y           
    1135508931.7         1135509734.9         4.63258e-06               Z           
    1135365872.5         1135366567.3         1.42307e-05               Z           
    1135064647.0         1135065491.9         4.38965e-06               Y           
    1135023539.7         1135024435.4         6.30224e-06               Y           
    1134920230.5         1134921098.3         6.05153e-06               N           
    1134512066.2         1134512821.1         3.39444e-06               Y           
    1134234522.1         1134235358.0         9.25691e-06               Z           
    1134174050.5         1134174890.1         5.48734e-06               Z           
    1134021217.0         1134022008.4         5.79304e-06               N           
    1133839265.8         1133840447.4         3.25292e-06               Y           
    1133795023.4         1133795855.8         3.21529e-06               N           
    1133188290.1         1133189196.3         5.03449e-06               Z           
    1133007278.8         1133008246.1         8.33187e-06               Z           
    1132985640.4         1132986491.3         2.00666e-06               Z           
    1132620791.5         1132621225.1         7.61552e-06               Y           
    1132581108.3         1132581862.1         7.40878e-06               Z           
    1132532259.8         1132533159.6         6.25976e-06               Y           
    1132261380.1         1132262253.3         3.06434e-06               N           
    1132259928.5         1132260283.1         3.48758e-06               Y           
    1132097158.4         1132098017.6         4.31441e-06               Y           
    1132066257.3         1132067224.6         8.13643e-06               Y           
    1132032855.2         1132033697.2         4.40077e-06               Y           
    1131992151.2         1131992968.8         3.53099e-06               Z           
    1131940068.8         1131940901.6         4.04229e-06               Y           
    1131908052.8         1131908933.3         5.08255e-05               Y           
    1131900444.9         1131901629.8         1.12530e-05               Z           
    1131856747.9         1131857604.7         1.30048e-05               Z           
    1131784437.8         1131785198.7         8.98446e-06               Y           
    1131679919.2         1131680586.4         3.16568e-06               Y           
    1131568486.3         1131569346.3         4.75475e-06               Y           
    1131454495.4         1131455350.6         6.47583e-06               N           
    1131278948.1         1131279231.0         3.31460e-06               Y           
    1131246486.0         1131247108.6         7.95169e-06               Y           
    1131243836.3         1131244458.8         1.67747e-05               Y           
    1131242482.9         1131243105.7         1.78571e-05               Y           
    1131112673.4         1131113579.1         5.33422e-06               N           
    1131061680.7         1131062504.6         7.77971e-06               Z           
    1131028462.4         1131029476.6         1.02908e-05               Y           
    1131018896.3         1131019909.9         1.19446e-05               Y           
    1130660114.8         1130661117.7         1.38034e-06               Z           
    1130652889.8         1130654078.1         1.56949e-06               Z           
    1130651008.5         1130651909.1         2.49995e-06               Z           
    1130548261.0         1130549128.6         2.77435e-06               Y           
    1130487879.5         1130488501.9         4.25414e-06               Z           
    1130470520.5         1130470775.3         3.59283e-06               Z           
    1130236037.8         1130237001.0         3.50451e-06               Z           
    1130210338.9         1130211149.0         2.30844e-06               Y           
    1129900335.8         1129901087.7         3.23581e-05               Y           
    1129889363.0         1129890546.4         3.43411e-05               Y           
    1129590476.0         1129590892.2         4.00092e-06               N           
    1129227462.2         1129228251.0         6.46965e-06               N           
    1129220634.8         1129221423.3         7.51151e-06               Y           
    1128826044.8         1128826996.7         1.56995e-06               N           
    1128679473.0         1128680363.8         5.02257e-06               Z           
    1128497484.6         1128498314.3         2.57624e-06               N           
    1128447307.7         1128448148.1         3.29425e-06               Z           
    1128443322.4         1128444293.0         3.59862e-06               Z           
    1128436772.0         1128437571.0         2.63251e-06               Z           
    1128297970.0         1128298569.0         2.17878e-06               Z           
    1128296620.2         1128297221.6         2.27099e-06               Z           
    1128158500.7         1128158752.9         2.09708e-06               Y           
    1127906478.7         1127907101.0         5.51677e-06               Y           
    1127703009.9         1127704194.2         2.32587e-06               Y           
    1127437342.4         1127437813.4         2.63591e-06               Z           
    1126902399.5         1126903196.1         2.56848e-06               Z           
    1126774969.5         1126775596.5         1.33114e-06               Z           
    1126764438.2         1126765073.7         1.18561e-06               Z           
    1126676179.4         1126677074.5         2.11464e-06               Z           
    1126658931.4         1126659889.3         2.43441e-06               N           
    1137159855.0         1137160685.6         7.85036e-06               Y           
    1137093933.8         1137095140.0         1.05519e-05               Y           
    1137019103.5         1137019990.6         5.91276e-06               Y           
    1136854625.0         1136855571.8         5.76212e-06               Y           
    1136785196.7         1136785972.2         3.77724e-06               Y           
    1136777915.1         1136778907.5         7.96820e-06               Y           
    1136755111.5         1136755969.3         1.53204e-05               Y           
    1136744960.9         1136745764.8         6.42269e-06               Y           
    1136699267.8         1136700451.3         2.96733e-06               Y           
    1136199048.4         1136199764.5         6.05338e-06               Z           
    1136170372.7         1136170998.1         4.94319e-06               Z           
    1135348788.6         1135349678.4         1.85850e-05               Z           
    1135143625.0         1135144279.4         7.31307e-06               N           
    1131900444.4         1131901629.9         1.12530e-05               Z           
    1131112673.9         1131113579.1         5.33422e-06               N           
    1127316923.0         1127317708.3         3.50390e-06               Y           
    1127234249.0         1127235062.7         3.94399e-06               Y           
    1126569317.7         1126569954.4         2.63955e-06               N           
    1126507011.3         1126507568.4         2.99075e-06               Z           
    1126499548.4         1126500180.8         1.20412e-05               Z           
    1126497921.0         1126498555.2         1.34028e-05               Z           
    1126489178.6         1126489811.1         3.15731e-05               Z           
    1126488148.9         1126488773.6         3.20092e-05               Z           
    1126485811.1         1126486443.8         4.71481e-05               Z           
    1126483594.4         1126484224.4         7.06053e-05               Z           
    1126482181.8         1126482813.9         1.53903e-04               Z           
    1126481638.2         1126482270.2         2.45047e-04               Z           
    1126481509.8         1126482140.7         2.44948e-04               Z           
    1126466490.3         1126467389.9         4.71454e-06               Z           
    1126376780.5         1126377425.4         5.61306e-06               Z           
    1136498874.7         1136499722.9         4.68843e-06               N           
    1136481065.8         1136481821.0         7.04263e-06               Z           
    1136468031.3         1136468664.8         4.14441e-06               Y           
    1136279246.5         1136280095.1         5.67382e-06               Z           
    1136254656.4         1136255172.6         5.60109e-06               Z           
    1136216460.1         1136217150.7         4.88152e-06               Y           
    1136170370.0         1136170997.7         4.93935e-06               Z           
    1136061100.0         1136062035.1         3.55093e-06               Z           
    1135994319.9         1135994535.2         2.46978e-06               Z           
    1135724710.3         1135725462.3         3.22871e-06               Z           
    1135635754.3         1135636373.0         3.40491e-06               N           
    1135481152.3         1135481375.4         4.03668e-06               N           
    1135479533.5         1135480186.3         4.32813e-06               N           
    1135187905.2         1135188541.4         7.00505e-06               Z           
    1134922688.6         1134923226.1         5.38092e-06               N           
    1134900546.8         1134901432.0         8.62254e-06               Z           
    1134888219.0         1134888948.5         8.86998e-06               Z           
    1134736649.3         1134737425.9         8.83556e-06               Z           
    1134684291.9         1134685174.9         1.13973e-05               Y           
    1134534469.8         1134534825.9         2.92203e-06               Z           
    1134236947.2         1134237782.0         5.12108e-06               Z           
    1134168994.2         1134169883.2         5.50306e-06               N           
    1133968155.0         1133968807.8         7.80943e-06               Y           
    1133906753.8         1133907955.3         2.86149e-06               Y           
    1133808948.9         1133809899.4         4.51434e-06               Z           
    1133723875.3         1133724743.4         4.22396e-06               Z           
    1133714161.7         1133715134.9         5.12215e-06               Z           
    1133712387.4         1133713360.2         4.73061e-06               Z           
    1133698656.5         1133699629.1         4.15623e-06               Z           
    1133634936.4         1133635903.7         5.38125e-06               Z           
    1133464614.0         1133465467.6         5.24540e-06               Z           
    1133391600.9         1133392451.7         4.54100e-06               Z           
    1133295755.1         1133296638.1         6.24426e-06               N           
    1133193332.1         1133193981.5         6.46739e-06               Y           
    1133137452.7         1133138105.8         2.62620e-06               N           
    1133036429.7         1133037311.0         2.63744e-06               Y           
    1133012412.1         1133012936.9         8.28810e-06               Y           
    1133006930.5         1133007555.1         2.42030e-06               Z           
    1132989991.1         1132990623.5         1.86374e-06               Z           
    1132789674.1         1132789949.6         3.13373e-06               Y           
    1132674419.8         1132675593.2         1.05170e-05               Y           
    1132659651.3         1132660536.4         6.88530e-06               Z           
    1132485799.0         1132486745.0         5.20693e-06               Z           
    1132462027.8         1132462845.9         6.45087e-06               Y           
    1132391673.0         1132392305.7         3.57574e-06               N           
    1132312750.6         1132313696.0         3.81490e-06               Z           
    1132241664.9         1132242653.0         6.56620e-06               N           
    1132215092.8         1132215295.5         6.47153e-06               Z           
    1131941769.6         1131942690.1         4.02409e-06               N           
    1131884155.0         1131884915.2         6.31333e-06               Z           
    1131878233.7         1131879406.4         7.18770e-06               Z           
    1131799880.6         1131800849.3         1.03182e-05               Y           
    1131725605.7         1131726420.1         9.38705e-06               Z           
    1131707085.6         1131708285.3         4.76527e-06               Z           
    1131599532.1         1131600345.7         3.29799e-06               Y           
    1131432906.1         1131433360.2         4.90153e-06               Z           
    1131301151.7         1131301864.0         4.09214e-06               Y           
    1131148471.4         1131149087.6         3.52746e-06               Y           
    1131123803.9         1131124652.2         7.15007e-06               Z           
    1130965088.8         1130966275.9         8.22310e-06               Z           
    1130939101.7         1130939907.7         3.82105e-06               Z           
    1130898640.3         1130899580.4         2.36430e-06               N           
    1130876059.6         1130876263.7         2.87479e-06               N           
    1130838247.9         1130839046.9         1.91417e-06               Z           
    1130825526.9         1130826432.8         1.72224e-06               Z           
    1130781791.0         1130782589.5         5.27126e-06               Y           
    1130775870.9         1130776872.4         5.23212e-06               Y           
    1130680087.3         1130680855.4         2.33109e-06               N           
    1130656009.0         1130656910.3         1.45243e-06               Z           
    1130506853.2         1130507739.4         3.62259e-06               Y           
    1130488085.3         1130488707.4         4.25209e-06               Z           
    1130224718.9         1130225529.4         3.18965e-06               Z           
    1130223554.3         1130224480.8         3.19467e-06               Z           
    1129986922.0         1129987827.8         2.32438e-05               Y           
    1129905555.3         1129906095.7         2.86700e-05               Y           
    1129858909.3         1129859688.6         2.53474e-05               Y           
    1129757102.3         1129757733.7         5.94466e-06               Z           
    1129535446.9         1129536652.0         4.03545e-06               N           
    1129370791.0         1129371417.9         4.65751e-06               Y           
    1129300276.0         1129301467.4         6.64549e-06               Y           
    1129208437.0         1129209396.7         5.97938e-06               Z           
    1129117162.2         1129117994.6         2.63868e-06               Y           
    1128844056.0         1128844395.1         1.36078e-06               Y           
    1128837000.1         1128837734.5         7.71860e-06               Y           
    1128655909.3         1128656541.2         4.11806e-06               Z           
    1128605539.9         1128606284.4         4.54415e-06               Z           
    1128393230.9         1128394073.1         1.48996e-06               N           
    1128225050.4         1128225884.1         2.63300e-06               Z           
    1128042592.4         1128043441.2         4.07981e-06               Y           
    1127988733.0         1127989360.5         4.36132e-06               N           
    1127895846.2         1127896359.3         5.96907e-06               Z           
    1127880866.7         1127881710.2         5.22777e-06               Y           
    1127614300.1         1127615190.0         1.61033e-06               Z           
    1127584231.5         1127585187.5         3.93497e-06               Z           
    1127574150.9         1127574380.4         9.50324e-06               Z           
    1127436282.3         1127436754.2         2.66067e-06               Z           
    1127426443.6         1127426913.4         3.53934e-06               N           
    1127423997.0         1127424466.4         4.28938e-06               Z           
    1127296204.4         1127296987.1         2.16100e-06               Z           
    1127291309.0         1127292491.6         2.45818e-06               Z           
    1127271817.5         1127272445.7         4.20956e-06               Z           
    1127206084.0         1127207065.7         2.24516e-06               Z           
    1127069288.3         1127070139.0         4.51960e-06               Z           
    1127043177.2         1127043813.2         2.01170e-06               Z           
    1126911975.0         1126912875.8         2.48281e-06               Y           
    1126896405.0         1126897344.6         3.70878e-06               Z           
    1126870584.7         1126871552.2         3.09307e-06               Y           
    1126804725.6         1126805352.1         1.58132e-06               Y           
    1126753339.0         1126753966.2         1.34399e-06               N           
    1126672445.2         1126673072.0         3.89997e-06               Z           
    1126657701.3         1126658562.6         1.98642e-06               N           
    1126585459.1         1126586094.0         2.65813e-06               N           
    1137085555.4         1137086156.7         1.00628e-05               Y           
    1137079736.0         1137080303.1         9.75946e-06               Y           
    1136954173.9         1136955185.6         4.21243e-06               Y           
    1136756274.0         1136757140.3         9.30674e-06               Y           
    1136706777.8         1136707704.2         3.00012e-06               Y           
    1136656950.9         1136657787.6         3.28337e-06               Y           
    1136498873.8         1136499722.1         4.68843e-06               N           
    1136482866.5         1136483662.6         7.03975e-06               Y           
    1136468032.8         1136468664.8         4.14441e-06               Y           
    1136299545.8         1136300169.2         5.72316e-06               Y           
    1136294961.0         1136295764.8         5.70716e-06               Y           
    1136279246.5         1136280094.5         5.67382e-06               Z           
    1136061097.9         1136062035.5         3.55093e-06               Z           
    1135994316.6         1135994535.9         2.46978e-06               Z           
    1135724709.3         1135725462.3         3.22871e-06               Z           
    1135635809.0         1135636993.0         4.01710e-06               N           
    1135508933.0         1135509734.4         4.63258e-06               Z           
    1135481151.0         1135481374.9         4.03668e-06               N           
    1135392863.0         1135393205.5         9.28795e-06               Z           
    1129665313.0         1129666193.0         5.31144e-06               Z           
    1127060385.0         1127061590.4         4.08203e-06               Z           
    1126556692.5         1126557331.9         2.60063e-06               Z           
    1126498123.6         1126498752.1         1.34153e-05               Z           
    1126491682.5         1126492319.3         8.62491e-06               Z           
    1126489602.7         1126490240.3         2.17026e-05               Z           
    1126486229.9         1126486865.7         3.63839e-05               Z           
    1126485791.6         1126486422.0         4.71481e-05               Z           
    1126485274.2         1126485908.8         5.78759e-05               Z           
    1126483295.9         1126483932.4         9.26619e-05               Z           
    1126483231.5         1126483868.0         9.26650e-05               Z           
    1126482518.0         1126483153.0         1.40979e-04               Z           
    1126447885.6         1126448785.7         5.08147e-06               Z           
    1126387297.9         1126387860.9         3.33477e-06               Z           
    1126380902.8         1126381684.3         6.08533e-06               Z           
    1126279190.4         1126280017.1         4.02422e-06               Z           
    1126277620.4         1126278464.0         3.43852e-06               Z           
    1126136375.6         1126137363.9         9.64998e-07               Z           
    1126086584.0         1126087557.5         1.24277e-06               Z           
    1126080846.1         1126081489.1         8.22908e-07               Z           
