    1132440670.8         1132441110.1         1.35682e-05               1           
    1132440355.1         1132440798.9         1.52258e-05               1           
    1132440355.8         1132440799.1         1.52258e-05               1           
    1129885799.6         1129886646.4         1.08535e-05               1           
    1133509823.6         1133510689.5         7.33161e-05               1           
    1133509824.5         1133510689.5         7.33161e-05               1           
    1133509823.0         1133510689.6         7.33161e-05               1           
    1133303117.1         1133304314.5         1.06788e-05               1           
    1131906681.6         1131907561.7         1.66434e-05               1           
    1133691727.4         1133692699.5         6.68101e-06               1           
    1131245196.9         1131245819.1         1.17967e-06               1           
    1131242095.5         1131242717.7          2.0898e-06               1           
    1131242095.6         1131242717.9          2.0898e-06               1           
    1133691725.5         1133692699.4         6.68101e-06               1           
    1132551935.3         1132552368.6          1.2852e-06               1           
    1131483108.0         1131483968.8          1.5396e-05               1           
    1135897539.1         1135898467.6          2.8674e-06               1           
    1136777150.6         1136777937.1         1.74008e-06               1           
    1136777150.0         1136777936.4         1.74008e-06               1           
    1127145224.7         1127146183.2          1.0319e-06               1           
    1126892417.1         1126893051.0         2.34171e-06               1           
    1131779424.3         1131780185.0         2.53165e-06               1           
    1131120243.1         1131120863.5         4.96945e-06               1           
    1130643872.2         1130644873.9         1.67378e-06               1           
    1136565504.1         1136566462.5          1.5756e-06               1           
    1136565502.9         1136566462.5          1.5756e-06               1           
    1136565502.0         1136566461.6          1.5756e-06               1           
    1135106104.2         1135106954.8         4.78059e-07               1           
    1132693240.0         1132693831.6         5.30507e-07               1           
    1126702357.9         1126702996.9         8.70682e-07               1           
    1132131989.1         1132132964.1         4.95028e-08               1           
    1128560324.2         1128561118.4         1.42051e-07               1           
    1126849191.9         1126849825.0         4.24249e-07               1           
    1134672472.5         1134673460.4         7.49478e-07               1           
    1132131990.5         1132132963.6         4.95028e-08               1           
    1136777145.3         1136777673.3         7.16597e-07               1           
    1134672473.6         1134673460.2         7.49478e-07               1           
    1129608275.1         1129609265.0         1.62699e-07               1           
    1129220332.5         1129221120.8         9.24997e-07               1           
    1128836605.3         1128837339.7          2.1877e-06               1           
    1127338852.4         1127339666.8         3.36631e-08               1           
    1126627199.6         1126627684.4         2.04462e-06               1           
    1136021671.0         1136022465.4         8.87035e-08               1           
    1129885789.0         1129886639.2         1.08535e-05               1           
    1136699779.2         1136700541.5          1.0417e-07               1           
    1135695752.6         1135696579.6         7.61294e-08               1           
    1135101502.0         1135102180.1         2.53178e-07               1           
    1135033875.2         1135034847.5         2.91627e-08               0           
    1134924926.9         1134925813.2         2.10712e-07               1           
    1134588322.5         1134588948.2         9.24544e-08               1           
    1132182347.7         1132182974.8          8.4941e-08               1           
    1132032729.5         1132033570.7         3.74655e-07               1           
    1130100417.3         1130101255.5         4.63222e-07               1           
    1129673019.8         1129673960.0         2.40503e-07               1           
    1129116806.0         1129117419.3         3.65234e-07               1           
    1127887439.1         1127888107.2         1.83905e-07               0           
    1127145433.2         1127146305.9         9.63676e-07               1           
    1137176675.4         1137177515.4         1.50417e-07               1           
    1136804675.0         1136805477.1         2.73838e-07               1           
    1135695753.7         1135696581.0         7.61294e-08               1           
    1135594635.1         1135594902.5         3.61734e-06               1           
    1134924926.5         1134925812.6         2.10712e-07               1           
    1134588322.6         1134588948.2         9.24544e-08               1           
    1136664316.7         1136665163.0         5.08741e-08               1           
    1135743756.7         1135744503.0         3.72146e-08               0           
    1135594637.5         1135594902.7         3.61734e-06               1           
    1133784331.7         1133785178.3         1.71188e-07               1           
    1132513078.6         1132514044.7         6.49747e-08               1           
    1131564038.4         1131564898.0         5.91185e-07               1           
    1131017611.6         1131018231.0         6.41032e-07               1           
    1131010514.3         1131011687.1          7.1944e-07               1           
    1131005634.4         1131006165.9         2.98684e-08               1           
    1130928841.2         1130929468.1         2.42483e-07               1           
    1130621119.0         1130622122.1         5.78028e-08               0           
    1127664429.3         1127665249.8         6.70711e-07               0           
    1126688846.5         1126689477.2         1.30197e-07               1           
    1136664316.0         1136665162.3         5.08741e-08               1           
    1136463139.4         1136463965.9         5.97585e-08               0           
    1133614584.4         1133615213.4          4.7586e-08               0           
    1132714284.8         1132715055.1         4.42323e-08               0           
    1132346498.5         1132346713.1         7.34947e-07               1           
    1131816593.3         1131817451.7         2.51961e-07               1           
    1131236834.8         1131237718.5         1.66183e-06               0           
    1131014794.5         1131015414.3         5.84514e-07               1           
    1129139556.9         1129140248.4         1.69686e-07               1           
    1126703354.8         1126703983.5          8.0064e-07               1           
    1137204824.2         1137205729.1         1.18967e-07               1           
    1137021766.0         1137022749.8         1.06988e-07               1           
    1136812506.2         1136813444.9         3.17794e-08               1           
    1136804675.8         1136805477.9         2.73838e-07               1           
    1133998391.9         1133999071.7         1.36258e-07               1           
    1133741389.8         1133742049.8          6.3381e-08               1           
    1133512273.7         1133513126.9         7.25786e-05               1           
    1133509888.4         1133510518.9         1.91589e-05               1           
    1132949962.3         1132951148.1         2.06334e-08               1           
    1131277540.9         1131278717.5         4.61142e-07               0           
    1131014538.6         1131015552.2         7.53866e-07               1           
    1130776375.8         1130777273.2         9.95704e-08               1           
    1130447397.8         1130448305.6         8.28203e-08               1           
    1127326661.9         1127327563.5         4.61014e-08               1           
    1136808946.5         1136809883.8         5.89774e-08               1           
    1136021672.2         1136022466.5         8.87035e-08               1           
    1135632595.9         1135633430.2         1.46969e-08               0           
    1135140212.2         1135141418.2         2.71213e-08               0           
    1134512233.5         1134513146.8         6.23797e-08               1           
    1133238367.8         1133239215.3         6.98858e-08               0           
    1133134046.9         1133134858.1         9.79318e-08               0           
    1132785187.3         1132786145.3         4.58218e-08               1           
    1132648458.6         1132649398.9         7.66879e-08               1           
    1131452514.0         1131453368.2         8.47512e-08               1           
    1130384944.5         1130385734.0         4.17731e-08               1           
    1129979115.4         1129980308.0         4.08709e-07               0           
    1129336631.5         1129337501.1         2.99094e-08               0           
    1129149910.9         1129150798.1         2.21296e-07               1           
    1128938865.1         1128939266.2         4.08163e-08               1           
    1128220238.6         1128220664.6          6.2155e-08               0           
    1127669171.2         1127669389.5         4.83856e-07               1           
    1126885045.0         1126885675.2         3.23556e-08               0           
    1126686701.6         1126687327.9         9.22396e-08               0           
    1137122455.8         1137122660.1         4.32003e-07               1           
    1136586013.3         1136586786.0         3.99347e-08               0           
    1136121552.6         1136121772.5         1.23521e-07               1           
    1135264806.1         1135265449.5         6.63849e-08               0           
    1134333534.1         1134334332.6         3.22746e-08               1           
    1133510367.0         1133511232.1         7.22761e-05               1           
    1133409805.2         1133410694.8         2.26895e-08               1           
    1133191765.5         1133192655.0         3.31514e-08               1           
    1132929941.3         1132930522.4         1.64261e-08               1           
    1131555228.3         1131556241.8         4.02125e-08               1           
    1130807413.5         1130808017.5         1.88318e-07               1           
    1130644279.6         1130645282.7         1.62086e-06               1           
    1130391748.5         1130392616.3         3.78846e-08               1           
    1129983338.3         1129984531.2          3.8112e-07               1           
    1129511847.3         1129512662.2         2.48604e-08               1           
    1129442706.2         1129443515.0         3.90547e-08               0           
    1129256274.1         1129257173.0         1.11368e-07               1           
    1127693117.8         1127694302.2         4.81425e-08               1           
    1126686892.6         1126687794.4         1.64736e-07               1           
    1137257680.8         1137258540.3         1.96166e-07               1           
    1137204142.4         1137205321.1         1.22629e-07               1           
    1136121552.5         1136121772.6         1.23521e-07               1           
    1135953390.9         1135954312.7          1.8497e-08               1           
    1135759059.5         1135759911.6         1.30451e-08               1           
    1134638948.5         1134639873.0          6.101e-08                0           
    1134162738.8         1134163332.2         5.05493e-08               1           
    1133748300.7         1133749273.4         6.07071e-08               1           
    1133511001.9         1133511869.9          7.1904e-05               1           
    1131384536.1         1131385161.4         4.70557e-08               0           
    1131315496.5         1131316451.5         2.75914e-08               0           
    1131032473.4         1131033208.2         7.41552e-08               1           
    1131024244.8         1131025258.6         7.04512e-08               1           
    1130972051.4         1130973015.5         1.01813e-07               1           
    1130723979.4         1130724666.9         1.02205e-07               1           
    1130517424.7         1130518395.1         3.62142e-08               0           
    1127591618.3         1127592531.2         2.20878e-08               0           
    1127257137.3         1127257996.5         2.08876e-08               0           
    1127146422.7         1127147049.8         8.39119e-07               1           
    1127145456.5         1127146109.9         5.14088e-07               1           
    1126929811.7         1126930739.8         2.80035e-08               0           
    1137208939.4         1137209822.5         1.06883e-07               1           
    1137180127.2         1137181091.7         6.56885e-08               1           
    1137079820.5         1137080782.4         4.06442e-08               1           
    1137054640.7         1137054879.3         8.97057e-07               1           
    1137005690.7         1137006866.1         1.80539e-07               1           
    1136998697.7         1136998993.7         8.96506e-08               1           
    1136752515.8         1136753416.4         4.89103e-07               1           
    1135953390.5         1135954312.7          1.8497e-08               1           
    1136079018.5         1136079842.9         4.26593e-08               1           
    1135064647.0         1135065491.9         2.15847e-08               1           
    1135023539.7         1135024435.4         4.77537e-07               1           
    1134920230.5         1134921098.3         5.50913e-08               0           
    1134512066.2         1134512821.1         6.05889e-08               1           
    1134021217.0         1134022008.4         4.15112e-08               0           
    1133839265.8         1133840447.4         3.03848e-08               1           
    1133795023.4         1133795855.8         2.34085e-08               0           
    1132620791.5         1132621225.1         6.16586e-08               1           
    1132532259.8         1132533159.6         1.91058e-07               1           
    1132261380.1         1132262253.3         7.97888e-08               0           
    1132259928.5         1132260283.1         3.17445e-08               1           
    1132097158.4         1132098017.6         1.82693e-08               1           
    1132066257.3         1132067224.6         3.56206e-08               1           
    1132032855.2         1132033697.2         3.71911e-07               1           
    1131940068.8         1131940901.6         2.99314e-08               1           
    1131908052.8         1131908933.3         1.62021e-05               1           
    1131784437.8         1131785198.7         5.18323e-07               1           
    1131679919.2         1131680586.4         4.84882e-08               1           
    1131568486.3         1131569346.3         3.34728e-07               1           
    1131454495.4         1131455350.6         8.58997e-08               0           
    1131278948.1         1131279231.0         3.13039e-07               1           
    1131246486.0         1131247108.6         6.88361e-07               1           
    1131243836.3         1131244458.8         2.25051e-06               1           
    1131242482.9         1131243105.7         1.76625e-06               1           
    1131112673.4         1131113579.1         4.51409e-08               0           
    1131028462.4         1131029476.6         9.15787e-08               1           
    1131018896.3         1131019909.9         8.61264e-07               1           
    1130548261.0         1130549128.6          2.5098e-08               1           
    1130210338.9         1130211149.0          1.9897e-08               1           
    1129900335.8         1129901087.7         1.57891e-07               1           
    1129889363.0         1129890546.4         1.11543e-05               1           
    1129590476.0         1129590892.2          2.2642e-07               0           
    1129227462.2         1129228251.0         8.18956e-08               0           
    1129220634.8         1129221423.3         9.10054e-07               1           
    1128826044.8         1128826996.7         1.23454e-08               0           
    1128497484.6         1128498314.3         2.50608e-08               0           
    1128158500.7         1128158752.9         7.69824e-08               1           
    1127906478.7         1127907101.0         1.68335e-08               1           
    1127703009.9         1127704194.2         4.23869e-08               1           
    1126658931.4         1126659889.3         1.97356e-08               0           
    1137159855.0         1137160685.6         4.51187e-08               1           
    1137093933.8         1137095140.0         5.57616e-08               1           
    1137019103.5         1137019990.6         1.20643e-07               1           
    1136854625.0         1136855571.8         3.68712e-08               1           
    1136785196.7         1136785972.2         2.19055e-07               1           
    1136777915.1         1136778907.5         2.05615e-06               1           
    1136755111.5         1136755969.3         4.79989e-07               1           
    1136744960.9         1136745764.8         3.35584e-08               1           
    1136699267.8         1136700451.3          1.1218e-07               1           
    1135143625.0         1135144279.4         2.03628e-08               0           
    1131112673.9         1131113579.1         4.51409e-08               0           
    1127316923.0         1127317708.3         2.27112e-08               1           
    1127234249.0         1127235062.7         2.95374e-08               1           
    1126569317.7         1126569954.4         1.39846e-08               0           
    1136498874.7         1136499722.9         2.46177e-08               0           
    1136468031.3         1136468664.8         3.24666e-08               1           
    1136216460.1         1136217150.7         2.19445e-08               1           
    1135635754.3         1135636373.0         1.45229e-08               0           
    1135481152.3         1135481375.4         5.36613e-08               0           
    1135479533.5         1135480186.3         6.15349e-08               0           
    1134922688.6         1134923226.1         5.11653e-08               0           
    1134684291.9         1134685174.9         8.84488e-08               1           
    1134168994.2         1134169883.2         6.11222e-08               0           
    1133968155.0         1133968807.8         4.08599e-08               1           
    1133906753.8         1133907955.3         2.24554e-08               1           
    1133295755.1         1133296638.1         2.97002e-08               0           
    1133193332.1         1133193981.5         2.90838e-08               1           
    1133137452.7         1133138105.8         4.58367e-08               0           
    1133036429.7         1133037311.0         1.58964e-08               1           
    1133012412.1         1133012936.9         2.13734e-08               1           
    1132789674.1         1132789949.6         2.24937e-08               1           
    1132674419.8         1132675593.2         8.57744e-08               1           
    1132462027.8         1132462845.9         1.62928e-08               1           
    1132391673.0         1132392305.7         1.29897e-08               0           
    1132241664.9         1132242653.0         8.94597e-08               0           
    1131941769.6         1131942690.1         2.86776e-08               0           
    1131799880.6         1131800849.3          4.5515e-07               1           
    1131599532.1         1131600345.7         8.00951e-08               1           
    1131301151.7         1131301864.0         3.52827e-08               1           
    1131148471.4         1131149087.6          3.0274e-08               1           
    1130898640.3         1130899580.4         2.84244e-08               0           
    1130876059.6         1130876263.7         8.57277e-09               0           
    1130781791.0         1130782589.5         2.21662e-08               1           
    1130775870.9         1130776872.4         1.02142e-07               1           
    1130680087.3         1130680855.4         1.43641e-08               0           
    1130506853.2         1130507739.4         3.55573e-08               1           
    1129986922.0         1129987827.8         3.13298e-07               1           
    1129905555.3         1129906095.7         3.55521e-07               1           
    1129858909.3         1129859688.6         1.59428e-07               1           
    1129535446.9         1129536652.0         3.23924e-08               0           
    1129370791.0         1129371417.9          3.392e-08                1           
    1129300276.0         1129301467.4         5.29742e-08               1           
    1129117162.2         1129117994.6         4.25155e-07               1           
    1128844056.0         1128844395.1          7.1755e-08               1           
    1128837000.1         1128837734.5         2.08283e-06               1           
    1128393230.9         1128394073.1         2.03146e-08               0           
    1128042592.4         1128043441.2         4.28231e-08               1           
    1127988733.0         1127989360.5         2.26417e-08               0           
    1127880866.7         1127881710.2         3.27957e-08               1           
    1127426443.6         1127426913.4         1.97591e-08               0           
    1126911975.0         1126912875.8         3.26049e-08               1           
    1126870584.7         1126871552.2         5.25178e-08               1           
    1126804725.6         1126805352.1         6.55741e-09               1           
    1126753339.0         1126753966.2         1.11814e-08               0           
    1126657701.3         1126658562.6         1.84482e-08               0           
    1126585459.1         1126586094.0         1.44283e-08               0           
    1137085555.4         1137086156.7         3.38249e-08               1           
    1137079736.0         1137080303.1         3.14168e-08               1           
    1136954173.9         1136955185.6         4.46608e-08               1           
    1136756274.0         1136757140.3         5.07898e-07               1           
    1136706777.8         1136707704.2         4.10748e-08               1           
    1136656950.9         1136657787.6         6.72655e-08               1           
    1136498873.8         1136499722.1         2.46177e-08               0           
    1136482866.5         1136483662.6         5.68516e-08               1           
    1136468032.8         1136468664.8         3.24666e-08               1           
    1136299545.8         1136300169.2         4.37702e-08               1           
    1136294961.0         1136295764.8         2.68232e-07               1           
    1135635809.0         1135636993.0          2.4082e-08               0           
    1135481151.0         1135481374.9         5.36613e-08               0           
