1126603273 1126603393 1126603273.0 -6.04042e-09 1126603273.0 -1.38925e-08 1126603273.0 -8.88376e-08 1126603273.0 0.00000e+00 1126603273.0 0.00000e+00 1126603273.0 0.00000e+00
1126628040 1126628160 1126628040.0 -2.73686e-07 1126628040.0 -7.89620e-08 1126628040.0 -4.84147e-09 1126628040.0 0.00000e+00 1126628040.0 0.00000e+00 1126628040.0 0.00000e+00
1126645332 1126645452 1126645332.0 -1.67612e-09 1126645332.0 1.24955e-09 1126645332.0 -8.83101e-11 1126645332.0 0.00000e+00 1126645332.0 0.00000e+00 1126645332.0 0.00000e+00
1126675514 1126675634 1126675514.0 -1.80140e-07 1126675514.0 -6.97736e-08 1126675514.0 -1.02325e-08 1126675514.0 0.00000e+00 1126675514.0 0.00000e+00 1126675514.0 0.00000e+00
1126691274 1126691394 1126691274.0 -4.27507e-09 1126691274.0 -3.11777e-08 1126691274.0 3.54607e-09 1126691274.0 0.00000e+00 1126691274.0 0.00000e+00 1126691274.0 0.00000e+00
1126703476 1126703596 1126703476.0 -3.38355e-07 1126703476.0 -1.18415e-07 1126703476.0 -2.11016e-08 1126703476.0 0.00000e+00 1126703476.0 0.00000e+00 1126703476.0 0.00000e+00
1126733165 1126733285 1126733165.0 -1.70112e-09 1126733165.0 -1.49237e-09 1126733165.0 5.93857e-11 1126733165.0 0.00000e+00 1126733165.0 0.00000e+00 1126733165.0 0.00000e+00
1126771360 1126771480 1126771360.0 4.82473e-10 1126771360.0 -1.09097e-09 1126771360.0 2.39899e-10 1126771360.0 0.00000e+00 1126771360.0 0.00000e+00 1126771360.0 0.00000e+00
1126788101 1126788221 1126788101.0 1.08058e-09 1126788101.0 2.30512e-10 1126788101.0 1.37504e-10 1126788101.0 0.00000e+00 1126788101.0 0.00000e+00 1126788101.0 0.00000e+00
1126832366 1126832486 1126832366.0 2.13587e-09 1126832366.0 -2.32448e-09 1126832366.0 -1.12814e-10 1126832366.0 0.00000e+00 1126832366.0 0.00000e+00 1126832366.0 0.00000e+00
1126849801 1126849921 1126849801.0 -1.35982e-08 1126849801.0 -4.15047e-08 1126849801.0 -8.96146e-08 1126849801.0 0.00000e+00 1126849801.0 0.00000e+00 1126849801.0 0.00000e+00
1126873615 1126873735 1126873615.0 4.30220e-10 1126873615.0 -7.94413e-10 1126873615.0 -2.77586e-10 1126873615.0 0.00000e+00 1126873615.0 0.00000e+00 1126873615.0 0.00000e+00
1126892997 1126893117 1126892997.0 -1.84444e-08 1126892997.0 -1.03933e-07 1126892997.0 -2.32060e-07 1126892997.0 0.00000e+00 1126892997.0 0.00000e+00 1126892997.0 0.00000e+00
1126942308 1126942428 1126942308.0 -1.57437e-07 1126942308.0 -1.04195e-07 1126942308.0 -3.47608e-08 1126942308.0 0.00000e+00 1126942308.0 0.00000e+00 1126942308.0 0.00000e+00
1126963786 1126963906 1126963786.0 2.34265e-09 1126963786.0 3.86696e-09 1126963786.0 5.64677e-10 1126963786.0 0.00000e+00 1126963786.0 0.00000e+00 1126963786.0 0.00000e+00
1126991732 1126991852 1126991732.0 -2.18174e-09 1126991732.0 6.31216e-10 1126991732.0 -1.00788e-09 1126991732.0 0.00000e+00 1126991732.0 0.00000e+00 1126991732.0 0.00000e+00
1127072235 1127072355 1127072235.0 4.00480e-09 1127072235.0 -1.87418e-09 1127072235.0 -8.36800e-09 1127072235.0 0.00000e+00 1127072235.0 0.00000e+00 1127072235.0 0.00000e+00
1127074147 1127074267 1127074147.0 -5.71877e-09 1127074147.0 -2.69266e-09 1127074147.0 -6.28704e-10 1127074147.0 0.00000e+00 1127074147.0 0.00000e+00 1127074147.0 0.00000e+00
1127086844 1127086964 1127086844.0 1.74733e-09 1127086844.0 1.28139e-09 1127086844.0 -6.03320e-10 1127086844.0 0.00000e+00 1127086844.0 0.00000e+00 1127086844.0 0.00000e+00
1127092155 1127092275 1127092155.0 2.55191e-09 1127092155.0 -9.41771e-10 1127092155.0 5.73157e-10 1127092155.0 0.00000e+00 1127092155.0 0.00000e+00 1127092155.0 0.00000e+00
1127126573 1127126693 1127126573.0 -6.42917e-10 1127126573.0 6.64895e-11 1127126573.0 3.91212e-10 1127126573.0 0.00000e+00 1127126573.0 0.00000e+00 1127126573.0 0.00000e+00
1127135184 1127135304 1127135184.0 1.45852e-10 1127135184.0 -9.51648e-10 1127135184.0 -2.65016e-10 1127135184.0 0.00000e+00 1127135184.0 0.00000e+00 1127135184.0 0.00000e+00
1127145569 1127145689 1127145569.0 2.09131e-09 1127145569.0 1.83782e-09 1127145569.0 8.93409e-10 1127145569.0 0.00000e+00 1127145569.0 0.00000e+00 1127145569.0 0.00000e+00
1127146440 1127146560 1127146440.0 -7.73499e-09 1127146440.0 -1.39948e-08 1127146440.0 -6.80515e-08 1127146440.0 0.00000e+00 1127146440.0 0.00000e+00 1127146440.0 0.00000e+00
1127171966 1127172086 1127171966.0 -2.87556e-09 1127171966.0 -2.50649e-10 1127171966.0 -8.28477e-10 1127171966.0 0.00000e+00 1127171966.0 0.00000e+00 1127171966.0 0.00000e+00
1127229815 1127229935 1127229815.0 -2.70026e-09 1127229815.0 4.16635e-10 1127229815.0 4.44939e-10 1127229815.0 0.00000e+00 1127229815.0 0.00000e+00 1127229815.0 0.00000e+00
1127233478 1127233598 1127233478.0 3.30660e-10 1127233478.0 1.13926e-09 1127233478.0 8.44564e-11 1127233478.0 0.00000e+00 1127233478.0 0.00000e+00 1127233478.0 0.00000e+00
1127233600 1127233720 1127233600.0 8.65275e-10 1127233600.0 1.47945e-09 1127233600.0 -2.31622e-10 1127233600.0 0.00000e+00 1127233600.0 0.00000e+00 1127233600.0 0.00000e+00
1127233610 1127233730 1127233610.0 1.18988e-09 1127233610.0 2.16694e-09 1127233610.0 9.22691e-11 1127233610.0 0.00000e+00 1127233610.0 0.00000e+00 1127233610.0 0.00000e+00
1127233857 1127233977 1127233857.0 -1.59018e-09 1127233857.0 -4.78042e-10 1127233857.0 -1.44244e-10 1127233857.0 0.00000e+00 1127233857.0 0.00000e+00 1127233857.0 0.00000e+00
1127233861 1127233981 1127233861.0 -2.16359e-09 1127233861.0 -2.23670e-10 1127233861.0 -1.85386e-10 1127233861.0 0.00000e+00 1127233861.0 0.00000e+00 1127233861.0 0.00000e+00
1127233934 1127234054 1127233934.0 2.26406e-09 1127233934.0 1.70393e-09 1127233934.0 -5.99851e-11 1127233934.0 0.00000e+00 1127233934.0 0.00000e+00 1127233934.0 0.00000e+00
1127234030 1127234150 1127234030.0 3.36314e-09 1127234030.0 -4.32964e-10 1127234030.0 -5.53603e-10 1127234030.0 0.00000e+00 1127234030.0 0.00000e+00 1127234030.0 0.00000e+00
1127234057 1127234177 1127234057.0 2.43093e-09 1127234057.0 1.33946e-09 1127234057.0 1.53979e-10 1127234057.0 0.00000e+00 1127234057.0 0.00000e+00 1127234057.0 0.00000e+00
1127234149 1127234269 1127234149.0 1.72488e-09 1127234149.0 3.18806e-10 1127234149.0 3.83579e-10 1127234149.0 0.00000e+00 1127234149.0 0.00000e+00 1127234149.0 0.00000e+00
1127271461 1127271581 1127271461.0 -9.01824e-09 1127271461.0 -3.06890e-09 1127271461.0 8.02043e-10 1127271461.0 0.00000e+00 1127271461.0 0.00000e+00 1127271461.0 0.00000e+00
1127311255 1127311375 1127311255.0 -1.08091e-07 1127311255.0 -3.70604e-08 1127311255.0 -2.51651e-08 1127311255.0 0.00000e+00 1127311255.0 0.00000e+00 1127311255.0 0.00000e+00
1127316030 1127316150 1127316030.0 7.35267e-11 1127316030.0 -5.78715e-09 1127316030.0 2.86686e-10 1127316030.0 0.00000e+00 1127316030.0 0.00000e+00 1127316030.0 0.00000e+00
1127378150 1127378270 1127378150.0 6.65518e-10 1127378150.0 3.10710e-09 1127378150.0 3.30309e-10 1127378150.0 0.00000e+00 1127378150.0 0.00000e+00 1127378150.0 0.00000e+00
1127409112 1127409232 1127409112.0 -7.21230e-09 1127409112.0 1.30836e-09 1127409112.0 -3.16835e-09 1127409112.0 0.00000e+00 1127409112.0 0.00000e+00 1127409112.0 0.00000e+00
1127423095 1127423215 1127423095.0 6.11463e-09 1127423095.0 4.52286e-09 1127423095.0 2.18109e-10 1127423095.0 0.00000e+00 1127423095.0 0.00000e+00 1127423095.0 0.00000e+00
1127436758 1127436878 1127436758.0 -7.33538e-09 1127436758.0 -4.21859e-08 1127436758.0 -1.28719e-08 1127436758.0 0.00000e+00 1127436758.0 0.00000e+00 1127436758.0 0.00000e+00
1127460491 1127460611 1127460491.0 -5.18627e-08 1127460491.0 -3.08361e-08 1127460491.0 -4.33871e-08 1127460491.0 0.00000e+00 1127460491.0 0.00000e+00 1127460491.0 0.00000e+00
1127464838 1127464958 1127464838.0 2.92277e-09 1127464838.0 5.27175e-09 1127464838.0 6.27357e-10 1127464838.0 0.00000e+00 1127464838.0 0.00000e+00 1127464838.0 0.00000e+00
1127480914 1127481034 1127480914.0 1.55632e-09 1127480914.0 7.12143e-10 1127480914.0 2.04785e-10 1127480914.0 0.00000e+00 1127480914.0 0.00000e+00 1127480914.0 0.00000e+00
1127483167 1127483287 1127483167.0 -3.47861e-08 1127483167.0 -5.37131e-08 1127483167.0 -2.02724e-08 1127483167.0 0.00000e+00 1127483167.0 0.00000e+00 1127483167.0 0.00000e+00
1127487574 1127487694 1127487574.0 1.64314e-09 1127487574.0 -5.62077e-11 1127487574.0 6.99153e-10 1127487574.0 0.00000e+00 1127487574.0 0.00000e+00 1127487574.0 0.00000e+00
1127489137 1127489257 1127489137.0 9.08516e-09 1127489137.0 1.99926e-09 1127489137.0 7.53099e-10 1127489137.0 0.00000e+00 1127489137.0 0.00000e+00 1127489137.0 0.00000e+00
1127489164 1127489284 1127489164.0 9.35012e-09 1127489164.0 1.42811e-09 1127489164.0 6.82612e-10 1127489164.0 0.00000e+00 1127489164.0 0.00000e+00 1127489164.0 0.00000e+00
1127489179 1127489299 1127489179.0 1.01981e-08 1127489179.0 8.40442e-10 1127489179.0 5.77963e-10 1127489179.0 0.00000e+00 1127489179.0 0.00000e+00 1127489179.0 0.00000e+00
1127489198 1127489318 1127489198.0 1.04185e-08 1127489198.0 3.83524e-10 1127489198.0 3.32291e-10 1127489198.0 0.00000e+00 1127489198.0 0.00000e+00 1127489198.0 0.00000e+00
1127489229 1127489349 1127489229.0 7.31907e-09 1127489229.0 -6.74840e-10 1127489229.0 1.16008e-10 1127489229.0 0.00000e+00 1127489229.0 0.00000e+00 1127489229.0 0.00000e+00
1127490234 1127490354 1127490234.0 -2.63403e-08 1127490234.0 -4.93887e-09 1127490234.0 5.66501e-09 1127490234.0 0.00000e+00 1127490234.0 0.00000e+00 1127490234.0 0.00000e+00
1127490318 1127490438 1127490318.0 -1.00461e-07 1127490318.0 -2.16660e-08 1127490318.0 -1.11623e-08 1127490318.0 0.00000e+00 1127490318.0 0.00000e+00 1127490318.0 0.00000e+00
1127506036 1127506156 1127506036.0 -8.60633e-09 1127506036.0 4.34877e-09 1127506036.0 4.18526e-10 1127506036.0 0.00000e+00 1127506036.0 0.00000e+00 1127506036.0 0.00000e+00
1127508437 1127508557 1127508437.0 -2.10979e-08 1127508437.0 -5.80138e-09 1127508437.0 -1.02571e-09 1127508437.0 0.00000e+00 1127508437.0 0.00000e+00 1127508437.0 0.00000e+00
1127565140 1127565260 1127565140.0 -8.20938e-10 1127565140.0 -2.62286e-09 1127565140.0 3.21294e-10 1127565140.0 0.00000e+00 1127565140.0 0.00000e+00 1127565140.0 0.00000e+00
1127613269 1127613389 1127613269.0 1.36474e-09 1127613269.0 2.09734e-09 1127613269.0 2.94487e-11 1127613269.0 0.00000e+00 1127613269.0 0.00000e+00 1127613269.0 0.00000e+00
1127658837 1127658957 1127658837.0 -8.83311e-09 1127658837.0 -9.87226e-09 1127658837.0 7.67505e-10 1127658837.0 0.00000e+00 1127658837.0 0.00000e+00 1127658837.0 0.00000e+00
1127663561 1127663681 1127663561.0 -1.71720e-09 1127663561.0 -2.71553e-09 1127663561.0 -4.81905e-10 1127663561.0 0.00000e+00 1127663561.0 0.00000e+00 1127663561.0 0.00000e+00
1127663866 1127663986 1127663866.0 5.48632e-09 1127663866.0 2.67449e-09 1127663866.0 5.08144e-10 1127663866.0 0.00000e+00 1127663866.0 0.00000e+00 1127663866.0 0.00000e+00
1127663982 1127664102 1127663982.0 4.56505e-09 1127663982.0 3.27779e-09 1127663982.0 -3.35411e-10 1127663982.0 0.00000e+00 1127663982.0 0.00000e+00 1127663982.0 0.00000e+00
1127669166 1127669286 1127669166.0 3.41650e-09 1127669166.0 4.48082e-09 1127669166.0 -8.76355e-11 1127669166.0 0.00000e+00 1127669166.0 0.00000e+00 1127669166.0 0.00000e+00
1127676841 1127676961 1127676841.0 6.86797e-09 1127676841.0 -1.20401e-09 1127676841.0 1.12936e-09 1127676841.0 0.00000e+00 1127676841.0 0.00000e+00 1127676841.0 0.00000e+00
1127676872 1127676992 1127676872.0 6.76736e-09 1127676872.0 -1.69854e-10 1127676872.0 9.42060e-10 1127676872.0 0.00000e+00 1127676872.0 0.00000e+00 1127676872.0 0.00000e+00
1127678969 1127679089 1127678969.0 -1.14444e-08 1127678969.0 -1.14614e-08 1127678969.0 -4.23409e-10 1127678969.0 0.00000e+00 1127678969.0 0.00000e+00 1127678969.0 0.00000e+00
1127742663 1127742783 1127742663.0 -1.63654e-08 1127742663.0 -9.41618e-09 1127742663.0 -6.94557e-10 1127742663.0 0.00000e+00 1127742663.0 0.00000e+00 1127742663.0 0.00000e+00
1127744289 1127744409 1127744289.0 -3.65767e-08 1127744289.0 -1.64668e-08 1127744289.0 -4.26524e-09 1127744289.0 0.00000e+00 1127744289.0 0.00000e+00 1127744289.0 0.00000e+00
1127747274 1127747394 1127747274.0 -6.65409e-09 1127747274.0 -1.37075e-08 1127747274.0 -1.11958e-09 1127747274.0 0.00000e+00 1127747274.0 0.00000e+00 1127747274.0 0.00000e+00
1127754688 1127754808 1127754688.0 1.90698e-10 1127754688.0 -5.92182e-09 1127754688.0 -2.68376e-10 1127754688.0 0.00000e+00 1127754688.0 0.00000e+00 1127754688.0 0.00000e+00
1127757025 1127757145 1127757025.0 -1.73000e-08 1127757025.0 1.18008e-09 1127757025.0 -3.43139e-09 1127757025.0 0.00000e+00 1127757025.0 0.00000e+00 1127757025.0 0.00000e+00
1127760760 1127760880 1127760760.0 8.13660e-09 1127760760.0 2.77642e-09 1127760760.0 -1.76312e-09 1127760760.0 0.00000e+00 1127760760.0 0.00000e+00 1127760760.0 0.00000e+00
1127767145 1127767265 1127767145.0 1.11866e-09 1127767145.0 3.92869e-10 1127767145.0 2.13377e-09 1127767145.0 0.00000e+00 1127767145.0 0.00000e+00 1127767145.0 0.00000e+00
1127772771 1127772891 1127772771.0 1.21851e-09 1127772771.0 -1.45116e-09 1127772771.0 2.85949e-11 1127772771.0 0.00000e+00 1127772771.0 0.00000e+00 1127772771.0 0.00000e+00
1127778300 1127778420 1127778300.0 -2.45801e-09 1127778300.0 2.67971e-09 1127778300.0 1.74745e-10 1127778300.0 0.00000e+00 1127778300.0 0.00000e+00 1127778300.0 0.00000e+00
1127797724 1127797844 1127797724.0 2.95596e-09 1127797724.0 1.08968e-08 1127797724.0 1.14850e-09 1127797724.0 0.00000e+00 1127797724.0 0.00000e+00 1127797724.0 0.00000e+00
1127820379 1127820499 1127820379.0 -1.18314e-09 1127820379.0 6.99846e-10 1127820379.0 2.24718e-09 1127820379.0 0.00000e+00 1127820379.0 0.00000e+00 1127820379.0 0.00000e+00
1127822084 1127822204 1127822084.0 2.98931e-09 1127822084.0 1.80970e-09 1127822084.0 8.20831e-10 1127822084.0 0.00000e+00 1127822084.0 0.00000e+00 1127822084.0 0.00000e+00
1127824280 1127824400 1127824280.0 8.86827e-10 1127824280.0 -8.43289e-09 1127824280.0 -8.93557e-11 1127824280.0 0.00000e+00 1127824280.0 0.00000e+00 1127824280.0 0.00000e+00
1127828277 1127828397 1127828277.0 -7.68798e-09 1127828277.0 -6.00763e-09 1127828277.0 -3.33598e-09 1127828277.0 0.00000e+00 1127828277.0 0.00000e+00 1127828277.0 0.00000e+00
1127831133 1127831253 1127831133.0 8.93390e-09 1127831133.0 6.37698e-09 1127831133.0 -1.24635e-10 1127831133.0 0.00000e+00 1127831133.0 0.00000e+00 1127831133.0 0.00000e+00
1127833854 1127833974 1127833854.0 1.21176e-09 1127833854.0 4.85149e-09 1127833854.0 8.63493e-10 1127833854.0 0.00000e+00 1127833854.0 0.00000e+00 1127833854.0 0.00000e+00
1127841071 1127841191 1127841071.0 -7.40818e-09 1127841071.0 -7.99363e-09 1127841071.0 -1.27495e-09 1127841071.0 0.00000e+00 1127841071.0 0.00000e+00 1127841071.0 0.00000e+00
1127858796 1127858916 1127858796.0 -1.39497e-09 1127858796.0 -8.40954e-10 1127858796.0 1.17682e-09 1127858796.0 0.00000e+00 1127858796.0 0.00000e+00 1127858796.0 0.00000e+00
1127865566 1127865686 1127865566.0 -5.85593e-09 1127865566.0 -2.48034e-09 1127865566.0 -1.25801e-09 1127865566.0 0.00000e+00 1127865566.0 0.00000e+00 1127865566.0 0.00000e+00
1127868919 1127869039 1127868919.0 -7.67228e-10 1127868919.0 -2.81650e-09 1127868919.0 -2.17288e-09 1127868919.0 0.00000e+00 1127868919.0 0.00000e+00 1127868919.0 0.00000e+00
1127876200 1127876320 1127876200.0 -3.06081e-09 1127876200.0 -5.13899e-09 1127876200.0 7.42259e-10 1127876200.0 0.00000e+00 1127876200.0 0.00000e+00 1127876200.0 0.00000e+00
1127903352 1127903472 1127903352.0 1.04926e-09 1127903352.0 9.33284e-10 1127903352.0 2.09992e-11 1127903352.0 0.00000e+00 1127903352.0 0.00000e+00 1127903352.0 0.00000e+00
1127905493 1127905613 1127905493.0 -4.66617e-09 1127905493.0 -5.08097e-09 1127905493.0 -4.14849e-09 1127905493.0 0.00000e+00 1127905493.0 0.00000e+00 1127905493.0 0.00000e+00
1127922205 1127922325 1127922205.0 2.26217e-09 1127922205.0 3.12416e-10 1127922205.0 -4.73319e-10 1127922205.0 0.00000e+00 1127922205.0 0.00000e+00 1127922205.0 0.00000e+00
1127923811 1127923931 1127923811.0 -9.75809e-09 1127923811.0 -1.33792e-08 1127923811.0 -1.12363e-09 1127923811.0 0.00000e+00 1127923811.0 0.00000e+00 1127923811.0 0.00000e+00
1127929769 1127929889 1127929769.0 -1.65630e-08 1127929769.0 6.41608e-09 1127929769.0 1.66233e-09 1127929769.0 0.00000e+00 1127929769.0 0.00000e+00 1127929769.0 0.00000e+00
1127941752 1127941872 1127941752.0 -3.05212e-09 1127941752.0 -2.36565e-09 1127941752.0 -1.80432e-09 1127941752.0 0.00000e+00 1127941752.0 0.00000e+00 1127941752.0 0.00000e+00
1127943908 1127944028 1127943908.0 -1.02898e-08 1127943908.0 -6.86056e-09 1127943908.0 -1.48806e-09 1127943908.0 0.00000e+00 1127943908.0 0.00000e+00 1127943908.0 0.00000e+00
1127946563 1127946683 1127946563.0 9.79181e-09 1127946563.0 -9.69781e-10 1127946563.0 3.97030e-10 1127946563.0 0.00000e+00 1127946563.0 0.00000e+00 1127946563.0 0.00000e+00
1127949127 1127949247 1127949127.0 2.73698e-09 1127949127.0 8.28805e-10 1127949127.0 7.32682e-10 1127949127.0 0.00000e+00 1127949127.0 0.00000e+00 1127949127.0 0.00000e+00
1127956662 1127956782 1127956662.0 5.21198e-09 1127956662.0 3.40128e-09 1127956662.0 1.16663e-10 1127956662.0 0.00000e+00 1127956662.0 0.00000e+00 1127956662.0 0.00000e+00
1127972615 1127972735 1127972615.0 1.22169e-09 1127972615.0 -2.58214e-09 1127972615.0 5.36771e-10 1127972615.0 0.00000e+00 1127972615.0 0.00000e+00 1127972615.0 0.00000e+00
1127975519 1127975639 1127975519.0 -1.46357e-09 1127975519.0 4.29091e-09 1127975519.0 -7.43852e-11 1127975519.0 0.00000e+00 1127975519.0 0.00000e+00 1127975519.0 0.00000e+00
1128007695 1128007815 1128007695.0 -4.42268e-08 1128007695.0 -1.22001e-08 1128007695.0 1.21762e-10 1128007695.0 0.00000e+00 1128007695.0 0.00000e+00 1128007695.0 0.00000e+00
1128017601 1128017721 1128017601.0 1.94037e-09 1128017601.0 2.53468e-09 1128017601.0 -5.95803e-10 1128017601.0 0.00000e+00 1128017601.0 0.00000e+00 1128017601.0 0.00000e+00
1128018974 1128019094 1128018974.0 6.86847e-09 1128018974.0 -5.18535e-09 1128018974.0 -9.98172e-10 1128018974.0 0.00000e+00 1128018974.0 0.00000e+00 1128018974.0 0.00000e+00
1128024943 1128025063 1128024943.0 2.60909e-08 1128024943.0 -4.93258e-10 1128024943.0 1.92671e-10 1128024943.0 0.00000e+00 1128024943.0 0.00000e+00 1128024943.0 0.00000e+00
1128030593 1128030713 1128030593.0 1.27674e-08 1128030593.0 -6.44458e-09 1128030593.0 -5.26544e-11 1128030593.0 0.00000e+00 1128030593.0 0.00000e+00 1128030593.0 0.00000e+00
1128037289 1128037409 1128037289.0 2.07295e-09 1128037289.0 -3.45293e-09 1128037289.0 -4.73785e-10 1128037289.0 0.00000e+00 1128037289.0 0.00000e+00 1128037289.0 0.00000e+00
1128039090 1128039210 1128039090.0 -1.34270e-08 1128039090.0 -1.25325e-09 1128039090.0 6.94863e-10 1128039090.0 0.00000e+00 1128039090.0 0.00000e+00 1128039090.0 0.00000e+00
1128072454 1128072574 1128072454.0 1.33957e-09 1128072454.0 -3.94690e-09 1128072454.0 6.21436e-10 1128072454.0 0.00000e+00 1128072454.0 0.00000e+00 1128072454.0 0.00000e+00
1128122015 1128122135 1128122015.0 -9.82147e-10 1128122015.0 -1.86957e-09 1128122015.0 -2.87139e-10 1128122015.0 0.00000e+00 1128122015.0 0.00000e+00 1128122015.0 0.00000e+00
1128154174 1128154294 1128154174.0 6.24448e-10 1128154174.0 -1.54308e-09 1128154174.0 -1.85800e-09 1128154174.0 0.00000e+00 1128154174.0 0.00000e+00 1128154174.0 0.00000e+00
1128171595 1128171715 1128171595.0 -3.15113e-09 1128171595.0 -6.82970e-09 1128171595.0 5.25683e-10 1128171595.0 0.00000e+00 1128171595.0 0.00000e+00 1128171595.0 0.00000e+00
1128205064 1128205184 1128205064.0 -3.01605e-09 1128205064.0 -5.80551e-10 1128205064.0 -2.06029e-09 1128205064.0 0.00000e+00 1128205064.0 0.00000e+00 1128205064.0 0.00000e+00
1128207133 1128207253 1128207133.0 8.95567e-10 1128207133.0 -1.31436e-09 1128207133.0 -1.20311e-09 1128207133.0 0.00000e+00 1128207133.0 0.00000e+00 1128207133.0 0.00000e+00
1128239674 1128239794 1128239674.0 -2.11627e-09 1128239674.0 2.83816e-10 1128239674.0 -2.10624e-10 1128239674.0 0.00000e+00 1128239674.0 0.00000e+00 1128239674.0 0.00000e+00
1128299031 1128299151 1128299031.0 -6.76789e-09 1128299031.0 -2.57372e-08 1128299031.0 -1.95892e-08 1128299031.0 0.00000e+00 1128299031.0 0.00000e+00 1128299031.0 0.00000e+00
1128351783 1128351903 1128351783.0 1.87707e-09 1128351783.0 -1.98025e-09 1128351783.0 -2.49832e-12 1128351783.0 0.00000e+00 1128351783.0 0.00000e+00 1128351783.0 0.00000e+00
1128353670 1128353790 1128353670.0 -6.04572e-10 1128353670.0 7.14098e-11 1128353670.0 -1.07585e-09 1128353670.0 0.00000e+00 1128353670.0 0.00000e+00 1128353670.0 0.00000e+00
1128354130 1128354250 1128354130.0 2.85005e-09 1128354130.0 1.90785e-09 1128354130.0 -1.01860e-09 1128354130.0 0.00000e+00 1128354130.0 0.00000e+00 1128354130.0 0.00000e+00
1128406136 1128406256 1128406136.0 1.02359e-09 1128406136.0 -3.04764e-09 1128406136.0 2.10607e-10 1128406136.0 0.00000e+00 1128406136.0 0.00000e+00 1128406136.0 0.00000e+00
1128459444 1128459564 1128459444.0 -4.16555e-09 1128459444.0 -7.78535e-10 1128459444.0 2.90560e-10 1128459444.0 0.00000e+00 1128459444.0 0.00000e+00 1128459444.0 0.00000e+00
1128459687 1128459807 1128459687.0 4.03916e-09 1128459687.0 2.19136e-09 1128459687.0 -1.11601e-09 1128459687.0 0.00000e+00 1128459687.0 0.00000e+00 1128459687.0 0.00000e+00
1128463452 1128463572 1128463452.0 -3.85597e-09 1128463452.0 1.64380e-09 1128463452.0 -1.21071e-09 1128463452.0 0.00000e+00 1128463452.0 0.00000e+00 1128463452.0 0.00000e+00
1128463999 1128464119 1128463999.0 -3.21817e-09 1128463999.0 -6.60894e-09 1128463999.0 2.87010e-10 1128463999.0 0.00000e+00 1128463999.0 0.00000e+00 1128463999.0 0.00000e+00
1128466416 1128466536 1128466416.0 2.92109e-10 1128466416.0 -5.73203e-09 1128466416.0 -1.23768e-11 1128466416.0 0.00000e+00 1128466416.0 0.00000e+00 1128466416.0 0.00000e+00
1128504301 1128504421 1128504301.0 -7.34019e-08 1128504301.0 -1.42216e-08 1128504301.0 -1.12528e-08 1128504301.0 0.00000e+00 1128504301.0 0.00000e+00 1128504301.0 0.00000e+00
1128539663 1128539783 1128539663.0 -1.65945e-08 1128539663.0 -1.07488e-08 1128539663.0 -2.28855e-09 1128539663.0 0.00000e+00 1128539663.0 0.00000e+00 1128539663.0 0.00000e+00
1128547566 1128547686 1128547566.0 5.85825e-09 1128547566.0 4.43168e-10 1128547566.0 1.07789e-09 1128547566.0 0.00000e+00 1128547566.0 0.00000e+00 1128547566.0 0.00000e+00
1128557957 1128558077 1128557957.0 4.56444e-09 1128557957.0 4.78425e-09 1128557957.0 2.96593e-10 1128557957.0 0.00000e+00 1128557957.0 0.00000e+00 1128557957.0 0.00000e+00
1128562089 1128562209 1128562089.0 -2.07933e-08 1128562089.0 -1.28619e-09 1128562089.0 -2.27183e-09 1128562089.0 0.00000e+00 1128562089.0 0.00000e+00 1128562089.0 0.00000e+00
1128577861 1128577981 1128577861.0 -7.73441e-09 1128577861.0 1.74047e-10 1128577861.0 -2.24373e-09 1128577861.0 0.00000e+00 1128577861.0 0.00000e+00 1128577861.0 0.00000e+00
1128578233 1128578353 1128578233.0 -8.15445e-10 1128578233.0 -2.41606e-09 1128578233.0 -1.57092e-09 1128578233.0 0.00000e+00 1128578233.0 0.00000e+00 1128578233.0 0.00000e+00
1128593810 1128593930 1128593810.0 -2.82666e-09 1128593810.0 5.06400e-10 1128593810.0 7.22952e-10 1128593810.0 0.00000e+00 1128593810.0 0.00000e+00 1128593810.0 0.00000e+00
1128688407 1128688527 1128688407.0 -2.51562e-09 1128688407.0 5.46501e-09 1128688407.0 1.46068e-10 1128688407.0 0.00000e+00 1128688407.0 0.00000e+00 1128688407.0 0.00000e+00
1128706839 1128706959 1128706839.0 3.77008e-09 1128706839.0 -6.76464e-10 1128706839.0 -1.75476e-09 1128706839.0 0.00000e+00 1128706839.0 0.00000e+00 1128706839.0 0.00000e+00
1128718976 1128719096 1128718976.0 4.95992e-09 1128718976.0 5.28361e-09 1128718976.0 1.31895e-10 1128718976.0 0.00000e+00 1128718976.0 0.00000e+00 1128718976.0 0.00000e+00
1128719319 1128719439 1128719319.0 -2.45226e-09 1128719319.0 -2.60164e-09 1128719319.0 -4.22136e-10 1128719319.0 0.00000e+00 1128719319.0 0.00000e+00 1128719319.0 0.00000e+00
1128735152 1128735272 1128735152.0 3.02535e-09 1128735152.0 6.99639e-10 1128735152.0 1.34461e-09 1128735152.0 0.00000e+00 1128735152.0 0.00000e+00 1128735152.0 0.00000e+00
1128775499 1128775619 1128775499.0 2.48169e-09 1128775499.0 -2.15207e-09 1128775499.0 -1.11228e-09 1128775499.0 0.00000e+00 1128775499.0 0.00000e+00 1128775499.0 0.00000e+00
1128776407 1128776527 1128776407.0 2.63412e-09 1128776407.0 2.76396e-09 1128776407.0 -2.95027e-10 1128776407.0 0.00000e+00 1128776407.0 0.00000e+00 1128776407.0 0.00000e+00
1128776430 1128776550 1128776430.0 3.47372e-09 1128776430.0 2.49578e-09 1128776430.0 5.85966e-10 1128776430.0 0.00000e+00 1128776430.0 0.00000e+00 1128776430.0 0.00000e+00
1128776558 1128776678 1128776558.0 -3.33231e-09 1128776558.0 -6.85646e-10 1128776558.0 -1.10795e-09 1128776558.0 0.00000e+00 1128776558.0 0.00000e+00 1128776558.0 0.00000e+00
1128798846 1128798966 1128798846.0 -2.35048e-09 1128798846.0 -1.70180e-09 1128798846.0 -1.33007e-09 1128798846.0 0.00000e+00 1128798846.0 0.00000e+00 1128798846.0 0.00000e+00
1128799693 1128799813 1128799693.0 2.16894e-09 1128799693.0 -1.27635e-09 1128799693.0 4.63180e-10 1128799693.0 0.00000e+00 1128799693.0 0.00000e+00 1128799693.0 0.00000e+00
1128800370 1128800490 1128800370.0 5.36040e-09 1128800370.0 1.31536e-09 1128800370.0 -2.60730e-11 1128800370.0 0.00000e+00 1128800370.0 0.00000e+00 1128800370.0 0.00000e+00
1128812965 1128813085 1128812965.0 -2.66574e-09 1128812965.0 3.21053e-10 1128812965.0 -9.66552e-10 1128812965.0 0.00000e+00 1128812965.0 0.00000e+00 1128812965.0 0.00000e+00
1128812972 1128813092 1128812972.0 -2.61986e-09 1128812972.0 5.67316e-10 1128812972.0 -1.01514e-09 1128812972.0 0.00000e+00 1128812972.0 0.00000e+00 1128812972.0 0.00000e+00
1128812983 1128813103 1128812983.0 -1.72393e-09 1128812983.0 9.85550e-10 1128812983.0 -1.13414e-09 1128812983.0 0.00000e+00 1128812983.0 0.00000e+00 1128812983.0 0.00000e+00
1128813000 1128813120 1128813000.0 -7.62987e-10 1128813000.0 6.61273e-10 1128813000.0 -1.20270e-09 1128813000.0 0.00000e+00 1128813000.0 0.00000e+00 1128813000.0 0.00000e+00
1128813017 1128813137 1128813017.0 -4.04214e-09 1128813017.0 -7.37704e-10 1128813017.0 -1.21688e-09 1128813017.0 0.00000e+00 1128813017.0 0.00000e+00 1128813017.0 0.00000e+00
1128824569 1128824689 1128824569.0 6.43026e-10 1128824569.0 -1.84559e-10 1128824569.0 -1.12904e-09 1128824569.0 0.00000e+00 1128824569.0 0.00000e+00 1128824569.0 0.00000e+00
1128830702 1128830822 1128830702.0 1.21275e-09 1128830702.0 1.94516e-09 1128830702.0 2.06852e-10 1128830702.0 0.00000e+00 1128830702.0 0.00000e+00 1128830702.0 0.00000e+00
1128837906 1128838026 1128837906.0 -1.63586e-07 1128837906.0 -8.40044e-09 1128837906.0 -5.52782e-10 1128837906.0 0.00000e+00 1128837906.0 0.00000e+00 1128837906.0 0.00000e+00
1128876081 1128876201 1128876081.0 1.62771e-09 1128876081.0 -1.16604e-09 1128876081.0 8.62024e-11 1128876081.0 0.00000e+00 1128876081.0 0.00000e+00 1128876081.0 0.00000e+00
1128876709 1128876829 1128876709.0 2.71183e-09 1128876709.0 2.48313e-09 1128876709.0 2.82978e-10 1128876709.0 0.00000e+00 1128876709.0 0.00000e+00 1128876709.0 0.00000e+00
1128880119 1128880239 1128880119.0 1.04322e-09 1128880119.0 3.24832e-10 1128880119.0 -6.75684e-11 1128880119.0 0.00000e+00 1128880119.0 0.00000e+00 1128880119.0 0.00000e+00
1128880293 1128880413 1128880293.0 -1.21546e-09 1128880293.0 -9.80366e-10 1128880293.0 2.60769e-11 1128880293.0 0.00000e+00 1128880293.0 0.00000e+00 1128880293.0 0.00000e+00
1128880908 1128881028 1128880908.0 -3.64733e-09 1128880908.0 1.74270e-09 1128880908.0 8.73931e-10 1128880908.0 0.00000e+00 1128880908.0 0.00000e+00 1128880908.0 0.00000e+00
1128888348 1128888468 1128888348.0 -1.49508e-09 1128888348.0 -3.95502e-09 1128888348.0 3.75984e-10 1128888348.0 0.00000e+00 1128888348.0 0.00000e+00 1128888348.0 0.00000e+00
1128889299 1128889419 1128889299.0 2.83005e-09 1128889299.0 -4.03937e-10 1128889299.0 7.05489e-10 1128889299.0 0.00000e+00 1128889299.0 0.00000e+00 1128889299.0 0.00000e+00
1128891496 1128891616 1128891496.0 -2.32428e-09 1128891496.0 7.50066e-10 1128891496.0 -3.51578e-10 1128891496.0 0.00000e+00 1128891496.0 0.00000e+00 1128891496.0 0.00000e+00
1128894232 1128894352 1128894232.0 -2.69446e-09 1128894232.0 -5.44653e-10 1128894232.0 -8.80642e-10 1128894232.0 0.00000e+00 1128894232.0 0.00000e+00 1128894232.0 0.00000e+00
1128895753 1128895873 1128895753.0 1.45295e-09 1128895753.0 5.50220e-10 1128895753.0 1.15150e-10 1128895753.0 0.00000e+00 1128895753.0 0.00000e+00 1128895753.0 0.00000e+00
1128898439 1128898559 1128898439.0 1.89512e-09 1128898439.0 1.13940e-09 1128898439.0 -8.23115e-10 1128898439.0 0.00000e+00 1128898439.0 0.00000e+00 1128898439.0 0.00000e+00
1128904693 1128904813 1128904693.0 -7.93593e-10 1128904693.0 7.21449e-10 1128904693.0 -1.48478e-10 1128904693.0 0.00000e+00 1128904693.0 0.00000e+00 1128904693.0 0.00000e+00
1128913408 1128913528 -1.0 -1.00000e+00 -1.0 -1.00000e+00 -1.0 -1.00000e+00 -1.0 -1.00000e+00 -1.0 -1.00000e+00 -1.0 -1.00000e+00
1128922907 1128923027 -1.0 -1.00000e+00 -1.0 -1.00000e+00 -1.0 -1.00000e+00 -1.0 -1.00000e+00 -1.0 -1.00000e+00 -1.0 -1.00000e+00
1128926645 1128926765 -1.0 -1.00000e+00 -1.0 -1.00000e+00 -1.0 -1.00000e+00 -1.0 -1.00000e+00 -1.0 -1.00000e+00 -1.0 -1.00000e+00
1128933602 1128933722 -1.0 -1.00000e+00 -1.0 -1.00000e+00 -1.0 -1.00000e+00 -1.0 -1.00000e+00 -1.0 -1.00000e+00 -1.0 -1.00000e+00
1128938865 1128938985 -1.0 -1.00000e+00 -1.0 -1.00000e+00 -1.0 -1.00000e+00 -1.0 -1.00000e+00 -1.0 -1.00000e+00 -1.0 -1.00000e+00
1128939962 1128940082 -1.0 -1.00000e+00 -1.0 -1.00000e+00 -1.0 -1.00000e+00 -1.0 -1.00000e+00 -1.0 -1.00000e+00 -1.0 -1.00000e+00
1128947342 1128947462 -1.0 -1.00000e+00 -1.0 -1.00000e+00 -1.0 -1.00000e+00 -1.0 -1.00000e+00 -1.0 -1.00000e+00 -1.0 -1.00000e+00
1128956762 1128956882 -1.0 -1.00000e+00 -1.0 -1.00000e+00 -1.0 -1.00000e+00 -1.0 -1.00000e+00 -1.0 -1.00000e+00 -1.0 -1.00000e+00
1128987304 1128987424 -1.0 -1.00000e+00 -1.0 -1.00000e+00 -1.0 -1.00000e+00 -1.0 -1.00000e+00 -1.0 -1.00000e+00 -1.0 -1.00000e+00
1129035306 1129035426 -1.0 -1.00000e+00 -1.0 -1.00000e+00 -1.0 -1.00000e+00 -1.0 -1.00000e+00 -1.0 -1.00000e+00 -1.0 -1.00000e+00
1129052569 1129052689 -1.0 -1.00000e+00 -1.0 -1.00000e+00 -1.0 -1.00000e+00 -1.0 -1.00000e+00 -1.0 -1.00000e+00 -1.0 -1.00000e+00
1129061194 1129061314 -1.0 -1.00000e+00 -1.0 -1.00000e+00 -1.0 -1.00000e+00 -1.0 -1.00000e+00 -1.0 -1.00000e+00 -1.0 -1.00000e+00
1129085497 1129085617 -1.0 -1.00000e+00 -1.0 -1.00000e+00 -1.0 -1.00000e+00 -1.0 -1.00000e+00 -1.0 -1.00000e+00 -1.0 -1.00000e+00
1129118909 1129119029 -1.0 -1.00000e+00 -1.0 -1.00000e+00 -1.0 -1.00000e+00 -1.0 -1.00000e+00 -1.0 -1.00000e+00 -1.0 -1.00000e+00
1129218402 1129218522 -1.0 -1.00000e+00 -1.0 -1.00000e+00 -1.0 -1.00000e+00 -1.0 -1.00000e+00 -1.0 -1.00000e+00 -1.0 -1.00000e+00
1129244066 1129244186 -1.0 -1.00000e+00 -1.0 -1.00000e+00 -1.0 -1.00000e+00 -1.0 -1.00000e+00 -1.0 -1.00000e+00 -1.0 -1.00000e+00
1129257192 1129257312 -1.0 -1.00000e+00 -1.0 -1.00000e+00 -1.0 -1.00000e+00 -1.0 -1.00000e+00 -1.0 -1.00000e+00 -1.0 -1.00000e+00
1129294658 1129294778 -1.0 -1.00000e+00 -1.0 -1.00000e+00 -1.0 -1.00000e+00 -1.0 -1.00000e+00 -1.0 -1.00000e+00 -1.0 -1.00000e+00
1129299658 1129299778 -1.0 -1.00000e+00 -1.0 -1.00000e+00 -1.0 -1.00000e+00 -1.0 -1.00000e+00 -1.0 -1.00000e+00 -1.0 -1.00000e+00
1129301283 1129301403 -1.0 -1.00000e+00 -1.0 -1.00000e+00 -1.0 -1.00000e+00 -1.0 -1.00000e+00 -1.0 -1.00000e+00 -1.0 -1.00000e+00
1129304339 1129304459 -1.0 -1.00000e+00 -1.0 -1.00000e+00 -1.0 -1.00000e+00 -1.0 -1.00000e+00 -1.0 -1.00000e+00 -1.0 -1.00000e+00
1129312860 1129312980 -1.0 -1.00000e+00 -1.0 -1.00000e+00 -1.0 -1.00000e+00 -1.0 -1.00000e+00 -1.0 -1.00000e+00 -1.0 -1.00000e+00
1129334409 1129334529 -1.0 -1.00000e+00 -1.0 -1.00000e+00 -1.0 -1.00000e+00 -1.0 -1.00000e+00 -1.0 -1.00000e+00 -1.0 -1.00000e+00
1129341488 1129341608 -1.0 -1.00000e+00 -1.0 -1.00000e+00 -1.0 -1.00000e+00 -1.0 -1.00000e+00 -1.0 -1.00000e+00 -1.0 -1.00000e+00
1129342958 1129343078 -1.0 -1.00000e+00 -1.0 -1.00000e+00 -1.0 -1.00000e+00 -1.0 -1.00000e+00 -1.0 -1.00000e+00 -1.0 -1.00000e+00
1129364834 1129364954 -1.0 -1.00000e+00 -1.0 -1.00000e+00 -1.0 -1.00000e+00 -1.0 -1.00000e+00 -1.0 -1.00000e+00 -1.0 -1.00000e+00
1129370094 1129370214 -1.0 -1.00000e+00 -1.0 -1.00000e+00 -1.0 -1.00000e+00 -1.0 -1.00000e+00 -1.0 -1.00000e+00 -1.0 -1.00000e+00
1129381353 1129381473 -1.0 -1.00000e+00 -1.0 -1.00000e+00 -1.0 -1.00000e+00 -1.0 -1.00000e+00 -1.0 -1.00000e+00 -1.0 -1.00000e+00
1129463721 1129463841 -1.0 -1.00000e+00 -1.0 -1.00000e+00 -1.0 -1.00000e+00 -1.0 -1.00000e+00 -1.0 -1.00000e+00 -1.0 -1.00000e+00
1129467177 1129467297 -1.0 -1.00000e+00 -1.0 -1.00000e+00 -1.0 -1.00000e+00 -1.0 -1.00000e+00 -1.0 -1.00000e+00 -1.0 -1.00000e+00
1129476348 1129476468 -1.0 -1.00000e+00 -1.0 -1.00000e+00 -1.0 -1.00000e+00 -1.0 -1.00000e+00 -1.0 -1.00000e+00 -1.0 -1.00000e+00
1129486681 1129486801 -1.0 -1.00000e+00 -1.0 -1.00000e+00 -1.0 -1.00000e+00 -1.0 -1.00000e+00 -1.0 -1.00000e+00 -1.0 -1.00000e+00
1129489089 1129489209 -1.0 -1.00000e+00 -1.0 -1.00000e+00 -1.0 -1.00000e+00 -1.0 -1.00000e+00 -1.0 -1.00000e+00 -1.0 -1.00000e+00
1129491317 1129491437 -1.0 -1.00000e+00 -1.0 -1.00000e+00 -1.0 -1.00000e+00 -1.0 -1.00000e+00 -1.0 -1.00000e+00 -1.0 -1.00000e+00
1129491560 1129491680 -1.0 -1.00000e+00 -1.0 -1.00000e+00 -1.0 -1.00000e+00 -1.0 -1.00000e+00 -1.0 -1.00000e+00 -1.0 -1.00000e+00
1129494099 1129494219 -1.0 -1.00000e+00 -1.0 -1.00000e+00 -1.0 -1.00000e+00 -1.0 -1.00000e+00 -1.0 -1.00000e+00 -1.0 -1.00000e+00
1129497582 1129497702 -1.0 -1.00000e+00 -1.0 -1.00000e+00 -1.0 -1.00000e+00 -1.0 -1.00000e+00 -1.0 -1.00000e+00 -1.0 -1.00000e+00
1129498697 1129498817 -1.0 -1.00000e+00 -1.0 -1.00000e+00 -1.0 -1.00000e+00 -1.0 -1.00000e+00 -1.0 -1.00000e+00 -1.0 -1.00000e+00
1129503878 1129503998 -1.0 -1.00000e+00 -1.0 -1.00000e+00 -1.0 -1.00000e+00 -1.0 -1.00000e+00 -1.0 -1.00000e+00 -1.0 -1.00000e+00
1129508080 1129508200 -1.0 -1.00000e+00 -1.0 -1.00000e+00 -1.0 -1.00000e+00 -1.0 -1.00000e+00 -1.0 -1.00000e+00 -1.0 -1.00000e+00
1129508837 1129508957 -1.0 -1.00000e+00 -1.0 -1.00000e+00 -1.0 -1.00000e+00 -1.0 -1.00000e+00 -1.0 -1.00000e+00 -1.0 -1.00000e+00
1129511312 1129511432 -1.0 -1.00000e+00 -1.0 -1.00000e+00 -1.0 -1.00000e+00 -1.0 -1.00000e+00 -1.0 -1.00000e+00 -1.0 -1.00000e+00
1129566002 1129566122 -1.0 -1.00000e+00 -1.0 -1.00000e+00 -1.0 -1.00000e+00 -1.0 -1.00000e+00 -1.0 -1.00000e+00 -1.0 -1.00000e+00
1129580112 1129580232 -1.0 -1.00000e+00 -1.0 -1.00000e+00 -1.0 -1.00000e+00 -1.0 -1.00000e+00 -1.0 -1.00000e+00 -1.0 -1.00000e+00
1129608286 1129608406 -1.0 -1.00000e+00 -1.0 -1.00000e+00 -1.0 -1.00000e+00 -1.0 -1.00000e+00 -1.0 -1.00000e+00 -1.0 -1.00000e+00
1129637793 1129637913 -1.0 -1.00000e+00 -1.0 -1.00000e+00 -1.0 -1.00000e+00 -1.0 -1.00000e+00 -1.0 -1.00000e+00 -1.0 -1.00000e+00
1129648487 1129648607 -1.0 -1.00000e+00 -1.0 -1.00000e+00 -1.0 -1.00000e+00 -1.0 -1.00000e+00 -1.0 -1.00000e+00 -1.0 -1.00000e+00
1129661796 1129661916 -1.0 -1.00000e+00 -1.0 -1.00000e+00 -1.0 -1.00000e+00 -1.0 -1.00000e+00 -1.0 -1.00000e+00 -1.0 -1.00000e+00
1129672743 1129672863 -1.0 -1.00000e+00 -1.0 -1.00000e+00 -1.0 -1.00000e+00 -1.0 -1.00000e+00 -1.0 -1.00000e+00 -1.0 -1.00000e+00
1129676915 1129677035 -1.0 -1.00000e+00 -1.0 -1.00000e+00 -1.0 -1.00000e+00 -1.0 -1.00000e+00 -1.0 -1.00000e+00 -1.0 -1.00000e+00
1129681487 1129681607 -1.0 -1.00000e+00 -1.0 -1.00000e+00 -1.0 -1.00000e+00 -1.0 -1.00000e+00 -1.0 -1.00000e+00 -1.0 -1.00000e+00
1129688735 1129688855 -1.0 -1.00000e+00 -1.0 -1.00000e+00 -1.0 -1.00000e+00 -1.0 -1.00000e+00 -1.0 -1.00000e+00 -1.0 -1.00000e+00
1129701463 1129701583 -1.0 -1.00000e+00 -1.0 -1.00000e+00 -1.0 -1.00000e+00 -1.0 -1.00000e+00 -1.0 -1.00000e+00 -1.0 -1.00000e+00
1129702670 1129702790 -1.0 -1.00000e+00 -1.0 -1.00000e+00 -1.0 -1.00000e+00 -1.0 -1.00000e+00 -1.0 -1.00000e+00 -1.0 -1.00000e+00
1129713036 1129713156 -1.0 -1.00000e+00 -1.0 -1.00000e+00 -1.0 -1.00000e+00 -1.0 -1.00000e+00 -1.0 -1.00000e+00 -1.0 -1.00000e+00
1129716657 1129716777 -1.0 -1.00000e+00 -1.0 -1.00000e+00 -1.0 -1.00000e+00 -1.0 -1.00000e+00 -1.0 -1.00000e+00 -1.0 -1.00000e+00
1129736317 1129736437 -1.0 -1.00000e+00 -1.0 -1.00000e+00 -1.0 -1.00000e+00 -1.0 -1.00000e+00 -1.0 -1.00000e+00 -1.0 -1.00000e+00
1129743238 1129743358 -1.0 -1.00000e+00 -1.0 -1.00000e+00 -1.0 -1.00000e+00 -1.0 -1.00000e+00 -1.0 -1.00000e+00 -1.0 -1.00000e+00
1129745300 1129745420 -1.0 -1.00000e+00 -1.0 -1.00000e+00 -1.0 -1.00000e+00 -1.0 -1.00000e+00 -1.0 -1.00000e+00 -1.0 -1.00000e+00
1129752719 1129752839 -1.0 -1.00000e+00 -1.0 -1.00000e+00 -1.0 -1.00000e+00 -1.0 -1.00000e+00 -1.0 -1.00000e+00 -1.0 -1.00000e+00
1129756445 1129756565 -1.0 -1.00000e+00 -1.0 -1.00000e+00 -1.0 -1.00000e+00 -1.0 -1.00000e+00 -1.0 -1.00000e+00 -1.0 -1.00000e+00
1129760517 1129760637 -1.0 -1.00000e+00 -1.0 -1.00000e+00 -1.0 -1.00000e+00 -1.0 -1.00000e+00 -1.0 -1.00000e+00 -1.0 -1.00000e+00
1129772987 1129773107 -1.0 -1.00000e+00 -1.0 -1.00000e+00 -1.0 -1.00000e+00 -1.0 -1.00000e+00 -1.0 -1.00000e+00 -1.0 -1.00000e+00
1129776701 1129776821 -1.0 -1.00000e+00 -1.0 -1.00000e+00 -1.0 -1.00000e+00 -1.0 -1.00000e+00 -1.0 -1.00000e+00 -1.0 -1.00000e+00
1129780107 1129780227 -1.0 -1.00000e+00 -1.0 -1.00000e+00 -1.0 -1.00000e+00 -1.0 -1.00000e+00 -1.0 -1.00000e+00 -1.0 -1.00000e+00
1129801158 1129801278 -1.0 -1.00000e+00 -1.0 -1.00000e+00 -1.0 -1.00000e+00 -1.0 -1.00000e+00 -1.0 -1.00000e+00 -1.0 -1.00000e+00
1129808626 1129808746 -1.0 -1.00000e+00 -1.0 -1.00000e+00 -1.0 -1.00000e+00 -1.0 -1.00000e+00 -1.0 -1.00000e+00 -1.0 -1.00000e+00
1129811689 1129811809 -1.0 -1.00000e+00 -1.0 -1.00000e+00 -1.0 -1.00000e+00 -1.0 -1.00000e+00 -1.0 -1.00000e+00 -1.0 -1.00000e+00
1129820448 1129820568 -1.0 -1.00000e+00 -1.0 -1.00000e+00 -1.0 -1.00000e+00 -1.0 -1.00000e+00 -1.0 -1.00000e+00 -1.0 -1.00000e+00
1129823975 1129824095 -1.0 -1.00000e+00 -1.0 -1.00000e+00 -1.0 -1.00000e+00 -1.0 -1.00000e+00 -1.0 -1.00000e+00 -1.0 -1.00000e+00
1129830152 1129830272 -1.0 -1.00000e+00 -1.0 -1.00000e+00 -1.0 -1.00000e+00 -1.0 -1.00000e+00 -1.0 -1.00000e+00 -1.0 -1.00000e+00
1129835813 1129835933 -1.0 -1.00000e+00 -1.0 -1.00000e+00 -1.0 -1.00000e+00 -1.0 -1.00000e+00 -1.0 -1.00000e+00 -1.0 -1.00000e+00
1129986260 1129986380 -1.0 -1.00000e+00 -1.0 -1.00000e+00 -1.0 -1.00000e+00 -1.0 -1.00000e+00 -1.0 -1.00000e+00 -1.0 -1.00000e+00
1130005095 1130005215 -1.0 -1.00000e+00 -1.0 -1.00000e+00 -1.0 -1.00000e+00 -1.0 -1.00000e+00 -1.0 -1.00000e+00 -1.0 -1.00000e+00
1130005231 1130005351 -1.0 -1.00000e+00 -1.0 -1.00000e+00 -1.0 -1.00000e+00 -1.0 -1.00000e+00 -1.0 -1.00000e+00 -1.0 -1.00000e+00
1130006568 1130006688 -1.0 -1.00000e+00 -1.0 -1.00000e+00 -1.0 -1.00000e+00 -1.0 -1.00000e+00 -1.0 -1.00000e+00 -1.0 -1.00000e+00
1130008343 1130008463 -1.0 -1.00000e+00 -1.0 -1.00000e+00 -1.0 -1.00000e+00 -1.0 -1.00000e+00 -1.0 -1.00000e+00 -1.0 -1.00000e+00
1130024364 1130024484 -1.0 -1.00000e+00 -1.0 -1.00000e+00 -1.0 -1.00000e+00 -1.0 -1.00000e+00 -1.0 -1.00000e+00 -1.0 -1.00000e+00
1130066749 1130066869 -1.0 -1.00000e+00 -1.0 -1.00000e+00 -1.0 -1.00000e+00 -1.0 -1.00000e+00 -1.0 -1.00000e+00 -1.0 -1.00000e+00
1130067826 1130067946 -1.0 -1.00000e+00 -1.0 -1.00000e+00 -1.0 -1.00000e+00 -1.0 -1.00000e+00 -1.0 -1.00000e+00 -1.0 -1.00000e+00
1130085154 1130085274 -1.0 -1.00000e+00 -1.0 -1.00000e+00 -1.0 -1.00000e+00 -1.0 -1.00000e+00 -1.0 -1.00000e+00 -1.0 -1.00000e+00
1130085378 1130085498 -1.0 -1.00000e+00 -1.0 -1.00000e+00 -1.0 -1.00000e+00 -1.0 -1.00000e+00 -1.0 -1.00000e+00 -1.0 -1.00000e+00
1130089599 1130089719 -1.0 -1.00000e+00 -1.0 -1.00000e+00 -1.0 -1.00000e+00 -1.0 -1.00000e+00 -1.0 -1.00000e+00 -1.0 -1.00000e+00
1130098584 1130098704 -1.0 -1.00000e+00 -1.0 -1.00000e+00 -1.0 -1.00000e+00 -1.0 -1.00000e+00 -1.0 -1.00000e+00 -1.0 -1.00000e+00
1130099226 1130099346 -1.0 -1.00000e+00 -1.0 -1.00000e+00 -1.0 -1.00000e+00 -1.0 -1.00000e+00 -1.0 -1.00000e+00 -1.0 -1.00000e+00
1130099277 1130099397 -1.0 -1.00000e+00 -1.0 -1.00000e+00 -1.0 -1.00000e+00 -1.0 -1.00000e+00 -1.0 -1.00000e+00 -1.0 -1.00000e+00
1130099356 1130099476 -1.0 -1.00000e+00 -1.0 -1.00000e+00 -1.0 -1.00000e+00 -1.0 -1.00000e+00 -1.0 -1.00000e+00 -1.0 -1.00000e+00
1130099434 1130099554 -1.0 -1.00000e+00 -1.0 -1.00000e+00 -1.0 -1.00000e+00 -1.0 -1.00000e+00 -1.0 -1.00000e+00 -1.0 -1.00000e+00
1130099566 1130099686 -1.0 -1.00000e+00 -1.0 -1.00000e+00 -1.0 -1.00000e+00 -1.0 -1.00000e+00 -1.0 -1.00000e+00 -1.0 -1.00000e+00
1130103446 1130103566 -1.0 -1.00000e+00 -1.0 -1.00000e+00 -1.0 -1.00000e+00 -1.0 -1.00000e+00 -1.0 -1.00000e+00 -1.0 -1.00000e+00
1130113891 1130114011 -1.0 -1.00000e+00 -1.0 -1.00000e+00 -1.0 -1.00000e+00 -1.0 -1.00000e+00 -1.0 -1.00000e+00 -1.0 -1.00000e+00
1130113901 1130114021 -1.0 -1.00000e+00 -1.0 -1.00000e+00 -1.0 -1.00000e+00 -1.0 -1.00000e+00 -1.0 -1.00000e+00 -1.0 -1.00000e+00
1130114037 1130114157 -1.0 -1.00000e+00 -1.0 -1.00000e+00 -1.0 -1.00000e+00 -1.0 -1.00000e+00 -1.0 -1.00000e+00 -1.0 -1.00000e+00
1130114046 1130114166 -1.0 -1.00000e+00 -1.0 -1.00000e+00 -1.0 -1.00000e+00 -1.0 -1.00000e+00 -1.0 -1.00000e+00 -1.0 -1.00000e+00
1130114151 1130114271 -1.0 -1.00000e+00 -1.0 -1.00000e+00 -1.0 -1.00000e+00 -1.0 -1.00000e+00 -1.0 -1.00000e+00 -1.0 -1.00000e+00
1130117308 1130117428 -1.0 -1.00000e+00 -1.0 -1.00000e+00 -1.0 -1.00000e+00 -1.0 -1.00000e+00 -1.0 -1.00000e+00 -1.0 -1.00000e+00
1130127165 1130127285 -1.0 -1.00000e+00 -1.0 -1.00000e+00 -1.0 -1.00000e+00 -1.0 -1.00000e+00 -1.0 -1.00000e+00 -1.0 -1.00000e+00
1130302648 1130302768 -1.0 -1.00000e+00 -1.0 -1.00000e+00 -1.0 -1.00000e+00 -1.0 -1.00000e+00 -1.0 -1.00000e+00 -1.0 -1.00000e+00
1130313768 1130313888 -1.0 -1.00000e+00 -1.0 -1.00000e+00 -1.0 -1.00000e+00 -1.0 -1.00000e+00 -1.0 -1.00000e+00 -1.0 -1.00000e+00
1130331137 1130331257 -1.0 -1.00000e+00 -1.0 -1.00000e+00 -1.0 -1.00000e+00 -1.0 -1.00000e+00 -1.0 -1.00000e+00 -1.0 -1.00000e+00
1130331750 1130331870 -1.0 -1.00000e+00 -1.0 -1.00000e+00 -1.0 -1.00000e+00 -1.0 -1.00000e+00 -1.0 -1.00000e+00 -1.0 -1.00000e+00
1130337608 1130337728 -1.0 -1.00000e+00 -1.0 -1.00000e+00 -1.0 -1.00000e+00 -1.0 -1.00000e+00 -1.0 -1.00000e+00 -1.0 -1.00000e+00
1130348580 1130348700 -1.0 -1.00000e+00 -1.0 -1.00000e+00 -1.0 -1.00000e+00 -1.0 -1.00000e+00 -1.0 -1.00000e+00 -1.0 -1.00000e+00
1130355125 1130355245 -1.0 -1.00000e+00 -1.0 -1.00000e+00 -1.0 -1.00000e+00 -1.0 -1.00000e+00 -1.0 -1.00000e+00 -1.0 -1.00000e+00
1130364282 1130364402 -1.0 -1.00000e+00 -1.0 -1.00000e+00 -1.0 -1.00000e+00 -1.0 -1.00000e+00 -1.0 -1.00000e+00 -1.0 -1.00000e+00
1130387440 1130387560 -1.0 -1.00000e+00 -1.0 -1.00000e+00 -1.0 -1.00000e+00 -1.0 -1.00000e+00 -1.0 -1.00000e+00 -1.0 -1.00000e+00
1130387806 1130387926 -1.0 -1.00000e+00 -1.0 -1.00000e+00 -1.0 -1.00000e+00 -1.0 -1.00000e+00 -1.0 -1.00000e+00 -1.0 -1.00000e+00
1130407005 1130407125 -1.0 -1.00000e+00 -1.0 -1.00000e+00 -1.0 -1.00000e+00 -1.0 -1.00000e+00 -1.0 -1.00000e+00 -1.0 -1.00000e+00
1130430837 1130430957 -1.0 -1.00000e+00 -1.0 -1.00000e+00 -1.0 -1.00000e+00 -1.0 -1.00000e+00 -1.0 -1.00000e+00 -1.0 -1.00000e+00
1130434387 1130434507 -1.0 -1.00000e+00 -1.0 -1.00000e+00 -1.0 -1.00000e+00 -1.0 -1.00000e+00 -1.0 -1.00000e+00 -1.0 -1.00000e+00
1130441672 1130441792 -1.0 -1.00000e+00 -1.0 -1.00000e+00 -1.0 -1.00000e+00 -1.0 -1.00000e+00 -1.0 -1.00000e+00 -1.0 -1.00000e+00
1130444617 1130444737 -1.0 -1.00000e+00 -1.0 -1.00000e+00 -1.0 -1.00000e+00 -1.0 -1.00000e+00 -1.0 -1.00000e+00 -1.0 -1.00000e+00
1130447529 1130447649 -1.0 -1.00000e+00 -1.0 -1.00000e+00 -1.0 -1.00000e+00 -1.0 -1.00000e+00 -1.0 -1.00000e+00 -1.0 -1.00000e+00
1130458896 1130459016 -1.0 -1.00000e+00 -1.0 -1.00000e+00 -1.0 -1.00000e+00 -1.0 -1.00000e+00 -1.0 -1.00000e+00 -1.0 -1.00000e+00
1130474426 1130474546 -1.0 -1.00000e+00 -1.0 -1.00000e+00 -1.0 -1.00000e+00 -1.0 -1.00000e+00 -1.0 -1.00000e+00 -1.0 -1.00000e+00
1130474549 1130474669 -1.0 -1.00000e+00 -1.0 -1.00000e+00 -1.0 -1.00000e+00 -1.0 -1.00000e+00 -1.0 -1.00000e+00 -1.0 -1.00000e+00
1130474750 1130474870 -1.0 -1.00000e+00 -1.0 -1.00000e+00 -1.0 -1.00000e+00 -1.0 -1.00000e+00 -1.0 -1.00000e+00 -1.0 -1.00000e+00
1130489258 1130489378 -1.0 -1.00000e+00 -1.0 -1.00000e+00 -1.0 -1.00000e+00 -1.0 -1.00000e+00 -1.0 -1.00000e+00 -1.0 -1.00000e+00
1130496197 1130496317 -1.0 -1.00000e+00 -1.0 -1.00000e+00 -1.0 -1.00000e+00 -1.0 -1.00000e+00 -1.0 -1.00000e+00 -1.0 -1.00000e+00
1130496285 1130496405 -1.0 -1.00000e+00 -1.0 -1.00000e+00 -1.0 -1.00000e+00 -1.0 -1.00000e+00 -1.0 -1.00000e+00 -1.0 -1.00000e+00
1130545168 1130545288 -1.0 -1.00000e+00 -1.0 -1.00000e+00 -1.0 -1.00000e+00 -1.0 -1.00000e+00 -1.0 -1.00000e+00 -1.0 -1.00000e+00
1130594921 1130595041 -1.0 -1.00000e+00 -1.0 -1.00000e+00 -1.0 -1.00000e+00 -1.0 -1.00000e+00 -1.0 -1.00000e+00 -1.0 -1.00000e+00
1130615692 1130615812 -1.0 -1.00000e+00 -1.0 -1.00000e+00 -1.0 -1.00000e+00 -1.0 -1.00000e+00 -1.0 -1.00000e+00 -1.0 -1.00000e+00
1130616536 1130616656 -1.0 -1.00000e+00 -1.0 -1.00000e+00 -1.0 -1.00000e+00 -1.0 -1.00000e+00 -1.0 -1.00000e+00 -1.0 -1.00000e+00
1130616855 1130616975 -1.0 -1.00000e+00 -1.0 -1.00000e+00 -1.0 -1.00000e+00 -1.0 -1.00000e+00 -1.0 -1.00000e+00 -1.0 -1.00000e+00
1130617509 1130617629 -1.0 -1.00000e+00 -1.0 -1.00000e+00 -1.0 -1.00000e+00 -1.0 -1.00000e+00 -1.0 -1.00000e+00 -1.0 -1.00000e+00
1130620892 1130621012 -1.0 -1.00000e+00 -1.0 -1.00000e+00 -1.0 -1.00000e+00 -1.0 -1.00000e+00 -1.0 -1.00000e+00 -1.0 -1.00000e+00
1130625732 1130625852 -1.0 -1.00000e+00 -1.0 -1.00000e+00 -1.0 -1.00000e+00 -1.0 -1.00000e+00 -1.0 -1.00000e+00 -1.0 -1.00000e+00
1130645931 1130646051 -1.0 -1.00000e+00 -1.0 -1.00000e+00 -1.0 -1.00000e+00 -1.0 -1.00000e+00 -1.0 -1.00000e+00 -1.0 -1.00000e+00
1130699453 1130699573 -1.0 -1.00000e+00 -1.0 -1.00000e+00 -1.0 -1.00000e+00 -1.0 -1.00000e+00 -1.0 -1.00000e+00 -1.0 -1.00000e+00
1130701012 1130701132 -1.0 -1.00000e+00 -1.0 -1.00000e+00 -1.0 -1.00000e+00 -1.0 -1.00000e+00 -1.0 -1.00000e+00 -1.0 -1.00000e+00
1130719296 1130719416 -1.0 -1.00000e+00 -1.0 -1.00000e+00 -1.0 -1.00000e+00 -1.0 -1.00000e+00 -1.0 -1.00000e+00 -1.0 -1.00000e+00
1130722954 1130723074 -1.0 -1.00000e+00 -1.0 -1.00000e+00 -1.0 -1.00000e+00 -1.0 -1.00000e+00 -1.0 -1.00000e+00 -1.0 -1.00000e+00
1130723325 1130723445 -1.0 -1.00000e+00 -1.0 -1.00000e+00 -1.0 -1.00000e+00 -1.0 -1.00000e+00 -1.0 -1.00000e+00 -1.0 -1.00000e+00
1130760924 1130761044 -1.0 -1.00000e+00 -1.0 -1.00000e+00 -1.0 -1.00000e+00 -1.0 -1.00000e+00 -1.0 -1.00000e+00 -1.0 -1.00000e+00
1130864384 1130864504 -1.0 -1.00000e+00 -1.0 -1.00000e+00 -1.0 -1.00000e+00 -1.0 -1.00000e+00 -1.0 -1.00000e+00 -1.0 -1.00000e+00
1130889612 1130889732 -1.0 -1.00000e+00 -1.0 -1.00000e+00 -1.0 -1.00000e+00 -1.0 -1.00000e+00 -1.0 -1.00000e+00 -1.0 -1.00000e+00
1130916187 1130916307 -1.0 -1.00000e+00 -1.0 -1.00000e+00 -1.0 -1.00000e+00 -1.0 -1.00000e+00 -1.0 -1.00000e+00 -1.0 -1.00000e+00
1130929222 1130929342 -1.0 -1.00000e+00 -1.0 -1.00000e+00 -1.0 -1.00000e+00 -1.0 -1.00000e+00 -1.0 -1.00000e+00 -1.0 -1.00000e+00
1130929399 1130929519 -1.0 -1.00000e+00 -1.0 -1.00000e+00 -1.0 -1.00000e+00 -1.0 -1.00000e+00 -1.0 -1.00000e+00 -1.0 -1.00000e+00
1130930258 1130930378 -1.0 -1.00000e+00 -1.0 -1.00000e+00 -1.0 -1.00000e+00 -1.0 -1.00000e+00 -1.0 -1.00000e+00 -1.0 -1.00000e+00
1130932581 1130932701 -1.0 -1.00000e+00 -1.0 -1.00000e+00 -1.0 -1.00000e+00 -1.0 -1.00000e+00 -1.0 -1.00000e+00 -1.0 -1.00000e+00
1130935338 1130935458 -1.0 -1.00000e+00 -1.0 -1.00000e+00 -1.0 -1.00000e+00 -1.0 -1.00000e+00 -1.0 -1.00000e+00 -1.0 -1.00000e+00
1130943557 1130943677 -1.0 -1.00000e+00 -1.0 -1.00000e+00 -1.0 -1.00000e+00 -1.0 -1.00000e+00 -1.0 -1.00000e+00 -1.0 -1.00000e+00
1130945129 1130945249 -1.0 -1.00000e+00 -1.0 -1.00000e+00 -1.0 -1.00000e+00 -1.0 -1.00000e+00 -1.0 -1.00000e+00 -1.0 -1.00000e+00
1130945552 1130945672 -1.0 -1.00000e+00 -1.0 -1.00000e+00 -1.0 -1.00000e+00 -1.0 -1.00000e+00 -1.0 -1.00000e+00 -1.0 -1.00000e+00
1130967763 1130967883 -1.0 -1.00000e+00 -1.0 -1.00000e+00 -1.0 -1.00000e+00 -1.0 -1.00000e+00 -1.0 -1.00000e+00 -1.0 -1.00000e+00
1130973703 1130973823 -1.0 -1.00000e+00 -1.0 -1.00000e+00 -1.0 -1.00000e+00 -1.0 -1.00000e+00 -1.0 -1.00000e+00 -1.0 -1.00000e+00
1131120822 1131120942 -1.0 -1.00000e+00 -1.0 -1.00000e+00 -1.0 -1.00000e+00 -1.0 -1.00000e+00 -1.0 -1.00000e+00 -1.0 -1.00000e+00
1131145814 1131145934 -1.0 -1.00000e+00 -1.0 -1.00000e+00 -1.0 -1.00000e+00 -1.0 -1.00000e+00 -1.0 -1.00000e+00 -1.0 -1.00000e+00
1131148151 1131148271 -1.0 -1.00000e+00 -1.0 -1.00000e+00 -1.0 -1.00000e+00 -1.0 -1.00000e+00 -1.0 -1.00000e+00 -1.0 -1.00000e+00
1131165930 1131166050 -1.0 -1.00000e+00 -1.0 -1.00000e+00 -1.0 -1.00000e+00 -1.0 -1.00000e+00 -1.0 -1.00000e+00 -1.0 -1.00000e+00
1131190658 1131190778 -1.0 -1.00000e+00 -1.0 -1.00000e+00 -1.0 -1.00000e+00 -1.0 -1.00000e+00 -1.0 -1.00000e+00 -1.0 -1.00000e+00
1131190825 1131190945 -1.0 -1.00000e+00 -1.0 -1.00000e+00 -1.0 -1.00000e+00 -1.0 -1.00000e+00 -1.0 -1.00000e+00 -1.0 -1.00000e+00
1131193654 1131193774 -1.0 -1.00000e+00 -1.0 -1.00000e+00 -1.0 -1.00000e+00 -1.0 -1.00000e+00 -1.0 -1.00000e+00 -1.0 -1.00000e+00
1131226679 1131226799 -1.0 -1.00000e+00 -1.0 -1.00000e+00 -1.0 -1.00000e+00 -1.0 -1.00000e+00 -1.0 -1.00000e+00 -1.0 -1.00000e+00
1131226851 1131226971 -1.0 -1.00000e+00 -1.0 -1.00000e+00 -1.0 -1.00000e+00 -1.0 -1.00000e+00 -1.0 -1.00000e+00 -1.0 -1.00000e+00
1131227748 1131227868 -1.0 -1.00000e+00 -1.0 -1.00000e+00 -1.0 -1.00000e+00 -1.0 -1.00000e+00 -1.0 -1.00000e+00 -1.0 -1.00000e+00
1131242678 1131242798 -1.0 -1.00000e+00 -1.0 -1.00000e+00 -1.0 -1.00000e+00 -1.0 -1.00000e+00 -1.0 -1.00000e+00 -1.0 -1.00000e+00
1131276412 1131276532 -1.0 -1.00000e+00 -1.0 -1.00000e+00 -1.0 -1.00000e+00 -1.0 -1.00000e+00 -1.0 -1.00000e+00 -1.0 -1.00000e+00
1131280012 1131280132 -1.0 -1.00000e+00 -1.0 -1.00000e+00 -1.0 -1.00000e+00 -1.0 -1.00000e+00 -1.0 -1.00000e+00 -1.0 -1.00000e+00
1131282747 1131282867 -1.0 -1.00000e+00 -1.0 -1.00000e+00 -1.0 -1.00000e+00 -1.0 -1.00000e+00 -1.0 -1.00000e+00 -1.0 -1.00000e+00
1131283043 1131283163 -1.0 -1.00000e+00 -1.0 -1.00000e+00 -1.0 -1.00000e+00 -1.0 -1.00000e+00 -1.0 -1.00000e+00 -1.0 -1.00000e+00
1131298662 1131298782 -1.0 -1.00000e+00 -1.0 -1.00000e+00 -1.0 -1.00000e+00 -1.0 -1.00000e+00 -1.0 -1.00000e+00 -1.0 -1.00000e+00
1131299147 1131299267 -1.0 -1.00000e+00 -1.0 -1.00000e+00 -1.0 -1.00000e+00 -1.0 -1.00000e+00 -1.0 -1.00000e+00 -1.0 -1.00000e+00
1131334691 1131334811 -1.0 -1.00000e+00 -1.0 -1.00000e+00 -1.0 -1.00000e+00 -1.0 -1.00000e+00 -1.0 -1.00000e+00 -1.0 -1.00000e+00
1131343391 1131343511 -1.0 -1.00000e+00 -1.0 -1.00000e+00 -1.0 -1.00000e+00 -1.0 -1.00000e+00 -1.0 -1.00000e+00 -1.0 -1.00000e+00
1131347365 1131347485 -1.0 -1.00000e+00 -1.0 -1.00000e+00 -1.0 -1.00000e+00 -1.0 -1.00000e+00 -1.0 -1.00000e+00 -1.0 -1.00000e+00
1131363841 1131363961 -1.0 -1.00000e+00 -1.0 -1.00000e+00 -1.0 -1.00000e+00 -1.0 -1.00000e+00 -1.0 -1.00000e+00 -1.0 -1.00000e+00
1131372111 1131372231 -1.0 -1.00000e+00 -1.0 -1.00000e+00 -1.0 -1.00000e+00 -1.0 -1.00000e+00 -1.0 -1.00000e+00 -1.0 -1.00000e+00
1131397285 1131397405 -1.0 -1.00000e+00 -1.0 -1.00000e+00 -1.0 -1.00000e+00 -1.0 -1.00000e+00 -1.0 -1.00000e+00 -1.0 -1.00000e+00
1131405081 1131405201 -1.0 -1.00000e+00 -1.0 -1.00000e+00 -1.0 -1.00000e+00 -1.0 -1.00000e+00 -1.0 -1.00000e+00 -1.0 -1.00000e+00
1131426211 1131426331 -1.0 -1.00000e+00 -1.0 -1.00000e+00 -1.0 -1.00000e+00 -1.0 -1.00000e+00 -1.0 -1.00000e+00 -1.0 -1.00000e+00
1131448321 1131448441 -1.0 -1.00000e+00 -1.0 -1.00000e+00 -1.0 -1.00000e+00 -1.0 -1.00000e+00 -1.0 -1.00000e+00 -1.0 -1.00000e+00
1131454036 1131454156 -1.0 -1.00000e+00 -1.0 -1.00000e+00 -1.0 -1.00000e+00 -1.0 -1.00000e+00 -1.0 -1.00000e+00 -1.0 -1.00000e+00
1131463107 1131463227 -1.0 -1.00000e+00 -1.0 -1.00000e+00 -1.0 -1.00000e+00 -1.0 -1.00000e+00 -1.0 -1.00000e+00 -1.0 -1.00000e+00
1131463261 1131463381 -1.0 -1.00000e+00 -1.0 -1.00000e+00 -1.0 -1.00000e+00 -1.0 -1.00000e+00 -1.0 -1.00000e+00 -1.0 -1.00000e+00
1131465587 1131465707 -1.0 -1.00000e+00 -1.0 -1.00000e+00 -1.0 -1.00000e+00 -1.0 -1.00000e+00 -1.0 -1.00000e+00 -1.0 -1.00000e+00
1131468684 1131468804 -1.0 -1.00000e+00 -1.0 -1.00000e+00 -1.0 -1.00000e+00 -1.0 -1.00000e+00 -1.0 -1.00000e+00 -1.0 -1.00000e+00
1131468786 1131468906 -1.0 -1.00000e+00 -1.0 -1.00000e+00 -1.0 -1.00000e+00 -1.0 -1.00000e+00 -1.0 -1.00000e+00 -1.0 -1.00000e+00
1131475184 1131475304 -1.0 -1.00000e+00 -1.0 -1.00000e+00 -1.0 -1.00000e+00 -1.0 -1.00000e+00 -1.0 -1.00000e+00 -1.0 -1.00000e+00
1131479140 1131479260 -1.0 -1.00000e+00 -1.0 -1.00000e+00 -1.0 -1.00000e+00 -1.0 -1.00000e+00 -1.0 -1.00000e+00 -1.0 -1.00000e+00
1131482476 1131482596 -1.0 -1.00000e+00 -1.0 -1.00000e+00 -1.0 -1.00000e+00 -1.0 -1.00000e+00 -1.0 -1.00000e+00 -1.0 -1.00000e+00
1131482867 1131482987 -1.0 -1.00000e+00 -1.0 -1.00000e+00 -1.0 -1.00000e+00 -1.0 -1.00000e+00 -1.0 -1.00000e+00 -1.0 -1.00000e+00
1131484754 1131484874 -1.0 -1.00000e+00 -1.0 -1.00000e+00 -1.0 -1.00000e+00 -1.0 -1.00000e+00 -1.0 -1.00000e+00 -1.0 -1.00000e+00
1131533695 1131533815 -1.0 -1.00000e+00 -1.0 -1.00000e+00 -1.0 -1.00000e+00 -1.0 -1.00000e+00 -1.0 -1.00000e+00 -1.0 -1.00000e+00
1131541064 1131541184 -1.0 -1.00000e+00 -1.0 -1.00000e+00 -1.0 -1.00000e+00 -1.0 -1.00000e+00 -1.0 -1.00000e+00 -1.0 -1.00000e+00
1131548996 1131549116 -1.0 -1.00000e+00 -1.0 -1.00000e+00 -1.0 -1.00000e+00 -1.0 -1.00000e+00 -1.0 -1.00000e+00 -1.0 -1.00000e+00
1131552788 1131552908 -1.0 -1.00000e+00 -1.0 -1.00000e+00 -1.0 -1.00000e+00 -1.0 -1.00000e+00 -1.0 -1.00000e+00 -1.0 -1.00000e+00
1131553039 1131553159 -1.0 -1.00000e+00 -1.0 -1.00000e+00 -1.0 -1.00000e+00 -1.0 -1.00000e+00 -1.0 -1.00000e+00 -1.0 -1.00000e+00
1131553504 1131553624 -1.0 -1.00000e+00 -1.0 -1.00000e+00 -1.0 -1.00000e+00 -1.0 -1.00000e+00 -1.0 -1.00000e+00 -1.0 -1.00000e+00
1131553637 1131553757 -1.0 -1.00000e+00 -1.0 -1.00000e+00 -1.0 -1.00000e+00 -1.0 -1.00000e+00 -1.0 -1.00000e+00 -1.0 -1.00000e+00
1131559000 1131559120 -1.0 -1.00000e+00 -1.0 -1.00000e+00 -1.0 -1.00000e+00 -1.0 -1.00000e+00 -1.0 -1.00000e+00 -1.0 -1.00000e+00
1131567612 1131567732 -1.0 -1.00000e+00 -1.0 -1.00000e+00 -1.0 -1.00000e+00 -1.0 -1.00000e+00 -1.0 -1.00000e+00 -1.0 -1.00000e+00
1131594708 1131594828 -1.0 -1.00000e+00 -1.0 -1.00000e+00 -1.0 -1.00000e+00 -1.0 -1.00000e+00 -1.0 -1.00000e+00 -1.0 -1.00000e+00
1131595139 1131595259 -1.0 -1.00000e+00 -1.0 -1.00000e+00 -1.0 -1.00000e+00 -1.0 -1.00000e+00 -1.0 -1.00000e+00 -1.0 -1.00000e+00
1131616271 1131616391 -1.0 -1.00000e+00 -1.0 -1.00000e+00 -1.0 -1.00000e+00 -1.0 -1.00000e+00 -1.0 -1.00000e+00 -1.0 -1.00000e+00
1131632429 1131632549 -1.0 -1.00000e+00 -1.0 -1.00000e+00 -1.0 -1.00000e+00 -1.0 -1.00000e+00 -1.0 -1.00000e+00 -1.0 -1.00000e+00
1131633366 1131633486 -1.0 -1.00000e+00 -1.0 -1.00000e+00 -1.0 -1.00000e+00 -1.0 -1.00000e+00 -1.0 -1.00000e+00 -1.0 -1.00000e+00
1131655899 1131656019 -1.0 -1.00000e+00 -1.0 -1.00000e+00 -1.0 -1.00000e+00 -1.0 -1.00000e+00 -1.0 -1.00000e+00 -1.0 -1.00000e+00
1131669936 1131670056 -1.0 -1.00000e+00 -1.0 -1.00000e+00 -1.0 -1.00000e+00 -1.0 -1.00000e+00 -1.0 -1.00000e+00 -1.0 -1.00000e+00
1131717646 1131717766 -1.0 -1.00000e+00 -1.0 -1.00000e+00 -1.0 -1.00000e+00 -1.0 -1.00000e+00 -1.0 -1.00000e+00 -1.0 -1.00000e+00
1131727580 1131727700 -1.0 -1.00000e+00 -1.0 -1.00000e+00 -1.0 -1.00000e+00 -1.0 -1.00000e+00 -1.0 -1.00000e+00 -1.0 -1.00000e+00
1131728999 1131729119 -1.0 -1.00000e+00 -1.0 -1.00000e+00 -1.0 -1.00000e+00 -1.0 -1.00000e+00 -1.0 -1.00000e+00 -1.0 -1.00000e+00
1131734930 1131735050 -1.0 -1.00000e+00 -1.0 -1.00000e+00 -1.0 -1.00000e+00 -1.0 -1.00000e+00 -1.0 -1.00000e+00 -1.0 -1.00000e+00
1131735285 1131735405 -1.0 -1.00000e+00 -1.0 -1.00000e+00 -1.0 -1.00000e+00 -1.0 -1.00000e+00 -1.0 -1.00000e+00 -1.0 -1.00000e+00
1131737189 1131737309 -1.0 -1.00000e+00 -1.0 -1.00000e+00 -1.0 -1.00000e+00 -1.0 -1.00000e+00 -1.0 -1.00000e+00 -1.0 -1.00000e+00
1131739879 1131739999 -1.0 -1.00000e+00 -1.0 -1.00000e+00 -1.0 -1.00000e+00 -1.0 -1.00000e+00 -1.0 -1.00000e+00 -1.0 -1.00000e+00
1131742098 1131742218 -1.0 -1.00000e+00 -1.0 -1.00000e+00 -1.0 -1.00000e+00 -1.0 -1.00000e+00 -1.0 -1.00000e+00 -1.0 -1.00000e+00
1131746863 1131746983 -1.0 -1.00000e+00 -1.0 -1.00000e+00 -1.0 -1.00000e+00 -1.0 -1.00000e+00 -1.0 -1.00000e+00 -1.0 -1.00000e+00
1131772277 1131772397 -1.0 -1.00000e+00 -1.0 -1.00000e+00 -1.0 -1.00000e+00 -1.0 -1.00000e+00 -1.0 -1.00000e+00 -1.0 -1.00000e+00
1131896209 1131896329 -1.0 -1.00000e+00 -1.0 -1.00000e+00 -1.0 -1.00000e+00 -1.0 -1.00000e+00 -1.0 -1.00000e+00 -1.0 -1.00000e+00
1131902652 1131902772 -1.0 -1.00000e+00 -1.0 -1.00000e+00 -1.0 -1.00000e+00 -1.0 -1.00000e+00 -1.0 -1.00000e+00 -1.0 -1.00000e+00
1131907532 1131907652 -1.0 -1.00000e+00 -1.0 -1.00000e+00 -1.0 -1.00000e+00 -1.0 -1.00000e+00 -1.0 -1.00000e+00 -1.0 -1.00000e+00
1131938759 1131938879 -1.0 -1.00000e+00 -1.0 -1.00000e+00 -1.0 -1.00000e+00 -1.0 -1.00000e+00 -1.0 -1.00000e+00 -1.0 -1.00000e+00
1131940055 1131940175 -1.0 -1.00000e+00 -1.0 -1.00000e+00 -1.0 -1.00000e+00 -1.0 -1.00000e+00 -1.0 -1.00000e+00 -1.0 -1.00000e+00
1131940088 1131940208 -1.0 -1.00000e+00 -1.0 -1.00000e+00 -1.0 -1.00000e+00 -1.0 -1.00000e+00 -1.0 -1.00000e+00 -1.0 -1.00000e+00
1131950932 1131951052 -1.0 -1.00000e+00 -1.0 -1.00000e+00 -1.0 -1.00000e+00 -1.0 -1.00000e+00 -1.0 -1.00000e+00 -1.0 -1.00000e+00
1131986446 1131986566 -1.0 -1.00000e+00 -1.0 -1.00000e+00 -1.0 -1.00000e+00 -1.0 -1.00000e+00 -1.0 -1.00000e+00 -1.0 -1.00000e+00
1131996740 1131996860 -1.0 -1.00000e+00 -1.0 -1.00000e+00 -1.0 -1.00000e+00 -1.0 -1.00000e+00 -1.0 -1.00000e+00 -1.0 -1.00000e+00
1131998829 1131998949 -1.0 -1.00000e+00 -1.0 -1.00000e+00 -1.0 -1.00000e+00 -1.0 -1.00000e+00 -1.0 -1.00000e+00 -1.0 -1.00000e+00
1132016611 1132016731 -1.0 -1.00000e+00 -1.0 -1.00000e+00 -1.0 -1.00000e+00 -1.0 -1.00000e+00 -1.0 -1.00000e+00 -1.0 -1.00000e+00
1132026602 1132026722 -1.0 -1.00000e+00 -1.0 -1.00000e+00 -1.0 -1.00000e+00 -1.0 -1.00000e+00 -1.0 -1.00000e+00 -1.0 -1.00000e+00
1132027919 1132028039 -1.0 -1.00000e+00 -1.0 -1.00000e+00 -1.0 -1.00000e+00 -1.0 -1.00000e+00 -1.0 -1.00000e+00 -1.0 -1.00000e+00
1132035832 1132035952 -1.0 -1.00000e+00 -1.0 -1.00000e+00 -1.0 -1.00000e+00 -1.0 -1.00000e+00 -1.0 -1.00000e+00 -1.0 -1.00000e+00
1132043454 1132043574 -1.0 -1.00000e+00 -1.0 -1.00000e+00 -1.0 -1.00000e+00 -1.0 -1.00000e+00 -1.0 -1.00000e+00 -1.0 -1.00000e+00
1132057587 1132057707 -1.0 -1.00000e+00 -1.0 -1.00000e+00 -1.0 -1.00000e+00 -1.0 -1.00000e+00 -1.0 -1.00000e+00 -1.0 -1.00000e+00
1132064622 1132064742 -1.0 -1.00000e+00 -1.0 -1.00000e+00 -1.0 -1.00000e+00 -1.0 -1.00000e+00 -1.0 -1.00000e+00 -1.0 -1.00000e+00
1132080769 1132080889 -1.0 -1.00000e+00 -1.0 -1.00000e+00 -1.0 -1.00000e+00 -1.0 -1.00000e+00 -1.0 -1.00000e+00 -1.0 -1.00000e+00
1132084638 1132084758 -1.0 -1.00000e+00 -1.0 -1.00000e+00 -1.0 -1.00000e+00 -1.0 -1.00000e+00 -1.0 -1.00000e+00 -1.0 -1.00000e+00
1132091277 1132091397 -1.0 -1.00000e+00 -1.0 -1.00000e+00 -1.0 -1.00000e+00 -1.0 -1.00000e+00 -1.0 -1.00000e+00 -1.0 -1.00000e+00
1132119450 1132119570 -1.0 -1.00000e+00 -1.0 -1.00000e+00 -1.0 -1.00000e+00 -1.0 -1.00000e+00 -1.0 -1.00000e+00 -1.0 -1.00000e+00
1132175450 1132175570 -1.0 -1.00000e+00 -1.0 -1.00000e+00 -1.0 -1.00000e+00 -1.0 -1.00000e+00 -1.0 -1.00000e+00 -1.0 -1.00000e+00
1132183965 1132184085 -1.0 -1.00000e+00 -1.0 -1.00000e+00 -1.0 -1.00000e+00 -1.0 -1.00000e+00 -1.0 -1.00000e+00 -1.0 -1.00000e+00
1132223255 1132223375 -1.0 -1.00000e+00 -1.0 -1.00000e+00 -1.0 -1.00000e+00 -1.0 -1.00000e+00 -1.0 -1.00000e+00 -1.0 -1.00000e+00
1132227989 1132228109 -1.0 -1.00000e+00 -1.0 -1.00000e+00 -1.0 -1.00000e+00 -1.0 -1.00000e+00 -1.0 -1.00000e+00 -1.0 -1.00000e+00
1132261446 1132261566 -1.0 -1.00000e+00 -1.0 -1.00000e+00 -1.0 -1.00000e+00 -1.0 -1.00000e+00 -1.0 -1.00000e+00 -1.0 -1.00000e+00
1132266301 1132266421 -1.0 -1.00000e+00 -1.0 -1.00000e+00 -1.0 -1.00000e+00 -1.0 -1.00000e+00 -1.0 -1.00000e+00 -1.0 -1.00000e+00
1132273045 1132273165 -1.0 -1.00000e+00 -1.0 -1.00000e+00 -1.0 -1.00000e+00 -1.0 -1.00000e+00 -1.0 -1.00000e+00 -1.0 -1.00000e+00
1132296484 1132296604 -1.0 -1.00000e+00 -1.0 -1.00000e+00 -1.0 -1.00000e+00 -1.0 -1.00000e+00 -1.0 -1.00000e+00 -1.0 -1.00000e+00
1132341247 1132341367 -1.0 -1.00000e+00 -1.0 -1.00000e+00 -1.0 -1.00000e+00 -1.0 -1.00000e+00 -1.0 -1.00000e+00 -1.0 -1.00000e+00
1132342837 1132342957 -1.0 -1.00000e+00 -1.0 -1.00000e+00 -1.0 -1.00000e+00 -1.0 -1.00000e+00 -1.0 -1.00000e+00 -1.0 -1.00000e+00
1132345759 1132345879 -1.0 -1.00000e+00 -1.0 -1.00000e+00 -1.0 -1.00000e+00 -1.0 -1.00000e+00 -1.0 -1.00000e+00 -1.0 -1.00000e+00
1132361035 1132361155 -1.0 -1.00000e+00 -1.0 -1.00000e+00 -1.0 -1.00000e+00 -1.0 -1.00000e+00 -1.0 -1.00000e+00 -1.0 -1.00000e+00
1132361531 1132361651 -1.0 -1.00000e+00 -1.0 -1.00000e+00 -1.0 -1.00000e+00 -1.0 -1.00000e+00 -1.0 -1.00000e+00 -1.0 -1.00000e+00
1132409003 1132409123 -1.0 -1.00000e+00 -1.0 -1.00000e+00 -1.0 -1.00000e+00 -1.0 -1.00000e+00 -1.0 -1.00000e+00 -1.0 -1.00000e+00
1132435327 1132435447 -1.0 -1.00000e+00 -1.0 -1.00000e+00 -1.0 -1.00000e+00 -1.0 -1.00000e+00 -1.0 -1.00000e+00 -1.0 -1.00000e+00
1132437577 1132437697 -1.0 -1.00000e+00 -1.0 -1.00000e+00 -1.0 -1.00000e+00 -1.0 -1.00000e+00 -1.0 -1.00000e+00 -1.0 -1.00000e+00
1132438590 1132438710 -1.0 -1.00000e+00 -1.0 -1.00000e+00 -1.0 -1.00000e+00 -1.0 -1.00000e+00 -1.0 -1.00000e+00 -1.0 -1.00000e+00
1132438813 1132438933 -1.0 -1.00000e+00 -1.0 -1.00000e+00 -1.0 -1.00000e+00 -1.0 -1.00000e+00 -1.0 -1.00000e+00 -1.0 -1.00000e+00
1132501214 1132501334 -1.0 -1.00000e+00 -1.0 -1.00000e+00 -1.0 -1.00000e+00 -1.0 -1.00000e+00 -1.0 -1.00000e+00 -1.0 -1.00000e+00
1132501539 1132501659 -1.0 -1.00000e+00 -1.0 -1.00000e+00 -1.0 -1.00000e+00 -1.0 -1.00000e+00 -1.0 -1.00000e+00 -1.0 -1.00000e+00
1132502087 1132502207 -1.0 -1.00000e+00 -1.0 -1.00000e+00 -1.0 -1.00000e+00 -1.0 -1.00000e+00 -1.0 -1.00000e+00 -1.0 -1.00000e+00
1132502107 1132502227 -1.0 -1.00000e+00 -1.0 -1.00000e+00 -1.0 -1.00000e+00 -1.0 -1.00000e+00 -1.0 -1.00000e+00 -1.0 -1.00000e+00
1132502706 1132502826 -1.0 -1.00000e+00 -1.0 -1.00000e+00 -1.0 -1.00000e+00 -1.0 -1.00000e+00 -1.0 -1.00000e+00 -1.0 -1.00000e+00
1132507058 1132507178 -1.0 -1.00000e+00 -1.0 -1.00000e+00 -1.0 -1.00000e+00 -1.0 -1.00000e+00 -1.0 -1.00000e+00 -1.0 -1.00000e+00
1132535544 1132535664 -1.0 -1.00000e+00 -1.0 -1.00000e+00 -1.0 -1.00000e+00 -1.0 -1.00000e+00 -1.0 -1.00000e+00 -1.0 -1.00000e+00
1132552427 1132552547 -1.0 -1.00000e+00 -1.0 -1.00000e+00 -1.0 -1.00000e+00 -1.0 -1.00000e+00 -1.0 -1.00000e+00 -1.0 -1.00000e+00
1132576576 1132576696 -1.0 -1.00000e+00 -1.0 -1.00000e+00 -1.0 -1.00000e+00 -1.0 -1.00000e+00 -1.0 -1.00000e+00 -1.0 -1.00000e+00
1132584070 1132584190 -1.0 -1.00000e+00 -1.0 -1.00000e+00 -1.0 -1.00000e+00 -1.0 -1.00000e+00 -1.0 -1.00000e+00 -1.0 -1.00000e+00
1132584267 1132584387 -1.0 -1.00000e+00 -1.0 -1.00000e+00 -1.0 -1.00000e+00 -1.0 -1.00000e+00 -1.0 -1.00000e+00 -1.0 -1.00000e+00
1132615476 1132615596 -1.0 -1.00000e+00 -1.0 -1.00000e+00 -1.0 -1.00000e+00 -1.0 -1.00000e+00 -1.0 -1.00000e+00 -1.0 -1.00000e+00
1132617474 1132617594 -1.0 -1.00000e+00 -1.0 -1.00000e+00 -1.0 -1.00000e+00 -1.0 -1.00000e+00 -1.0 -1.00000e+00 -1.0 -1.00000e+00
1132639318 1132639438 -1.0 -1.00000e+00 -1.0 -1.00000e+00 -1.0 -1.00000e+00 -1.0 -1.00000e+00 -1.0 -1.00000e+00 -1.0 -1.00000e+00
1132652620 1132652740 -1.0 -1.00000e+00 -1.0 -1.00000e+00 -1.0 -1.00000e+00 -1.0 -1.00000e+00 -1.0 -1.00000e+00 -1.0 -1.00000e+00
1132666172 1132666292 -1.0 -1.00000e+00 -1.0 -1.00000e+00 -1.0 -1.00000e+00 -1.0 -1.00000e+00 -1.0 -1.00000e+00 -1.0 -1.00000e+00
1132666505 1132666625 -1.0 -1.00000e+00 -1.0 -1.00000e+00 -1.0 -1.00000e+00 -1.0 -1.00000e+00 -1.0 -1.00000e+00 -1.0 -1.00000e+00
1132670020 1132670140 -1.0 -1.00000e+00 -1.0 -1.00000e+00 -1.0 -1.00000e+00 -1.0 -1.00000e+00 -1.0 -1.00000e+00 -1.0 -1.00000e+00
1132671274 1132671394 -1.0 -1.00000e+00 -1.0 -1.00000e+00 -1.0 -1.00000e+00 -1.0 -1.00000e+00 -1.0 -1.00000e+00 -1.0 -1.00000e+00
1132673736 1132673856 -1.0 -1.00000e+00 -1.0 -1.00000e+00 -1.0 -1.00000e+00 -1.0 -1.00000e+00 -1.0 -1.00000e+00 -1.0 -1.00000e+00
1132674894 1132675014 -1.0 -1.00000e+00 -1.0 -1.00000e+00 -1.0 -1.00000e+00 -1.0 -1.00000e+00 -1.0 -1.00000e+00 -1.0 -1.00000e+00
1132683698 1132683818 -1.0 -1.00000e+00 -1.0 -1.00000e+00 -1.0 -1.00000e+00 -1.0 -1.00000e+00 -1.0 -1.00000e+00 -1.0 -1.00000e+00
1132687103 1132687223 -1.0 -1.00000e+00 -1.0 -1.00000e+00 -1.0 -1.00000e+00 -1.0 -1.00000e+00 -1.0 -1.00000e+00 -1.0 -1.00000e+00
1132687787 1132687907 -1.0 -1.00000e+00 -1.0 -1.00000e+00 -1.0 -1.00000e+00 -1.0 -1.00000e+00 -1.0 -1.00000e+00 -1.0 -1.00000e+00
1132688081 1132688201 -1.0 -1.00000e+00 -1.0 -1.00000e+00 -1.0 -1.00000e+00 -1.0 -1.00000e+00 -1.0 -1.00000e+00 -1.0 -1.00000e+00
1132693863 1132693983 -1.0 -1.00000e+00 -1.0 -1.00000e+00 -1.0 -1.00000e+00 -1.0 -1.00000e+00 -1.0 -1.00000e+00 -1.0 -1.00000e+00
1132702047 1132702167 -1.0 -1.00000e+00 -1.0 -1.00000e+00 -1.0 -1.00000e+00 -1.0 -1.00000e+00 -1.0 -1.00000e+00 -1.0 -1.00000e+00
1132727654 1132727774 -1.0 -1.00000e+00 -1.0 -1.00000e+00 -1.0 -1.00000e+00 -1.0 -1.00000e+00 -1.0 -1.00000e+00 -1.0 -1.00000e+00
1132759437 1132759557 -1.0 -1.00000e+00 -1.0 -1.00000e+00 -1.0 -1.00000e+00 -1.0 -1.00000e+00 -1.0 -1.00000e+00 -1.0 -1.00000e+00
1132860617 1132860737 -1.0 -1.00000e+00 -1.0 -1.00000e+00 -1.0 -1.00000e+00 -1.0 -1.00000e+00 -1.0 -1.00000e+00 -1.0 -1.00000e+00
1132912394 1132912514 -1.0 -1.00000e+00 -1.0 -1.00000e+00 -1.0 -1.00000e+00 -1.0 -1.00000e+00 -1.0 -1.00000e+00 -1.0 -1.00000e+00
1132915564 1132915684 -1.0 -1.00000e+00 -1.0 -1.00000e+00 -1.0 -1.00000e+00 -1.0 -1.00000e+00 -1.0 -1.00000e+00 -1.0 -1.00000e+00
1132998541 1132998661 -1.0 -1.00000e+00 -1.0 -1.00000e+00 -1.0 -1.00000e+00 -1.0 -1.00000e+00 -1.0 -1.00000e+00 -1.0 -1.00000e+00
1133008552 1133008672 -1.0 -1.00000e+00 -1.0 -1.00000e+00 -1.0 -1.00000e+00 -1.0 -1.00000e+00 -1.0 -1.00000e+00 -1.0 -1.00000e+00
1133014360 1133014480 -1.0 -1.00000e+00 -1.0 -1.00000e+00 -1.0 -1.00000e+00 -1.0 -1.00000e+00 -1.0 -1.00000e+00 -1.0 -1.00000e+00
1133033249 1133033369 -1.0 -1.00000e+00 -1.0 -1.00000e+00 -1.0 -1.00000e+00 -1.0 -1.00000e+00 -1.0 -1.00000e+00 -1.0 -1.00000e+00
1133034628 1133034748 -1.0 -1.00000e+00 -1.0 -1.00000e+00 -1.0 -1.00000e+00 -1.0 -1.00000e+00 -1.0 -1.00000e+00 -1.0 -1.00000e+00
1133040789 1133040909 -1.0 -1.00000e+00 -1.0 -1.00000e+00 -1.0 -1.00000e+00 -1.0 -1.00000e+00 -1.0 -1.00000e+00 -1.0 -1.00000e+00
1133042393 1133042513 -1.0 -1.00000e+00 -1.0 -1.00000e+00 -1.0 -1.00000e+00 -1.0 -1.00000e+00 -1.0 -1.00000e+00 -1.0 -1.00000e+00
1133043387 1133043507 -1.0 -1.00000e+00 -1.0 -1.00000e+00 -1.0 -1.00000e+00 -1.0 -1.00000e+00 -1.0 -1.00000e+00 -1.0 -1.00000e+00
1133043395 1133043515 -1.0 -1.00000e+00 -1.0 -1.00000e+00 -1.0 -1.00000e+00 -1.0 -1.00000e+00 -1.0 -1.00000e+00 -1.0 -1.00000e+00
1133043717 1133043837 -1.0 -1.00000e+00 -1.0 -1.00000e+00 -1.0 -1.00000e+00 -1.0 -1.00000e+00 -1.0 -1.00000e+00 -1.0 -1.00000e+00
1133045354 1133045474 -1.0 -1.00000e+00 -1.0 -1.00000e+00 -1.0 -1.00000e+00 -1.0 -1.00000e+00 -1.0 -1.00000e+00 -1.0 -1.00000e+00
1133045417 1133045537 -1.0 -1.00000e+00 -1.0 -1.00000e+00 -1.0 -1.00000e+00 -1.0 -1.00000e+00 -1.0 -1.00000e+00 -1.0 -1.00000e+00
1133045558 1133045678 -1.0 -1.00000e+00 -1.0 -1.00000e+00 -1.0 -1.00000e+00 -1.0 -1.00000e+00 -1.0 -1.00000e+00 -1.0 -1.00000e+00
1133046276 1133046396 -1.0 -1.00000e+00 -1.0 -1.00000e+00 -1.0 -1.00000e+00 -1.0 -1.00000e+00 -1.0 -1.00000e+00 -1.0 -1.00000e+00
1133093613 1133093733 -1.0 -1.00000e+00 -1.0 -1.00000e+00 -1.0 -1.00000e+00 -1.0 -1.00000e+00 -1.0 -1.00000e+00 -1.0 -1.00000e+00
1133102305 1133102425 -1.0 -1.00000e+00 -1.0 -1.00000e+00 -1.0 -1.00000e+00 -1.0 -1.00000e+00 -1.0 -1.00000e+00 -1.0 -1.00000e+00
1133111041 1133111161 -1.0 -1.00000e+00 -1.0 -1.00000e+00 -1.0 -1.00000e+00 -1.0 -1.00000e+00 -1.0 -1.00000e+00 -1.0 -1.00000e+00
1133165613 1133165733 -1.0 -1.00000e+00 -1.0 -1.00000e+00 -1.0 -1.00000e+00 -1.0 -1.00000e+00 -1.0 -1.00000e+00 -1.0 -1.00000e+00
1133175420 1133175540 -1.0 -1.00000e+00 -1.0 -1.00000e+00 -1.0 -1.00000e+00 -1.0 -1.00000e+00 -1.0 -1.00000e+00 -1.0 -1.00000e+00
1133189389 1133189509 -1.0 -1.00000e+00 -1.0 -1.00000e+00 -1.0 -1.00000e+00 -1.0 -1.00000e+00 -1.0 -1.00000e+00 -1.0 -1.00000e+00
1133190091 1133190211 -1.0 -1.00000e+00 -1.0 -1.00000e+00 -1.0 -1.00000e+00 -1.0 -1.00000e+00 -1.0 -1.00000e+00 -1.0 -1.00000e+00
1133194748 1133194868 -1.0 -1.00000e+00 -1.0 -1.00000e+00 -1.0 -1.00000e+00 -1.0 -1.00000e+00 -1.0 -1.00000e+00 -1.0 -1.00000e+00
1133211458 1133211578 -1.0 -1.00000e+00 -1.0 -1.00000e+00 -1.0 -1.00000e+00 -1.0 -1.00000e+00 -1.0 -1.00000e+00 -1.0 -1.00000e+00
1133266309 1133266429 -1.0 -1.00000e+00 -1.0 -1.00000e+00 -1.0 -1.00000e+00 -1.0 -1.00000e+00 -1.0 -1.00000e+00 -1.0 -1.00000e+00
1133285657 1133285777 -1.0 -1.00000e+00 -1.0 -1.00000e+00 -1.0 -1.00000e+00 -1.0 -1.00000e+00 -1.0 -1.00000e+00 -1.0 -1.00000e+00
1133304277 1133304397 -1.0 -1.00000e+00 -1.0 -1.00000e+00 -1.0 -1.00000e+00 -1.0 -1.00000e+00 -1.0 -1.00000e+00 -1.0 -1.00000e+00
1133325224 1133325344 -1.0 -1.00000e+00 -1.0 -1.00000e+00 -1.0 -1.00000e+00 -1.0 -1.00000e+00 -1.0 -1.00000e+00 -1.0 -1.00000e+00
1133325692 1133325812 -1.0 -1.00000e+00 -1.0 -1.00000e+00 -1.0 -1.00000e+00 -1.0 -1.00000e+00 -1.0 -1.00000e+00 -1.0 -1.00000e+00
1133342784 1133342904 -1.0 -1.00000e+00 -1.0 -1.00000e+00 -1.0 -1.00000e+00 -1.0 -1.00000e+00 -1.0 -1.00000e+00 -1.0 -1.00000e+00
1133349481 1133349601 -1.0 -1.00000e+00 -1.0 -1.00000e+00 -1.0 -1.00000e+00 -1.0 -1.00000e+00 -1.0 -1.00000e+00 -1.0 -1.00000e+00
1133368331 1133368451 -1.0 -1.00000e+00 -1.0 -1.00000e+00 -1.0 -1.00000e+00 -1.0 -1.00000e+00 -1.0 -1.00000e+00 -1.0 -1.00000e+00
1133368881 1133369001 -1.0 -1.00000e+00 -1.0 -1.00000e+00 -1.0 -1.00000e+00 -1.0 -1.00000e+00 -1.0 -1.00000e+00 -1.0 -1.00000e+00
1133369078 1133369198 -1.0 -1.00000e+00 -1.0 -1.00000e+00 -1.0 -1.00000e+00 -1.0 -1.00000e+00 -1.0 -1.00000e+00 -1.0 -1.00000e+00
1133383438 1133383558 -1.0 -1.00000e+00 -1.0 -1.00000e+00 -1.0 -1.00000e+00 -1.0 -1.00000e+00 -1.0 -1.00000e+00 -1.0 -1.00000e+00
1133386971 1133387091 -1.0 -1.00000e+00 -1.0 -1.00000e+00 -1.0 -1.00000e+00 -1.0 -1.00000e+00 -1.0 -1.00000e+00 -1.0 -1.00000e+00
1133404912 1133405032 -1.0 -1.00000e+00 -1.0 -1.00000e+00 -1.0 -1.00000e+00 -1.0 -1.00000e+00 -1.0 -1.00000e+00 -1.0 -1.00000e+00
1133407920 1133408040 -1.0 -1.00000e+00 -1.0 -1.00000e+00 -1.0 -1.00000e+00 -1.0 -1.00000e+00 -1.0 -1.00000e+00 -1.0 -1.00000e+00
1133410113 1133410233 -1.0 -1.00000e+00 -1.0 -1.00000e+00 -1.0 -1.00000e+00 -1.0 -1.00000e+00 -1.0 -1.00000e+00 -1.0 -1.00000e+00
1133421551 1133421671 -1.0 -1.00000e+00 -1.0 -1.00000e+00 -1.0 -1.00000e+00 -1.0 -1.00000e+00 -1.0 -1.00000e+00 -1.0 -1.00000e+00
1133439040 1133439160 -1.0 -1.00000e+00 -1.0 -1.00000e+00 -1.0 -1.00000e+00 -1.0 -1.00000e+00 -1.0 -1.00000e+00 -1.0 -1.00000e+00
1133471880 1133472000 -1.0 -1.00000e+00 -1.0 -1.00000e+00 -1.0 -1.00000e+00 -1.0 -1.00000e+00 -1.0 -1.00000e+00 -1.0 -1.00000e+00
1133501188 1133501308 -1.0 -1.00000e+00 -1.0 -1.00000e+00 -1.0 -1.00000e+00 -1.0 -1.00000e+00 -1.0 -1.00000e+00 -1.0 -1.00000e+00
1133510972 1133511092 -1.0 -1.00000e+00 -1.0 -1.00000e+00 -1.0 -1.00000e+00 -1.0 -1.00000e+00 -1.0 -1.00000e+00 -1.0 -1.00000e+00
1133543023 1133543143 -1.0 -1.00000e+00 -1.0 -1.00000e+00 -1.0 -1.00000e+00 -1.0 -1.00000e+00 -1.0 -1.00000e+00 -1.0 -1.00000e+00
1133598034 1133598154 -1.0 -1.00000e+00 -1.0 -1.00000e+00 -1.0 -1.00000e+00 -1.0 -1.00000e+00 -1.0 -1.00000e+00 -1.0 -1.00000e+00
1133599249 1133599369 -1.0 -1.00000e+00 -1.0 -1.00000e+00 -1.0 -1.00000e+00 -1.0 -1.00000e+00 -1.0 -1.00000e+00 -1.0 -1.00000e+00
1133619355 1133619475 -1.0 -1.00000e+00 -1.0 -1.00000e+00 -1.0 -1.00000e+00 -1.0 -1.00000e+00 -1.0 -1.00000e+00 -1.0 -1.00000e+00
1133648192 1133648312 -1.0 -1.00000e+00 -1.0 -1.00000e+00 -1.0 -1.00000e+00 -1.0 -1.00000e+00 -1.0 -1.00000e+00 -1.0 -1.00000e+00
1133649302 1133649422 -1.0 -1.00000e+00 -1.0 -1.00000e+00 -1.0 -1.00000e+00 -1.0 -1.00000e+00 -1.0 -1.00000e+00 -1.0 -1.00000e+00
1133670609 1133670729 -1.0 -1.00000e+00 -1.0 -1.00000e+00 -1.0 -1.00000e+00 -1.0 -1.00000e+00 -1.0 -1.00000e+00 -1.0 -1.00000e+00
1133674481 1133674601 -1.0 -1.00000e+00 -1.0 -1.00000e+00 -1.0 -1.00000e+00 -1.0 -1.00000e+00 -1.0 -1.00000e+00 -1.0 -1.00000e+00
1133692857 1133692977 -1.0 -1.00000e+00 -1.0 -1.00000e+00 -1.0 -1.00000e+00 -1.0 -1.00000e+00 -1.0 -1.00000e+00 -1.0 -1.00000e+00
1133718461 1133718581 -1.0 -1.00000e+00 -1.0 -1.00000e+00 -1.0 -1.00000e+00 -1.0 -1.00000e+00 -1.0 -1.00000e+00 -1.0 -1.00000e+00
1133722261 1133722381 -1.0 -1.00000e+00 -1.0 -1.00000e+00 -1.0 -1.00000e+00 -1.0 -1.00000e+00 -1.0 -1.00000e+00 -1.0 -1.00000e+00
1133729296 1133729416 -1.0 -1.00000e+00 -1.0 -1.00000e+00 -1.0 -1.00000e+00 -1.0 -1.00000e+00 -1.0 -1.00000e+00 -1.0 -1.00000e+00
1133736399 1133736519 -1.0 -1.00000e+00 -1.0 -1.00000e+00 -1.0 -1.00000e+00 -1.0 -1.00000e+00 -1.0 -1.00000e+00 -1.0 -1.00000e+00
1133778757 1133778877 -1.0 -1.00000e+00 -1.0 -1.00000e+00 -1.0 -1.00000e+00 -1.0 -1.00000e+00 -1.0 -1.00000e+00 -1.0 -1.00000e+00
1133801049 1133801169 -1.0 -1.00000e+00 -1.0 -1.00000e+00 -1.0 -1.00000e+00 -1.0 -1.00000e+00 -1.0 -1.00000e+00 -1.0 -1.00000e+00
1133826157 1133826277 -1.0 -1.00000e+00 -1.0 -1.00000e+00 -1.0 -1.00000e+00 -1.0 -1.00000e+00 -1.0 -1.00000e+00 -1.0 -1.00000e+00
1133827203 1133827323 -1.0 -1.00000e+00 -1.0 -1.00000e+00 -1.0 -1.00000e+00 -1.0 -1.00000e+00 -1.0 -1.00000e+00 -1.0 -1.00000e+00
1133843243 1133843363 -1.0 -1.00000e+00 -1.0 -1.00000e+00 -1.0 -1.00000e+00 -1.0 -1.00000e+00 -1.0 -1.00000e+00 -1.0 -1.00000e+00
1133875136 1133875256 -1.0 -1.00000e+00 -1.0 -1.00000e+00 -1.0 -1.00000e+00 -1.0 -1.00000e+00 -1.0 -1.00000e+00 -1.0 -1.00000e+00
1133875539 1133875659 -1.0 -1.00000e+00 -1.0 -1.00000e+00 -1.0 -1.00000e+00 -1.0 -1.00000e+00 -1.0 -1.00000e+00 -1.0 -1.00000e+00
1133898382 1133898502 -1.0 -1.00000e+00 -1.0 -1.00000e+00 -1.0 -1.00000e+00 -1.0 -1.00000e+00 -1.0 -1.00000e+00 -1.0 -1.00000e+00
1133899141 1133899261 -1.0 -1.00000e+00 -1.0 -1.00000e+00 -1.0 -1.00000e+00 -1.0 -1.00000e+00 -1.0 -1.00000e+00 -1.0 -1.00000e+00
1133899548 1133899668 -1.0 -1.00000e+00 -1.0 -1.00000e+00 -1.0 -1.00000e+00 -1.0 -1.00000e+00 -1.0 -1.00000e+00 -1.0 -1.00000e+00
1133936945 1133937065 -1.0 -1.00000e+00 -1.0 -1.00000e+00 -1.0 -1.00000e+00 -1.0 -1.00000e+00 -1.0 -1.00000e+00 -1.0 -1.00000e+00
1133959655 1133959775 -1.0 -1.00000e+00 -1.0 -1.00000e+00 -1.0 -1.00000e+00 -1.0 -1.00000e+00 -1.0 -1.00000e+00 -1.0 -1.00000e+00
1133965962 1133966082 -1.0 -1.00000e+00 -1.0 -1.00000e+00 -1.0 -1.00000e+00 -1.0 -1.00000e+00 -1.0 -1.00000e+00 -1.0 -1.00000e+00
1133995830 1133995950 -1.0 -1.00000e+00 -1.0 -1.00000e+00 -1.0 -1.00000e+00 -1.0 -1.00000e+00 -1.0 -1.00000e+00 -1.0 -1.00000e+00
1134013972 1134014092 -1.0 -1.00000e+00 -1.0 -1.00000e+00 -1.0 -1.00000e+00 -1.0 -1.00000e+00 -1.0 -1.00000e+00 -1.0 -1.00000e+00
1134018780 1134018900 -1.0 -1.00000e+00 -1.0 -1.00000e+00 -1.0 -1.00000e+00 -1.0 -1.00000e+00 -1.0 -1.00000e+00 -1.0 -1.00000e+00
1134031483 1134031603 -1.0 -1.00000e+00 -1.0 -1.00000e+00 -1.0 -1.00000e+00 -1.0 -1.00000e+00 -1.0 -1.00000e+00 -1.0 -1.00000e+00
1134032050 1134032170 -1.0 -1.00000e+00 -1.0 -1.00000e+00 -1.0 -1.00000e+00 -1.0 -1.00000e+00 -1.0 -1.00000e+00 -1.0 -1.00000e+00
1134144083 1134144203 -1.0 -1.00000e+00 -1.0 -1.00000e+00 -1.0 -1.00000e+00 -1.0 -1.00000e+00 -1.0 -1.00000e+00 -1.0 -1.00000e+00
1134158778 1134158898 -1.0 -1.00000e+00 -1.0 -1.00000e+00 -1.0 -1.00000e+00 -1.0 -1.00000e+00 -1.0 -1.00000e+00 -1.0 -1.00000e+00
1134158941 1134159061 -1.0 -1.00000e+00 -1.0 -1.00000e+00 -1.0 -1.00000e+00 -1.0 -1.00000e+00 -1.0 -1.00000e+00 -1.0 -1.00000e+00
1134159635 1134159755 -1.0 -1.00000e+00 -1.0 -1.00000e+00 -1.0 -1.00000e+00 -1.0 -1.00000e+00 -1.0 -1.00000e+00 -1.0 -1.00000e+00
1134180182 1134180302 -1.0 -1.00000e+00 -1.0 -1.00000e+00 -1.0 -1.00000e+00 -1.0 -1.00000e+00 -1.0 -1.00000e+00 -1.0 -1.00000e+00
1134218505 1134218625 -1.0 -1.00000e+00 -1.0 -1.00000e+00 -1.0 -1.00000e+00 -1.0 -1.00000e+00 -1.0 -1.00000e+00 -1.0 -1.00000e+00
1134218958 1134219078 -1.0 -1.00000e+00 -1.0 -1.00000e+00 -1.0 -1.00000e+00 -1.0 -1.00000e+00 -1.0 -1.00000e+00 -1.0 -1.00000e+00
1134224330 1134224450 -1.0 -1.00000e+00 -1.0 -1.00000e+00 -1.0 -1.00000e+00 -1.0 -1.00000e+00 -1.0 -1.00000e+00 -1.0 -1.00000e+00
1134246047 1134246167 -1.0 -1.00000e+00 -1.0 -1.00000e+00 -1.0 -1.00000e+00 -1.0 -1.00000e+00 -1.0 -1.00000e+00 -1.0 -1.00000e+00
1134258292 1134258412 -1.0 -1.00000e+00 -1.0 -1.00000e+00 -1.0 -1.00000e+00 -1.0 -1.00000e+00 -1.0 -1.00000e+00 -1.0 -1.00000e+00
1134270589 1134270709 -1.0 -1.00000e+00 -1.0 -1.00000e+00 -1.0 -1.00000e+00 -1.0 -1.00000e+00 -1.0 -1.00000e+00 -1.0 -1.00000e+00
1134270846 1134270966 -1.0 -1.00000e+00 -1.0 -1.00000e+00 -1.0 -1.00000e+00 -1.0 -1.00000e+00 -1.0 -1.00000e+00 -1.0 -1.00000e+00
1134281508 1134281628 -1.0 -1.00000e+00 -1.0 -1.00000e+00 -1.0 -1.00000e+00 -1.0 -1.00000e+00 -1.0 -1.00000e+00 -1.0 -1.00000e+00
1134330214 1134330334 -1.0 -1.00000e+00 -1.0 -1.00000e+00 -1.0 -1.00000e+00 -1.0 -1.00000e+00 -1.0 -1.00000e+00 -1.0 -1.00000e+00
1134330827 1134330947 -1.0 -1.00000e+00 -1.0 -1.00000e+00 -1.0 -1.00000e+00 -1.0 -1.00000e+00 -1.0 -1.00000e+00 -1.0 -1.00000e+00
1134369921 1134370041 -1.0 -1.00000e+00 -1.0 -1.00000e+00 -1.0 -1.00000e+00 -1.0 -1.00000e+00 -1.0 -1.00000e+00 -1.0 -1.00000e+00
1134399464 1134399584 -1.0 -1.00000e+00 -1.0 -1.00000e+00 -1.0 -1.00000e+00 -1.0 -1.00000e+00 -1.0 -1.00000e+00 -1.0 -1.00000e+00
1134408231 1134408351 -1.0 -1.00000e+00 -1.0 -1.00000e+00 -1.0 -1.00000e+00 -1.0 -1.00000e+00 -1.0 -1.00000e+00 -1.0 -1.00000e+00
1134440980 1134441100 -1.0 -1.00000e+00 -1.0 -1.00000e+00 -1.0 -1.00000e+00 -1.0 -1.00000e+00 -1.0 -1.00000e+00 -1.0 -1.00000e+00
1134447755 1134447875 -1.0 -1.00000e+00 -1.0 -1.00000e+00 -1.0 -1.00000e+00 -1.0 -1.00000e+00 -1.0 -1.00000e+00 -1.0 -1.00000e+00
1134458322 1134458442 -1.0 -1.00000e+00 -1.0 -1.00000e+00 -1.0 -1.00000e+00 -1.0 -1.00000e+00 -1.0 -1.00000e+00 -1.0 -1.00000e+00
1134476636 1134476756 -1.0 -1.00000e+00 -1.0 -1.00000e+00 -1.0 -1.00000e+00 -1.0 -1.00000e+00 -1.0 -1.00000e+00 -1.0 -1.00000e+00
1134502901 1134503021 -1.0 -1.00000e+00 -1.0 -1.00000e+00 -1.0 -1.00000e+00 -1.0 -1.00000e+00 -1.0 -1.00000e+00 -1.0 -1.00000e+00
1134505997 1134506117 -1.0 -1.00000e+00 -1.0 -1.00000e+00 -1.0 -1.00000e+00 -1.0 -1.00000e+00 -1.0 -1.00000e+00 -1.0 -1.00000e+00
1134529361 1134529481 -1.0 -1.00000e+00 -1.0 -1.00000e+00 -1.0 -1.00000e+00 -1.0 -1.00000e+00 -1.0 -1.00000e+00 -1.0 -1.00000e+00
1134538946 1134539066 -1.0 -1.00000e+00 -1.0 -1.00000e+00 -1.0 -1.00000e+00 -1.0 -1.00000e+00 -1.0 -1.00000e+00 -1.0 -1.00000e+00
1134582834 1134582954 -1.0 -1.00000e+00 -1.0 -1.00000e+00 -1.0 -1.00000e+00 -1.0 -1.00000e+00 -1.0 -1.00000e+00 -1.0 -1.00000e+00
1134589536 1134589656 -1.0 -1.00000e+00 -1.0 -1.00000e+00 -1.0 -1.00000e+00 -1.0 -1.00000e+00 -1.0 -1.00000e+00 -1.0 -1.00000e+00
1134637182 1134637302 -1.0 -1.00000e+00 -1.0 -1.00000e+00 -1.0 -1.00000e+00 -1.0 -1.00000e+00 -1.0 -1.00000e+00 -1.0 -1.00000e+00
1134637402 1134637522 -1.0 -1.00000e+00 -1.0 -1.00000e+00 -1.0 -1.00000e+00 -1.0 -1.00000e+00 -1.0 -1.00000e+00 -1.0 -1.00000e+00
1134643968 1134644088 -1.0 -1.00000e+00 -1.0 -1.00000e+00 -1.0 -1.00000e+00 -1.0 -1.00000e+00 -1.0 -1.00000e+00 -1.0 -1.00000e+00
1134768344 1134768464 -1.0 -1.00000e+00 -1.0 -1.00000e+00 -1.0 -1.00000e+00 -1.0 -1.00000e+00 -1.0 -1.00000e+00 -1.0 -1.00000e+00
1134784769 1134784889 -1.0 -1.00000e+00 -1.0 -1.00000e+00 -1.0 -1.00000e+00 -1.0 -1.00000e+00 -1.0 -1.00000e+00 -1.0 -1.00000e+00
1134785274 1134785394 -1.0 -1.00000e+00 -1.0 -1.00000e+00 -1.0 -1.00000e+00 -1.0 -1.00000e+00 -1.0 -1.00000e+00 -1.0 -1.00000e+00
1134829813 1134829933 -1.0 -1.00000e+00 -1.0 -1.00000e+00 -1.0 -1.00000e+00 -1.0 -1.00000e+00 -1.0 -1.00000e+00 -1.0 -1.00000e+00
1134879311 1134879431 -1.0 -1.00000e+00 -1.0 -1.00000e+00 -1.0 -1.00000e+00 -1.0 -1.00000e+00 -1.0 -1.00000e+00 -1.0 -1.00000e+00
1134910123 1134910243 -1.0 -1.00000e+00 -1.0 -1.00000e+00 -1.0 -1.00000e+00 -1.0 -1.00000e+00 -1.0 -1.00000e+00 -1.0 -1.00000e+00
1134928324 1134928444 -1.0 -1.00000e+00 -1.0 -1.00000e+00 -1.0 -1.00000e+00 -1.0 -1.00000e+00 -1.0 -1.00000e+00 -1.0 -1.00000e+00
1134968833 1134968953 -1.0 -1.00000e+00 -1.0 -1.00000e+00 -1.0 -1.00000e+00 -1.0 -1.00000e+00 -1.0 -1.00000e+00 -1.0 -1.00000e+00
1134970159 1134970279 -1.0 -1.00000e+00 -1.0 -1.00000e+00 -1.0 -1.00000e+00 -1.0 -1.00000e+00 -1.0 -1.00000e+00 -1.0 -1.00000e+00
1134972075 1134972195 -1.0 -1.00000e+00 -1.0 -1.00000e+00 -1.0 -1.00000e+00 -1.0 -1.00000e+00 -1.0 -1.00000e+00 -1.0 -1.00000e+00
1134973937 1134974057 -1.0 -1.00000e+00 -1.0 -1.00000e+00 -1.0 -1.00000e+00 -1.0 -1.00000e+00 -1.0 -1.00000e+00 -1.0 -1.00000e+00
1135002056 1135002176 -1.0 -1.00000e+00 -1.0 -1.00000e+00 -1.0 -1.00000e+00 -1.0 -1.00000e+00 -1.0 -1.00000e+00 -1.0 -1.00000e+00
1135020899 1135021019 -1.0 -1.00000e+00 -1.0 -1.00000e+00 -1.0 -1.00000e+00 -1.0 -1.00000e+00 -1.0 -1.00000e+00 -1.0 -1.00000e+00
1135024219 1135024339 -1.0 -1.00000e+00 -1.0 -1.00000e+00 -1.0 -1.00000e+00 -1.0 -1.00000e+00 -1.0 -1.00000e+00 -1.0 -1.00000e+00
1135040726 1135040846 -1.0 -1.00000e+00 -1.0 -1.00000e+00 -1.0 -1.00000e+00 -1.0 -1.00000e+00 -1.0 -1.00000e+00 -1.0 -1.00000e+00
1135048260 1135048380 -1.0 -1.00000e+00 -1.0 -1.00000e+00 -1.0 -1.00000e+00 -1.0 -1.00000e+00 -1.0 -1.00000e+00 -1.0 -1.00000e+00
1135096348 1135096468 -1.0 -1.00000e+00 -1.0 -1.00000e+00 -1.0 -1.00000e+00 -1.0 -1.00000e+00 -1.0 -1.00000e+00 -1.0 -1.00000e+00
1135103100 1135103220 -1.0 -1.00000e+00 -1.0 -1.00000e+00 -1.0 -1.00000e+00 -1.0 -1.00000e+00 -1.0 -1.00000e+00 -1.0 -1.00000e+00
1135161644 1135161764 -1.0 -1.00000e+00 -1.0 -1.00000e+00 -1.0 -1.00000e+00 -1.0 -1.00000e+00 -1.0 -1.00000e+00 -1.0 -1.00000e+00
1135187399 1135187519 -1.0 -1.00000e+00 -1.0 -1.00000e+00 -1.0 -1.00000e+00 -1.0 -1.00000e+00 -1.0 -1.00000e+00 -1.0 -1.00000e+00
1135195299 1135195419 -1.0 -1.00000e+00 -1.0 -1.00000e+00 -1.0 -1.00000e+00 -1.0 -1.00000e+00 -1.0 -1.00000e+00 -1.0 -1.00000e+00
1135205014 1135205134 -1.0 -1.00000e+00 -1.0 -1.00000e+00 -1.0 -1.00000e+00 -1.0 -1.00000e+00 -1.0 -1.00000e+00 -1.0 -1.00000e+00
1135271427 1135271547 -1.0 -1.00000e+00 -1.0 -1.00000e+00 -1.0 -1.00000e+00 -1.0 -1.00000e+00 -1.0 -1.00000e+00 -1.0 -1.00000e+00
1135436970 1135437090 -1.0 -1.00000e+00 -1.0 -1.00000e+00 -1.0 -1.00000e+00 -1.0 -1.00000e+00 -1.0 -1.00000e+00 -1.0 -1.00000e+00
1135446917 1135447037 -1.0 -1.00000e+00 -1.0 -1.00000e+00 -1.0 -1.00000e+00 -1.0 -1.00000e+00 -1.0 -1.00000e+00 -1.0 -1.00000e+00
1135451461 1135451581 -1.0 -1.00000e+00 -1.0 -1.00000e+00 -1.0 -1.00000e+00 -1.0 -1.00000e+00 -1.0 -1.00000e+00 -1.0 -1.00000e+00
1135497618 1135497738 -1.0 -1.00000e+00 -1.0 -1.00000e+00 -1.0 -1.00000e+00 -1.0 -1.00000e+00 -1.0 -1.00000e+00 -1.0 -1.00000e+00
1135519276 1135519396 -1.0 -1.00000e+00 -1.0 -1.00000e+00 -1.0 -1.00000e+00 -1.0 -1.00000e+00 -1.0 -1.00000e+00 -1.0 -1.00000e+00
1135559151 1135559271 -1.0 -1.00000e+00 -1.0 -1.00000e+00 -1.0 -1.00000e+00 -1.0 -1.00000e+00 -1.0 -1.00000e+00 -1.0 -1.00000e+00
1135561054 1135561174 -1.0 -1.00000e+00 -1.0 -1.00000e+00 -1.0 -1.00000e+00 -1.0 -1.00000e+00 -1.0 -1.00000e+00 -1.0 -1.00000e+00
1135586739 1135586859 -1.0 -1.00000e+00 -1.0 -1.00000e+00 -1.0 -1.00000e+00 -1.0 -1.00000e+00 -1.0 -1.00000e+00 -1.0 -1.00000e+00
1135594859 1135594979 -1.0 -1.00000e+00 -1.0 -1.00000e+00 -1.0 -1.00000e+00 -1.0 -1.00000e+00 -1.0 -1.00000e+00 -1.0 -1.00000e+00
1135606917 1135607037 -1.0 -1.00000e+00 -1.0 -1.00000e+00 -1.0 -1.00000e+00 -1.0 -1.00000e+00 -1.0 -1.00000e+00 -1.0 -1.00000e+00
1135618395 1135618515 -1.0 -1.00000e+00 -1.0 -1.00000e+00 -1.0 -1.00000e+00 -1.0 -1.00000e+00 -1.0 -1.00000e+00 -1.0 -1.00000e+00
1135651650 1135651770 -1.0 -1.00000e+00 -1.0 -1.00000e+00 -1.0 -1.00000e+00 -1.0 -1.00000e+00 -1.0 -1.00000e+00 -1.0 -1.00000e+00
1135665450 1135665570 -1.0 -1.00000e+00 -1.0 -1.00000e+00 -1.0 -1.00000e+00 -1.0 -1.00000e+00 -1.0 -1.00000e+00 -1.0 -1.00000e+00
1135669779 1135669899 -1.0 -1.00000e+00 -1.0 -1.00000e+00 -1.0 -1.00000e+00 -1.0 -1.00000e+00 -1.0 -1.00000e+00 -1.0 -1.00000e+00
1135683833 1135683953 -1.0 -1.00000e+00 -1.0 -1.00000e+00 -1.0 -1.00000e+00 -1.0 -1.00000e+00 -1.0 -1.00000e+00 -1.0 -1.00000e+00
1135698552 1135698672 -1.0 -1.00000e+00 -1.0 -1.00000e+00 -1.0 -1.00000e+00 -1.0 -1.00000e+00 -1.0 -1.00000e+00 -1.0 -1.00000e+00
1135709324 1135709444 -1.0 -1.00000e+00 -1.0 -1.00000e+00 -1.0 -1.00000e+00 -1.0 -1.00000e+00 -1.0 -1.00000e+00 -1.0 -1.00000e+00
1135709370 1135709490 -1.0 -1.00000e+00 -1.0 -1.00000e+00 -1.0 -1.00000e+00 -1.0 -1.00000e+00 -1.0 -1.00000e+00 -1.0 -1.00000e+00
1135739055 1135739175 -1.0 -1.00000e+00 -1.0 -1.00000e+00 -1.0 -1.00000e+00 -1.0 -1.00000e+00 -1.0 -1.00000e+00 -1.0 -1.00000e+00
1135753115 1135753235 -1.0 -1.00000e+00 -1.0 -1.00000e+00 -1.0 -1.00000e+00 -1.0 -1.00000e+00 -1.0 -1.00000e+00 -1.0 -1.00000e+00
1135755717 1135755837 -1.0 -1.00000e+00 -1.0 -1.00000e+00 -1.0 -1.00000e+00 -1.0 -1.00000e+00 -1.0 -1.00000e+00 -1.0 -1.00000e+00
1135797903 1135798023 -1.0 -1.00000e+00 -1.0 -1.00000e+00 -1.0 -1.00000e+00 -1.0 -1.00000e+00 -1.0 -1.00000e+00 -1.0 -1.00000e+00
1135805616 1135805736 -1.0 -1.00000e+00 -1.0 -1.00000e+00 -1.0 -1.00000e+00 -1.0 -1.00000e+00 -1.0 -1.00000e+00 -1.0 -1.00000e+00
1135848154 1135848274 -1.0 -1.00000e+00 -1.0 -1.00000e+00 -1.0 -1.00000e+00 -1.0 -1.00000e+00 -1.0 -1.00000e+00 -1.0 -1.00000e+00
1135879690 1135879810 -1.0 -1.00000e+00 -1.0 -1.00000e+00 -1.0 -1.00000e+00 -1.0 -1.00000e+00 -1.0 -1.00000e+00 -1.0 -1.00000e+00
1135891908 1135892028 -1.0 -1.00000e+00 -1.0 -1.00000e+00 -1.0 -1.00000e+00 -1.0 -1.00000e+00 -1.0 -1.00000e+00 -1.0 -1.00000e+00
1135898770 1135898890 -1.0 -1.00000e+00 -1.0 -1.00000e+00 -1.0 -1.00000e+00 -1.0 -1.00000e+00 -1.0 -1.00000e+00 -1.0 -1.00000e+00
1135925262 1135925382 -1.0 -1.00000e+00 -1.0 -1.00000e+00 -1.0 -1.00000e+00 -1.0 -1.00000e+00 -1.0 -1.00000e+00 -1.0 -1.00000e+00
1135941011 1135941131 -1.0 -1.00000e+00 -1.0 -1.00000e+00 -1.0 -1.00000e+00 -1.0 -1.00000e+00 -1.0 -1.00000e+00 -1.0 -1.00000e+00
1135957279 1135957399 -1.0 -1.00000e+00 -1.0 -1.00000e+00 -1.0 -1.00000e+00 -1.0 -1.00000e+00 -1.0 -1.00000e+00 -1.0 -1.00000e+00
1135999046 1135999166 -1.0 -1.00000e+00 -1.0 -1.00000e+00 -1.0 -1.00000e+00 -1.0 -1.00000e+00 -1.0 -1.00000e+00 -1.0 -1.00000e+00
1136015432 1136015552 -1.0 -1.00000e+00 -1.0 -1.00000e+00 -1.0 -1.00000e+00 -1.0 -1.00000e+00 -1.0 -1.00000e+00 -1.0 -1.00000e+00
1136081453 1136081573 -1.0 -1.00000e+00 -1.0 -1.00000e+00 -1.0 -1.00000e+00 -1.0 -1.00000e+00 -1.0 -1.00000e+00 -1.0 -1.00000e+00
1136093828 1136093948 -1.0 -1.00000e+00 -1.0 -1.00000e+00 -1.0 -1.00000e+00 -1.0 -1.00000e+00 -1.0 -1.00000e+00 -1.0 -1.00000e+00
1136109186 1136109306 -1.0 -1.00000e+00 -1.0 -1.00000e+00 -1.0 -1.00000e+00 -1.0 -1.00000e+00 -1.0 -1.00000e+00 -1.0 -1.00000e+00
1136122626 1136122746 -1.0 -1.00000e+00 -1.0 -1.00000e+00 -1.0 -1.00000e+00 -1.0 -1.00000e+00 -1.0 -1.00000e+00 -1.0 -1.00000e+00
1136193120 1136193240 -1.0 -1.00000e+00 -1.0 -1.00000e+00 -1.0 -1.00000e+00 -1.0 -1.00000e+00 -1.0 -1.00000e+00 -1.0 -1.00000e+00
1136200551 1136200671 -1.0 -1.00000e+00 -1.0 -1.00000e+00 -1.0 -1.00000e+00 -1.0 -1.00000e+00 -1.0 -1.00000e+00 -1.0 -1.00000e+00
1136218047 1136218167 -1.0 -1.00000e+00 -1.0 -1.00000e+00 -1.0 -1.00000e+00 -1.0 -1.00000e+00 -1.0 -1.00000e+00 -1.0 -1.00000e+00
1136292354 1136292474 -1.0 -1.00000e+00 -1.0 -1.00000e+00 -1.0 -1.00000e+00 -1.0 -1.00000e+00 -1.0 -1.00000e+00 -1.0 -1.00000e+00
1136295832 1136295952 -1.0 -1.00000e+00 -1.0 -1.00000e+00 -1.0 -1.00000e+00 -1.0 -1.00000e+00 -1.0 -1.00000e+00 -1.0 -1.00000e+00
1136373530 1136373650 -1.0 -1.00000e+00 -1.0 -1.00000e+00 -1.0 -1.00000e+00 -1.0 -1.00000e+00 -1.0 -1.00000e+00 -1.0 -1.00000e+00
1136388387 1136388507 -1.0 -1.00000e+00 -1.0 -1.00000e+00 -1.0 -1.00000e+00 -1.0 -1.00000e+00 -1.0 -1.00000e+00 -1.0 -1.00000e+00
1136406449 1136406569 -1.0 -1.00000e+00 -1.0 -1.00000e+00 -1.0 -1.00000e+00 -1.0 -1.00000e+00 -1.0 -1.00000e+00 -1.0 -1.00000e+00
1136408638 1136408758 -1.0 -1.00000e+00 -1.0 -1.00000e+00 -1.0 -1.00000e+00 -1.0 -1.00000e+00 -1.0 -1.00000e+00 -1.0 -1.00000e+00
1136429861 1136429981 -1.0 -1.00000e+00 -1.0 -1.00000e+00 -1.0 -1.00000e+00 -1.0 -1.00000e+00 -1.0 -1.00000e+00 -1.0 -1.00000e+00
1136430910 1136431030 -1.0 -1.00000e+00 -1.0 -1.00000e+00 -1.0 -1.00000e+00 -1.0 -1.00000e+00 -1.0 -1.00000e+00 -1.0 -1.00000e+00
1136458903 1136459023 -1.0 -1.00000e+00 -1.0 -1.00000e+00 -1.0 -1.00000e+00 -1.0 -1.00000e+00 -1.0 -1.00000e+00 -1.0 -1.00000e+00
1136469476 1136469596 -1.0 -1.00000e+00 -1.0 -1.00000e+00 -1.0 -1.00000e+00 -1.0 -1.00000e+00 -1.0 -1.00000e+00 -1.0 -1.00000e+00
1136483652 1136483772 -1.0 -1.00000e+00 -1.0 -1.00000e+00 -1.0 -1.00000e+00 -1.0 -1.00000e+00 -1.0 -1.00000e+00 -1.0 -1.00000e+00
1136497396 1136497516 -1.0 -1.00000e+00 -1.0 -1.00000e+00 -1.0 -1.00000e+00 -1.0 -1.00000e+00 -1.0 -1.00000e+00 -1.0 -1.00000e+00
1136497726 1136497846 -1.0 -1.00000e+00 -1.0 -1.00000e+00 -1.0 -1.00000e+00 -1.0 -1.00000e+00 -1.0 -1.00000e+00 -1.0 -1.00000e+00
1136506725 1136506845 -1.0 -1.00000e+00 -1.0 -1.00000e+00 -1.0 -1.00000e+00 -1.0 -1.00000e+00 -1.0 -1.00000e+00 -1.0 -1.00000e+00
1136507537 1136507657 -1.0 -1.00000e+00 -1.0 -1.00000e+00 -1.0 -1.00000e+00 -1.0 -1.00000e+00 -1.0 -1.00000e+00 -1.0 -1.00000e+00
1136523232 1136523352 -1.0 -1.00000e+00 -1.0 -1.00000e+00 -1.0 -1.00000e+00 -1.0 -1.00000e+00 -1.0 -1.00000e+00 -1.0 -1.00000e+00
1136523962 1136524082 -1.0 -1.00000e+00 -1.0 -1.00000e+00 -1.0 -1.00000e+00 -1.0 -1.00000e+00 -1.0 -1.00000e+00 -1.0 -1.00000e+00
1136532320 1136532440 -1.0 -1.00000e+00 -1.0 -1.00000e+00 -1.0 -1.00000e+00 -1.0 -1.00000e+00 -1.0 -1.00000e+00 -1.0 -1.00000e+00
1136538381 1136538501 -1.0 -1.00000e+00 -1.0 -1.00000e+00 -1.0 -1.00000e+00 -1.0 -1.00000e+00 -1.0 -1.00000e+00 -1.0 -1.00000e+00
1136542466 1136542586 -1.0 -1.00000e+00 -1.0 -1.00000e+00 -1.0 -1.00000e+00 -1.0 -1.00000e+00 -1.0 -1.00000e+00 -1.0 -1.00000e+00
1136548485 1136548605 -1.0 -1.00000e+00 -1.0 -1.00000e+00 -1.0 -1.00000e+00 -1.0 -1.00000e+00 -1.0 -1.00000e+00 -1.0 -1.00000e+00
1136551487 1136551607 -1.0 -1.00000e+00 -1.0 -1.00000e+00 -1.0 -1.00000e+00 -1.0 -1.00000e+00 -1.0 -1.00000e+00 -1.0 -1.00000e+00
1136553399 1136553519 -1.0 -1.00000e+00 -1.0 -1.00000e+00 -1.0 -1.00000e+00 -1.0 -1.00000e+00 -1.0 -1.00000e+00 -1.0 -1.00000e+00
1136596259 1136596379 -1.0 -1.00000e+00 -1.0 -1.00000e+00 -1.0 -1.00000e+00 -1.0 -1.00000e+00 -1.0 -1.00000e+00 -1.0 -1.00000e+00
1136622776 1136622896 -1.0 -1.00000e+00 -1.0 -1.00000e+00 -1.0 -1.00000e+00 -1.0 -1.00000e+00 -1.0 -1.00000e+00 -1.0 -1.00000e+00
1136630294 1136630414 -1.0 -1.00000e+00 -1.0 -1.00000e+00 -1.0 -1.00000e+00 -1.0 -1.00000e+00 -1.0 -1.00000e+00 -1.0 -1.00000e+00
1136643431 1136643551 -1.0 -1.00000e+00 -1.0 -1.00000e+00 -1.0 -1.00000e+00 -1.0 -1.00000e+00 -1.0 -1.00000e+00 -1.0 -1.00000e+00
1136649557 1136649677 -1.0 -1.00000e+00 -1.0 -1.00000e+00 -1.0 -1.00000e+00 -1.0 -1.00000e+00 -1.0 -1.00000e+00 -1.0 -1.00000e+00
