    1132440670.8         1132441110.1          7.589e-05           9.53028e-05               1           
    1132440355.1         1132440798.9          7.589e-05           9.85327e-05               1           
    1132440355.8         1132440799.1          7.589e-05           9.85327e-05               1           
    1129885799.6         1129886646.4         4.09016e-05          4.13609e-05               1           
    1133509823.6         1133510689.5          0.00011562          4.66460e-05               1           
    1133509824.5         1133510689.5          0.00011562          4.66460e-05               1           
    1133509823.0         1133510689.6          0.00011562          4.66460e-05               1           
    1133303117.1         1133304314.5         1.52394e-05          1.52406e-05               1           
    1131906681.6         1131907561.7         3.19841e-05          1.26987e-05               1           
    1133691727.4         1133692699.5         9.16764e-06          1.04599e-05               1           
    1131245196.9         1131245819.1          7.1581e-06          9.01001e-06               1           
    1131242095.5         1131242717.7         1.50342e-05          7.60268e-06               1           
    1131242095.6         1131242717.9         1.50342e-05          7.60268e-06               1           
    1133691725.5         1133692699.4         9.16764e-06          1.04599e-05               1           
    1132551935.3         1132552368.6         8.89328e-06          1.38875e-05               1           
    1131483108.0         1131483968.8         2.86558e-05          1.27417e-05               1           
    1135897539.1         1135898467.6         6.64998e-06          2.84422e-06               1           
    1136777150.6         1136777937.1         4.85027e-06          2.60485e-06               1           
    1136777150.0         1136777936.4         4.85027e-06          2.60485e-06               1           
    1127145224.7         1127146183.2         4.66955e-06          4.97216e-06               1           
    1126892417.1         1126893051.0          9.0782e-06          1.15904e-05               1           
    1131779424.3         1131780185.0         1.09373e-05          7.07747e-06               1           
    1131120243.1         1131120863.5         1.07422e-05          5.63179e-06               1           
    1130643872.2         1130644873.9         3.92832e-06          2.50616e-06               1           
    1136565504.1         1136566462.5         5.84782e-06          5.20626e-06               1           
    1136565502.9         1136566462.5         5.84782e-06          5.20626e-06               1           
    1136565502.0         1136566461.6         5.84782e-06          5.20626e-06               1           
    1135106104.2         1135106954.8         3.03355e-06          3.58975e-06               1           
    1132693240.0         1132693831.6         3.93357e-06          4.44345e-06               1           
    1126702357.9         1126702996.9         2.85236e-06          3.25264e-06               1           
    1132131989.1         1132132964.1         1.80566e-06          2.53797e-06               1           
    1128560324.2         1128561118.4         1.19276e-06          1.47385e-06               1           
    1126849191.9         1126849825.0         2.31824e-06          3.12542e-06               1           
    1134672472.5         1134673460.4         5.14228e-06          4.72895e-06               1           
    1132131990.5         1132132963.6         1.80566e-06          2.53797e-06               1           
    1136777145.3         1136777673.3         4.72837e-06          2.60485e-06               1           
    1134672473.6         1134673460.2         5.14228e-06          4.72895e-06               1           
    1129608275.1         1129609265.0          1.5372e-06          2.03375e-06               1           
    1129220332.5         1129221120.8         3.10189e-06          2.80722e-06               1           
    1128836605.3         1128837339.7          4.154e-06           1.86804e-06               1           
    1127338852.4         1127339666.8         1.13293e-06          1.47647e-06               1           
    1126627199.6         1126627684.4         4.67121e-06          2.93876e-06               1           
    1136021671.0         1136022465.4         1.74041e-06          2.59029e-06               1           
    1129885789.0         1129886639.2         4.09016e-05          4.13609e-05               1           
    1136699779.2         1136700541.5         1.51175e-06          1.82491e-06               1           
    1135695752.6         1135696579.6         1.91634e-06          3.70520e-06               1           
    1135101502.0         1135102180.1         2.03775e-06          3.04843e-06               1           
    1135033875.2         1135034847.5         2.32734e-06          3.60495e-06               0           
    1134924926.9         1134925813.2         2.83851e-06          4.44583e-06               1           
    1134588322.5         1134588948.2         2.03601e-06          2.60853e-06               1           
    1132182347.7         1132182974.8          1.4451e-06          1.88025e-06               1           
    1132032729.5         1132033570.7         2.57695e-06          3.06642e-06               1           
    1130100417.3         1130101255.5         1.16507e-06          1.55693e-06               1           
    1129673019.8         1129673960.0         1.43211e-06          1.97420e-06               1           
    1129116806.0         1129117419.3         1.12156e-06          1.99947e-06               1           
    1127887439.1         1127888107.2         3.08734e-06          4.19947e-06               0           
    1127145433.2         1127146305.9         4.66955e-06          4.97216e-06               1           
    1137176675.4         1137177515.4         2.51386e-06          3.23799e-06               1           
    1136804675.0         1136805477.1         1.87077e-06          2.40299e-06               1           
    1135695753.7         1135696581.0         1.91634e-06          3.70520e-06               1           
    1135594635.1         1135594902.5         7.99138e-06          1.05984e-05               1           
    1134924926.5         1134925812.6         2.83851e-06          4.44583e-06               1           
    1134588322.6         1134588948.2         2.03601e-06          2.60853e-06               1           
    1136664316.7         1136665163.0         1.08651e-06          1.29069e-06               1           
    1135743756.7         1135744503.0         2.23483e-06          4.25040e-06               0           
    1135594637.5         1135594902.7         7.99138e-06          1.05984e-05               1           
    1133784331.7         1133785178.3         1.37709e-06          1.49065e-06               1           
    1132513078.6         1132514044.7         2.74175e-06          4.66866e-06               1           
    1131564038.4         1131564898.0         2.32775e-06          3.09714e-06               1           
    1131017611.6         1131018231.0         6.29366e-06          1.09461e-05               1           
    1131010514.3         1131011687.1         7.31285e-06          1.26770e-05               1           
    1131005634.4         1131006165.9         6.78024e-06          1.18598e-05               1           
    1130928841.2         1130929468.1          2.0098e-06          2.85073e-06               1           
    1130621119.0         1130622122.1         7.94748e-07          1.07030e-06               0           
    1127664429.3         1127665249.8         2.80289e-06          6.74797e-06               0           
    1126688846.5         1126689477.2         1.94726e-06          2.95292e-06               1           
    1136664316.0         1136665162.3         1.08651e-06          1.29069e-06               1           
    1136463139.4         1136463965.9          2.0283e-06          3.32181e-06               0           
    1133614584.4         1133615213.4         1.12391e-06          1.59587e-06               0           
    1132714284.8         1132715055.1         2.39448e-06          3.71596e-06               0           
    1132346498.5         1132346713.1         3.13244e-06          4.21384e-06               1           
    1131816593.3         1131817451.7         2.87376e-06          4.53645e-06               1           
    1131236834.8         1131237718.5         7.88881e-06          7.60242e-06               0           
    1131014794.5         1131015414.3         7.31298e-06          1.21411e-05               1           
    1129139556.9         1129140248.4         1.29515e-06          1.87526e-06               1           
    1126703354.8         1126703983.5         1.86281e-06          1.27620e-06               1           
    1137204824.2         1137205729.1         1.82867e-06          2.23770e-06               1           
    1137021766.0         1137022749.8          2.8763e-06          3.87138e-06               1           
    1136812506.2         1136813444.9         1.68829e-06          1.94316e-06               1           
    1136804675.8         1136805477.9         1.87077e-06          2.40299e-06               1           
    1133998391.9         1133999071.7         1.60538e-06          2.42965e-06               1           
    1133741389.8         1133742049.8         1.33939e-06          1.54349e-06               1           
    1133512273.7         1133513126.9          0.00011562          4.66460e-05               1           
    1133509888.4         1133510518.9         5.21815e-05          1.18754e-05               1           
    1132949962.3         1132951148.1         9.34456e-07          1.29301e-06               1           
    1131277540.9         1131278717.5         1.37735e-06          1.91855e-06               0           
    1131014538.6         1131015552.2         7.31165e-06          1.21412e-05               1           
    1130776375.8         1130777273.2          8.057e-07           8.70914e-07               1           
    1130447397.8         1130448305.6         4.05954e-06          7.36831e-06               1           
    1127326661.9         1127327563.5         1.05693e-06          1.50648e-06               1           
    1136808946.5         1136809883.8         1.75321e-06          2.15615e-06               1           
    1136021672.2         1136022466.5         1.74041e-06          2.59029e-06               1           
    1135632595.9         1135633430.2         2.48304e-06          4.05668e-06               0           
    1135140212.2         1135141418.2         2.61662e-06          3.24439e-06               0           
    1134512233.5         1134513146.8         2.07223e-06          2.63063e-06               1           
    1133238367.8         1133239215.3         1.80845e-06          2.66491e-06               0           
    1133134046.9         1133134858.1         1.06672e-06          1.58103e-06               0           
    1132785187.3         1132786145.3         1.58216e-06          2.31748e-06               1           
    1132648458.6         1132649398.9          3.4071e-06          4.81527e-06               1           
    1131452514.0         1131453368.2          2.3763e-06          2.73015e-06               1           
    1130384944.5         1130385734.0         3.48263e-06          6.06658e-06               1           
    1129979115.4         1129980308.0         6.00676e-06          9.92668e-06               0           
    1129336631.5         1129337501.1         2.83652e-06          3.92281e-06               0           
    1129149910.9         1129150798.1         1.24651e-06          1.98974e-06               1           
    1128938865.1         1128939266.2         1.94559e-06          2.53181e-06               1           
    1128220238.6         1128220664.6         1.13359e-06          1.25614e-06               0           
    1127669171.2         1127669389.5          2.8028e-06          6.74801e-06               1           
    1126885045.0         1126885675.2         8.19275e-07          1.27101e-06               0           
    1126686701.6         1126687327.9         1.94707e-06          2.95296e-06               0           
    1137122455.8         1137122660.1         4.56127e-06          4.59540e-06               1           
    1132648454.8         1132649399.1          3.4071e-06          4.81527e-06               1           
    1136586013.3         1136586786.0         1.51658e-06          1.90348e-06               0           
    1136121552.6         1136121772.5         1.75322e-06          2.41920e-06               1           
    1135264806.1         1135265449.5         2.46398e-06          3.78257e-06               0           
    1134333534.1         1134334332.6          1.5447e-06          1.89589e-06               1           
    1133510367.0         1133511232.1          0.00011562          4.66460e-05               1           
    1133409805.2         1133410694.8          1.8994e-06          2.17361e-06               1           
    1133191765.5         1133192655.0         1.19635e-06          1.77966e-06               1           
    1132929941.3         1132930522.4         9.84774e-07          1.25445e-06               1           
    1131555228.3         1131556241.8         2.25828e-06          3.27347e-06               1           
    1130807413.5         1130808017.5          7.8266e-07          9.23828e-07               1           
    1130644279.6         1130645282.7         3.92833e-06          2.50602e-06               1           
    1130391748.5         1130392616.3          3.7203e-06          5.77472e-06               1           
    1129983338.3         1129984531.2         5.43187e-06          8.60191e-06               1           
    1129511847.3         1129512662.2         1.73574e-06          2.82859e-06               1           
    1129442706.2         1129443515.0         2.00457e-06          2.87612e-06               0           
    1129256274.1         1129257173.0          1.3241e-06          2.20210e-06               1           
    1127693117.8         1127694302.2         1.10102e-06          1.38522e-06               1           
    1126686892.6         1126687794.4         1.94707e-06          2.95296e-06               1           
    1137257680.8         1137258540.3         1.84198e-06          2.33779e-06               1           
    1137204142.4         1137205321.1         1.82867e-06          2.23770e-06               1           
    1136121552.5         1136121772.6         1.75322e-06          2.41920e-06               1           
    1133741389.4         1133742050.5         1.33939e-06          1.54349e-06               1           
    1135953390.9         1135954312.7         1.04877e-06          1.91703e-06               1           
    1135759059.5         1135759911.6         1.74132e-06          2.88297e-06               1           
    1134638948.5         1134639873.0         3.34731e-06          3.80669e-06               0           
    1134162738.8         1134163332.2         2.98434e-06          4.38686e-06               1           
    1133748300.7         1133749273.4         1.31328e-06          1.57036e-06               1           
    1133511001.9         1133511869.9          0.00011562          4.66460e-05               1           
    1131384536.1         1131385161.4         1.64514e-06          2.86246e-06               0           
    1131315496.5         1131316451.5         1.49335e-06          1.98523e-06               0           
    1131032473.4         1131033208.2         7.33383e-06          1.19277e-05               1           
    1131024244.8         1131025258.6          7.2212e-06          1.18035e-05               1           
    1130972051.4         1130973015.5         4.24921e-06          6.19808e-06               1           
    1130723979.4         1130724666.9         7.81154e-07          9.62284e-07               1           
    1130517424.7         1130518395.1         1.71984e-06          2.12013e-06               0           
    1127591618.3         1127592531.2         1.10137e-06          1.48189e-06               0           
    1127257137.3         1127257996.5         1.53456e-06          1.97377e-06               0           
    1127146422.7         1127147049.8         3.61859e-06          2.61923e-06               1           
    1127145456.5         1127146109.9         4.66955e-06          4.97216e-06               1           
    1126929811.7         1126930739.8         1.03949e-06          1.48427e-06               0           
    1137208939.4         1137209822.5         2.11523e-06          2.77507e-06               1           
    1137180127.2         1137181091.7         2.33984e-06          3.23799e-06               1           
    1137079820.5         1137080782.4         5.60877e-06          8.22496e-06               1           
    1137054640.7         1137054879.3         5.78765e-06          7.65842e-06               1           
    1137005690.7         1137006866.1         2.40224e-06          3.16889e-06               1           
    1136998697.7         1136998993.7         2.75532e-06          3.12691e-06               1           
    1136752515.8         1136753416.4         1.64807e-06          1.99994e-06               1           
    1135953390.5         1135954312.7         1.04877e-06          1.91703e-06               1           
    1136744969.0         1136745771.4         1.37065e-06          1.78043e-06               1           
    1133166783.1         1133167404.2         1.13567e-06          1.79178e-06               0           
    1126650938.1         1126651564.4         7.20011e-07          1.29515e-06               1           
    1136079018.5         1136079842.9         1.86144e-06          2.60644e-06               1           
    1135064647.0         1135065491.9         2.31598e-06          2.84031e-06               1           
    1135023539.7         1135024435.4         2.83935e-06          3.81645e-06               1           
    1134920230.5         1134921098.3         3.04986e-06          3.77854e-06               0           
    1134512066.2         1134512821.1         2.07223e-06          2.63063e-06               1           
    1134021217.0         1134022008.4         1.94241e-06          3.02026e-06               0           
    1133839265.8         1133840447.4         1.44452e-06          1.71681e-06               1           
    1133795023.4         1133795855.8         1.24745e-06          1.44582e-06               0           
    1132620791.5         1132621225.1          4.6338e-06          6.52561e-06               1           
    1132532259.8         1132533159.6          2.6642e-06          3.95506e-06               1           
    1132261380.1         1132262253.3         1.44647e-06          2.50006e-06               0           
    1132259928.5         1132260283.1         1.33738e-06          2.40869e-06               1           
    1132097158.4         1132098017.6         1.69229e-06          2.20705e-06               1           
    1132066257.3         1132067224.6         2.03332e-06          2.96702e-06               1           
    1132032855.2         1132033697.2         2.57695e-06          3.06642e-06               1           
    1131940068.8         1131940901.6         2.06628e-06          3.14763e-06               1           
    1131908052.8         1131908933.3         3.19841e-05          1.26987e-05               1           
    1131784437.8         1131785198.7         2.45561e-06          3.09400e-06               1           
    1131679919.2         1131680586.4         1.48319e-06          2.06537e-06               1           
    1131568486.3         1131569346.3          1.7519e-06          2.58020e-06               1           
    1131454495.4         1131455350.6          2.3763e-06          2.73015e-06               0           
    1131278948.1         1131279231.0         1.37735e-06          1.91857e-06               1           
    1131246486.0         1131247108.6         4.42129e-06          2.02687e-06               1           
    1131243836.3         1131244458.8          7.1581e-06          9.01075e-06               1           
    1131242482.9         1131243105.7         1.50344e-05          9.01075e-06               1           
    1131112673.4         1131113579.1         2.57856e-06          3.31907e-06               0           
    1131028462.4         1131029476.6         6.35834e-06          1.19277e-05               1           
    1131018896.3         1131019909.9         7.22821e-06          1.21364e-05               1           
    1130548261.0         1130549128.6         1.40225e-06          1.92365e-06               1           
    1130210338.9         1130211149.0         1.23707e-06          1.75600e-06               1           
    1129900335.8         1129901087.7         1.83375e-05          2.73743e-05               1           
    1129889363.0         1129890546.4         2.63575e-05          3.61095e-05               1           
    1129590476.0         1129590892.2         2.14898e-06          2.47846e-06               0           
    1129227462.2         1129228251.0         1.44607e-06          2.35250e-06               0           
    1129220634.8         1129221423.3         3.10189e-06          2.80722e-06               1           
    1128826044.8         1128826996.7         9.12453e-07          1.23370e-06               0           
    1128497484.6         1128498314.3         1.28439e-06          1.54185e-06               0           
    1128158500.7         1128158752.9         1.72594e-06          2.84749e-06               1           
    1127906478.7         1127907101.0         2.78376e-06          3.56574e-06               1           
    1127703009.9         1127704194.2         1.08192e-06          1.53695e-06               1           
    1126658931.4         1126659889.3         7.60295e-07          1.10060e-06               0           
    1137159855.0         1137160685.6         3.19847e-06          3.35155e-06               1           
    1137093933.8         1137095140.0         5.51253e-06          8.08585e-06               1           
    1137019103.5         1137019990.6          2.8645e-06          3.63232e-06               1           
    1136854625.0         1136855571.8         2.63256e-06          3.76634e-06               1           
    1136785196.7         1136785972.2         2.06372e-06          2.52655e-06               1           
    1136777915.1         1136778907.5         4.85027e-06          2.91876e-06               1           
    1136755111.5         1136755969.3         1.64807e-06          1.99994e-06               1           
    1136744960.9         1136745764.8         1.37065e-06          1.78043e-06               1           
    1136699267.8         1136700451.3         1.51175e-06          1.83078e-06               1           
    1135143625.0         1135144279.4         2.61662e-06          3.04882e-06               0           
    1131112673.9         1131113579.1         2.57856e-06          3.31907e-06               0           
    1127316923.0         1127317708.3         1.23721e-06          1.53073e-06               1           
    1127234249.0         1127235062.7         1.20476e-06          1.72608e-06               1           
    1126569317.7         1126569954.4         1.08388e-06          1.72841e-06               0           
    1137053871.7         1137054109.5         4.85277e-06          7.17691e-06               1           
    1136972570.4         1136973240.1         2.78514e-06          3.43203e-06               1           
    1136079019.8         1136079842.9         1.86144e-06          2.60644e-06               1           
    1128163670.2         1128164301.2         9.01323e-07          1.23779e-06               0           
    1136498874.7         1136499722.9         2.54028e-06          3.48563e-06               0           
    1136468031.3         1136468664.8          1.9464e-06          3.34952e-06               1           
    1136216460.1         1136217150.7         2.84641e-06          3.56605e-06               1           
    1135635754.3         1135636373.0         2.05147e-06          3.01099e-06               0           
    1135481152.3         1135481375.4         1.62429e-06          2.05559e-06               0           
    1135479533.5         1135480186.3         1.83914e-06          2.15879e-06               0           
    1134922688.6         1134923226.1         3.04986e-06          3.67060e-06               0           
    1134684291.9         1134685174.9         4.75653e-06          5.64385e-06               1           
    1134168994.2         1134169883.2         2.83831e-06          3.19228e-06               0           
    1133968155.0         1133968807.8         1.38599e-06          1.97429e-06               1           
    1133906753.8         1133907955.3         1.26202e-06          1.57253e-06               1           
    1133295755.1         1133296638.1          2.383e-06           2.97611e-06               0           
    1133193332.1         1133193981.5         1.19635e-06          1.77978e-06               1           
    1133137452.7         1133138105.8         9.19586e-07          1.45528e-06               0           
    1133036429.7         1133037311.0          1.032e-06           1.30440e-06               1           
    1133012412.1         1133012936.9         1.02719e-06          1.23756e-06               1           
    1132789674.1         1132789949.6         1.25928e-06          2.09690e-06               1           
    1132674419.8         1132675593.2         3.51006e-06          4.90885e-06               1           
    1132462027.8         1132462845.9         2.78953e-06          3.68771e-06               1           
    1132391673.0         1132392305.7         1.74375e-06          2.54099e-06               0           
    1132241664.9         1132242653.0         1.90704e-06          3.62900e-06               0           
    1131941769.6         1131942690.1         2.15313e-06          3.24621e-06               0           
    1131799880.6         1131800849.3         2.26914e-06          3.69844e-06               1           
    1131599532.1         1131600345.7          1.4857e-06          2.08691e-06               1           
    1131301151.7         1131301864.0         1.22121e-06          1.56917e-06               1           
    1131148471.4         1131149087.6         1.48922e-06          2.14782e-06               1           
    1130898640.3         1130899580.4         1.09378e-06          1.40364e-06               0           
    1130876059.6         1130876263.7         8.29616e-07          1.35326e-06               0           
    1130781791.0         1130782589.5         6.17352e-07          8.31241e-07               1           
    1130775870.9         1130776872.4          8.057e-07           9.90543e-07               1           
    1130680087.3         1130680855.4          7.6803e-07          9.94206e-07               0           
    1130506853.2         1130507739.4         1.75641e-06          2.30484e-06               1           
    1129986922.0         1129987827.8         5.43187e-06          8.51046e-06               1           
    1129905555.3         1129906095.7         1.59347e-05          2.41142e-05               1           
    1129858909.3         1129859688.6         1.76982e-05          2.62504e-05               1           
    1129535446.9         1129536652.0         1.73098e-06          2.41937e-06               0           
    1129370791.0         1129371417.9         2.25945e-06          2.86726e-06               1           
    1129300276.0         1129301467.4         2.07827e-06          3.25612e-06               1           
    1129117162.2         1129117994.6         1.23677e-06          2.61531e-06               1           
    1128844056.0         1128844395.1         6.30722e-07          8.45252e-07               1           
    1128837000.1         1128837734.5          4.154e-06           1.86804e-06               1           
    1128393230.9         1128394073.1         7.69012e-07          1.06381e-06               0           
    1128042592.4         1128043441.2         2.06454e-06          2.69406e-06               1           
    1127988733.0         1127989360.5         3.53466e-06          4.44698e-06               0           
    1127880866.7         1127881710.2         3.25502e-06          3.94805e-06               1           
    1127426443.6         1127426913.4         1.18876e-06          2.40505e-06               0           
    1126911975.0         1126912875.8         9.27966e-07          1.31083e-06               1           
    1126870584.7         1126871552.2         6.74316e-07          1.05501e-06               1           
    1126804725.6         1126805352.1         4.01971e-07          5.83902e-07               1           
    1126753339.0         1126753966.2         5.32388e-07          8.00213e-07               0           
    1126657701.3         1126658562.6         7.60295e-07          1.08607e-06               0           
    1126585459.1         1126586094.0          9.6853e-07          1.57478e-06               0           
    1137085555.4         1137086156.7          5.7909e-06          8.24745e-06               1           
    1137079736.0         1137080303.1         5.60877e-06          7.77270e-06               1           
    1136954173.9         1136955185.6         2.56848e-06          3.59379e-06               1           
    1136756274.0         1136757140.3         1.64807e-06          2.27719e-06               1           
    1136706777.8         1136707704.2         1.59676e-06          2.08044e-06               1           
    1136656950.9         1136657787.6         1.01814e-06          1.30667e-06               1           
    1136498873.8         1136499722.1         2.54028e-06          3.48563e-06               0           
    1136482866.5         1136483662.6         2.13717e-06          3.36913e-06               1           
    1136468032.8         1136468664.8          1.9464e-06          3.34952e-06               1           
    1136299545.8         1136300169.2         1.86053e-06          2.73368e-06               1           
    1136294961.0         1136295764.8         1.90918e-06          2.72033e-06               1           
    1135635809.0         1135636993.0         2.05147e-06          3.01099e-06               0           
    1135481151.0         1135481374.9         1.62429e-06          2.05559e-06               0           
    1137177925.2         1137178769.2         2.51386e-06          3.23799e-06               1           
    1133292213.3         1133293084.4         2.55732e-06          3.12302e-06               0           
    1132695930.0         1132696520.7         2.53724e-06          3.55791e-06               0           
    1131742356.7         1131742984.6         1.98879e-06          2.49208e-06               0           
    1126649553.5         1126650181.3         6.82437e-07          1.29515e-06               1           
    1126585762.5         1126586396.1          9.6853e-07          1.57478e-06               0           
    1126582354.7         1126582991.3         9.38896e-07          1.47080e-06               0           
    1126581357.7         1126581989.4         9.33239e-07          1.47080e-06               0           
