873630640.9 8.5 873631824.3 873632034.8 873639069.6 873635457.3 873634012.4 1.36379e-04 873631800 873639100 -4.5 101.4 1.685745e+07 35.5 873636531.2 3.64927e-04 873636527.9 1.86626e-04 -1.0 -1.00000e+00
833223436.9 8.4 833224359.3 833224785.9 833230220.6 833227313.3 833226150.4 1.45588e-04 833224300 833230300 19.1 120.9 1.356744e+07 13.0 833226054.2 5.47960e-06 833229031.7 1.17004e-06 -1.0 -1.00000e+00
847624468.5 8.3 847625218.2 847625747.8 847629132.2 847627133.5 847626334.0 1.82446e-04 847625200 847629200 46.7 153.2 9.327400e+06 12.2 847627619.2 3.01715e-04 -1.0 -1.00000e+00 -1.0 -1.00000e+00
859495210.5 8.1 859496095.5 859496544.2 859501518.1 859498814.9 859497733.6 9.38889e-05 859496000 859501600 -8.4 157.0 1.261527e+07 9.5 859499216.0 2.14163e-04 859499211.6 7.97410e-05 -1.0 -1.00000e+00
852697417.2 8.1 852698163.1 852698692.8 852702057.7 852700068.9 852699273.4 1.29492e-04 852698100 852702100 46.2 154.5 9.280837e+06 22.5 852700548.7 3.35131e-04 852700547.0 3.53846e-04 -1.0 -1.00000e+00
871256472.5 8.0 871256969.7 871257296.1 871259016.5 871257926.2 871257490.1 2.03747e-04 871256900 871259100 -13.4 -76.6 5.088094e+06 41.2 871258138.8 3.65173e-04 871258157.7 1.64009e-04 -1.0 -1.00000e+00
833503845.5 8.0 833504762.0 833505172.1 833510729.2 833507779.1 833506599.0 6.78926e-05 833504700 833510800 18.0 119.1 1.376741e+07 124.0 833509418.5 5.54298e-06 833504702.0 8.79508e-07 -1.0 -1.00000e+00
873676158.4 7.9 873677339.5 873677550.1 873684505.0 873680927.9 873679497.0 4.81924e-05 873677300 873684600 -2.6 100.7 1.669337e+07 36.0 873681984.6 3.25249e-04 873681980.2 1.18911e-04 -1.0 -1.00000e+00
830705214.0 7.9 830706009.1 830706501.3 830710476.7 830708221.2 830707319.1 7.86300e-05 830706000 830710500 -20.2 -174.1 1.052547e+07 53.5 830707893.5 1.19132e-04 830706044.0 5.99064e-05 -1.0 -1.00000e+00
824063369.5 7.9 824064325.5 824064732.5 824070551.9 824067473.7 824066242.4 5.78436e-05 824064300 824070600 9.6 122.0 1.436488e+07 2.0 824069289.8 7.66842e-06 824069285.4 5.49514e-06 -1.0 -1.00000e+00
825028307.4 7.8 825029259.8 825029659.6 825035502.4 825032418.8 825031185.4 4.75842e-05 825029200 825035600 8.5 123.1 1.439009e+07 31.0 825033002.4 8.85991e-06 825030116.2 4.89824e-06 -1.0 -1.00000e+00
875021951.6 7.5 875022777.7 875023217.2 875027887.1 875025343.3 875024325.8 2.82545e-05 875022700 875027900 22.0 142.7 1.187088e+07 253.5 875023656.4 7.16358e-05 875023589.9 6.10628e-05 -1.0 -1.00000e+00
870627912.0 7.5 870629062.1 870629247.0 870636262.1 870632683.5 870631252.1 1.86503e-05 870629000 870636300 -6.1 107.6 1.670028e+07 293.8 870629092.3 4.37670e-05 -1.0 -1.00000e+00 -1.0 -1.00000e+00
863801734.0 7.5 863802674.4 863803093.2 863808720.1 863805726.1 863804528.4 2.94677e-05 863802600 863808800 13.7 122.4 1.397223e+07 0.0 863808657.3 3.63908e-06 863804188.1 1.60090e-06 -1.0 -1.00000e+00
853414079.0 7.5 853415047.4 853415436.8 853421459.9 853418296.7 853417031.4 2.71507e-05 853415000 853421500 1.1 126.4 1.476188e+07 23.5 853415464.2 2.50216e-05 853415468.1 2.13896e-05 -1.0 -1.00000e+00
822416348.4 7.5 822417287.2 822417633.5 822423896.8 822420661.8 822419367.8 1.89707e-05 822417200 822423900 -5.4 128.2 1.509672e+07 403.6 822417823.8 7.55090e-05 822417833.7 5.13263e-05 -1.0 -1.00000e+00
870627920.7 7.4 870629070.4 870629255.1 870636265.5 870632689.2 870631258.6 1.50642e-05 870629000 870636300 -5.9 107.5 1.668973e+07 295.8 870629092.3 4.37670e-05 -1.0 -1.00000e+00 -1.0 -1.00000e+00
831811177.8 7.4 831812003.7 831812460.0 831816973.6 831814489.7 831813496.1 2.60178e-05 831812000 831817000 -31.8 -179.2 1.159173e+07 156.0 831812893.0 3.42818e-05 -1.0 -1.00000e+00 -1.0 -1.00000e+00
824033414.2 7.4 824034349.0 824034753.3 824040484.9 824037454.6 824036242.5 2.21151e-05 824034300 824040500 11.6 122.7 1.414125e+07 96.0 824038420.2 6.04680e-06 824038418.6 4.73981e-06 -1.0 -1.00000e+00
829610717.0 7.3 829611381.8 829611927.2 829614568.6 829612917.9 829612257.6 3.86441e-05 829611300 829614600 61.0 167.1 7.703296e+06 26.6 829613555.8 3.07006e-04 829613470.7 1.69150e-04 -1.0 -1.00000e+00
872730333.0 7.2 872731186.8 872731647.5 872736302.9 872733744.4 872732721.0 1.95734e-05 872731100 872736400 -11.6 165.8 1.193981e+07 37.5 872733936.5 5.84907e-05 -1.0 -1.00000e+00 -1.0 -1.00000e+00
870023349.0 7.2 870024190.9 870024639.2 870029335.4 870026769.8 870025743.6 1.69843e-05 870024100 870029400 -15.7 167.7 1.197269e+07 149.5 870025113.6 1.66290e-05 870025083.7 1.20248e-05 -1.0 -1.00000e+00
837159580.3 7.2 837160768.1 837160980.1 837168083.1 837164439.0 837162981.4 1.33367e-05 837160700 837168100 -9.3 107.4 1.700557e+07 20.0 837166228.7 2.73894e-05 837160913.0 1.38723e-05 -1.0 -1.00000e+00
873689742.6 7.1 873690926.0 873691138.4 873698086.0 873694510.2 873693079.9 1.12879e-05 873690900 873698100 -2.2 99.6 1.668678e+07 20.0 873695546.5 3.40663e-05 873690961.0 3.88999e-05 -1.0 -1.00000e+00
858818417.1 7.1 858819275.8 858819733.9 858824448.4 858821863.5 858820829.6 1.60741e-05 858819200 858824500 -20.6 169.3 1.206263e+07 36.2 858820201.5 1.63963e-05 -1.0 -1.00000e+00 -1.0 -1.00000e+00
820275234.9 7.1 820275988.1 820276417.8 820280671.8 820278341.7 820277409.7 8.44149e-06 820275900 820280700 -20.0 -178.1 1.087382e+07 584.1 820276128.8 8.16449e-06 820276126.2 1.07300e-05 -1.0 -1.00000e+00
820217462.7 7.1 820218318.7 820218783.9 820223408.8 820220860.5 820219841.2 1.69426e-05 820218300 820223500 -61.0 -21.6 1.189212e+07 10.0 820220850.7 3.87798e-05 -1.0 -1.00000e+00 -1.0 -1.00000e+00
851171195.2 7.0 851172108.8 851172541.9 851177855.5 851175001.1 851173859.3 1.24193e-05 851172100 851177900 21.9 120.5 1.332055e+07 6.6 851175909.1 5.66085e-05 851175903.9 1.80960e-05 -1.0 -1.00000e+00
840080519.9 7.0 840081355.7 840081834.3 840086195.4 840083763.1 840082790.1 1.50820e-05 840081300 840086200 -61.0 -34.3 1.135101e+07 0.5 840083689.9 1.77115e-05 840081745.4 8.89585e-06 -1.0 -1.00000e+00
825432131.2 7.0 825433071.9 825433483.2 825439188.2 825436163.8 825434954.0 1.10871e-05 825433000 825439200 13.6 120.1 1.411406e+07 36.0 825433963.5 2.60860e-06 825434709.4 3.38426e-06 -1.0 -1.00000e+00
824681963.3 7.0 824682918.8 824683317.5 824689168.5 824686080.6 824684845.4 1.11562e-05 824682900 824689200 -21.3 33.5 1.441038e+07 16.4 824686484.1 6.78773e-05 -1.0 -1.00000e+00 -1.0 -1.00000e+00
869463632.0 6.9 869464588.7 869464978.2 869470894.8 869467782.2 869466537.1 8.76632e-06 869464500 869470900 2.9 127.6 1.452561e+07 39.8 869468143.9 1.26057e-05 869464989.8 7.07200e-06 -1.0 -1.00000e+00
862461876.0 6.9 862463058.2 862463272.1 862470116.1 862466584.6 862465172.0 7.93415e-06 862463000 862470200 -0.5 100.4 1.648019e+07 10.0 862464411.3 3.17107e-06 862464410.1 1.99469e-06 -1.0 -1.00000e+00
862332775.0 6.9 862333957.2 862334171.1 862341015.1 862337483.6 862336071.0 7.93415e-06 862333900 862341100 -0.5 100.4 1.648019e+07 10.0 862338961.7 3.55127e-06 862339886.0 2.13626e-06 -1.0 -1.00000e+00
862321583.0 6.9 862322765.3 862322979.2 862329825.0 862326292.7 862324879.8 7.93192e-06 862322700 862329900 -0.5 100.3 1.648403e+07 10.0 862328903.9 3.69569e-06 862326204.3 2.36039e-06 -1.0 -1.00000e+00
859497108.9 6.9 859497995.3 859498442.2 859503445.1 859500729.6 859499643.4 1.07682e-05 859497900 859503500 -7.3 155.8 1.267232e+07 14.5 859499216.0 2.14334e-04 859499211.6 7.97410e-05 -1.0 -1.00000e+00
858820113.7 6.9 858820973.0 858821431.1 858826149.0 858823562.4 858822527.8 1.10049e-05 858820900 858826200 -20.7 169.4 1.207052e+07 34.6 858821893.5 1.55953e-05 858822522.7 8.10449e-06 -1.0 -1.00000e+00
854168103.6 6.9 854169075.8 854169466.6 854175505.7 854172333.4 854171064.4 9.02840e-06 854169000 854175600 -54.9 146.3 1.480427e+07 10.0 854169484.9 1.09559e-05 -1.0 -1.00000e+00 -1.0 -1.00000e+00
851171671.3 6.9 851172580.6 851173011.1 851178324.9 851175473.4 851174332.7 9.89103e-06 851172500 851178400 22.0 120.5 1.330729e+07 30.2 851175909.1 5.65646e-05 851175903.9 1.80960e-05 -1.0 -1.00000e+00
843459745.6 6.9 843460526.0 843461029.7 843464810.9 843462640.1 843461771.7 1.33475e-05 843460500 843464900 -16.6 -172.0 1.013056e+07 40.0 843460541.7 1.35604e-05 843460544.9 2.41346e-05 -1.0 -1.00000e+00
874845400.7 6.8 874846288.2 874846730.8 874851783.6 874849048.1 874847953.9 8.52786e-06 874846200 874851800 -5.0 153.4 1.276578e+07 31.8 874849006.6 1.31482e-05 874849048.4 4.40486e-06 -1.0 -1.00000e+00
873424168.3 6.8 873424534.0 873424830.7 873425833.7 873425120.0 873424834.5 3.86569e-05 873424500 873425900 3.0 -77.9 3.330708e+06 29.0 873425163.7 5.53985e-05 873424547.9 2.08039e-05 -1.0 -1.00000e+00
868630671.7 6.8 868631459.5 868631905.1 868636256.8 868633863.2 868632905.8 5.35500e-06 868631400 868636300 36.9 134.8 1.117010e+07 349.0 868634777.3 5.42869e-06 868632426.4 3.75361e-06 -1.0 -1.00000e+00
847416410.4 6.8 847416976.2 847417438.1 847419869.7 847418387.1 847417794.1 5.86086e-06 847416900 847419900 -26.2 -63.3 6.918581e+06 581.9 847416985.4 1.07057e-05 -1.0 -1.00000e+00 -1.0 -1.00000e+00
841141147.3 6.8 841142028.6 841142471.7 841147479.9 841144765.9 841143680.3 8.32734e-06 841142000 841147500 -6.8 155.5 1.266530e+07 48.7 841144867.4 9.57511e-06 841144995.8 4.64820e-06 -1.0 -1.00000e+00
839024349.5 6.8 839025191.4 839025639.9 839030334.5 839027769.5 839026743.5 7.31901e-06 839025100 839030400 -15.8 167.8 1.196989e+07 148.5 839028159.1 6.35268e-06 -1.0 -1.00000e+00 -1.0 -1.00000e+00
834686457.8 6.8 834687403.2 834687814.2 834693552.7 834690512.0 834689295.7 7.62840e-06 834687400 834693600 7.3 127.2 1.418985e+07 24.0 834692407.3 7.54466e-06 834691089.9 3.63861e-06 -1.0 -1.00000e+00
831828523.1 6.8 831829702.6 831829913.9 831836781.6 831833242.2 831831826.5 6.25426e-06 831829700 831836800 0.1 97.1 1.651681e+07 30.7 831829721.3 2.51826e-05 -1.0 -1.00000e+00 -1.0 -1.00000e+00
816290827.8 6.8 816291396.5 816291673.5 816293996.6 816292638.6 816292095.3 1.47514e-05 816291300 816294000 -22.4 -67.9 6.337693e+06 161.7 816291404.7 3.54561e-05 816291403.4 4.15258e-05 -1.0 -1.00000e+00
874312288.9 6.7 874313470.3 874313681.5 874320616.8 874317047.7 874315620.1 5.05154e-06 874313400 874320700 -2.0 100.1 1.665565e+07 30.9 874313496.4 1.05564e-05 874313503.9 1.65624e-05 -1.0 -1.00000e+00
870060121.4 6.7 870060764.4 870061290.7 870063809.5 870062228.9 870061596.6 1.26629e-05 870060700 870063900 51.4 -180.0 7.376369e+06 53.8 870062916.9 2.08727e-05 -1.0 -1.00000e+00 -1.0 -1.00000e+00
867034345.0 6.7 867035236.7 867035679.7 867040754.6 867038007.6 867036908.8 7.18162e-06 867035200 867040800 -8.0 154.6 1.281925e+07 17.9 867038900.2 1.12948e-05 867038895.7 5.32905e-06 -1.0 -1.00000e+00
865798200.1 6.7 865798429.9 865798615.5 865799129.4 865798731.1 865798571.8 5.54299e-05 865798400 865799200 13.7 -90.6 1.858541e+06 66.0 865799063.3 1.07516e-04 -1.0 -1.00000e+00 -1.0 -1.00000e+00
858818531.0 6.7 858819353.9 858819839.9 858824046.9 858821682.9 858820737.4 8.89280e-06 858819300 858824100 37.3 136.6 1.103169e+07 2.5 858820201.5 1.65565e-05 858822522.7 8.10449e-06 -1.0 -1.00000e+00
855993881.5 6.7 855994853.4 855995241.4 856001315.4 855998129.4 855996855.0 5.86264e-06 855994800 856001400 -1.0 127.1 1.486782e+07 27.7 855998223.4 6.81711e-06 855995260.3 6.98758e-06 -1.0 -1.00000e+00
847626069.0 6.7 847626816.0 847627348.4 847630695.6 847628712.8 847627919.6 1.08001e-05 847626800 847630700 46.5 154.6 9.253191e+06 7.9 847627619.2 3.03577e-04 847627881.1 1.13813e-04 -1.0 -1.00000e+00
845376551.8 6.7 845377050.3 845377377.3 845379100.0 845378007.9 845377571.1 1.99958e-05 845377000 845379200 -13.5 -76.7 5.096471e+06 34.3 845378115.4 2.86858e-05 845377083.8 2.20570e-05 -1.0 -1.00000e+00
844967279.6 6.7 844967883.1 844968172.1 844970582.7 844969167.1 844968600.8 1.59731e-05 844967800 844970600 19.9 -156.1 6.606070e+06 5.0 844969245.7 2.19848e-05 844967905.7 2.15451e-05 -1.0 -1.00000e+00
834596402.2 6.7 834597335.7 834597742.0 834603447.0 834600427.8 834599220.1 5.47261e-06 834597300 834603500 13.6 120.6 1.408966e+07 89.0 834603053.5 5.13495e-06 834597519.6 1.70673e-06 -1.0 -1.00000e+00
830459849.7 6.7 830460457.8 830460743.5 830463201.5 830461765.0 830461190.4 1.54131e-05 830460400 830463300 -27.1 -71.2 6.703630e+06 13.7 830462698.2 8.97776e-06 830460469.1 1.46515e-05 -1.0 -1.00000e+00
826354668.4 6.7 826355646.4 826356031.9 826362186.7 826358964.6 826357675.7 5.71658e-06 826355600 826362200 -3.6 127.3 1.503671e+07 32.8 826355997.0 1.03539e-05 -1.0 -1.00000e+00 -1.0 -1.00000e+00
822919737.9 6.7 822920485.6 822920916.3 822925124.1 822922815.7 822921892.4 2.45384e-06 822920400 822925200 -17.8 -178.3 1.077248e+07 599.6 822924262.1 6.90388e-06 822920458.0 1.09659e-05 -1.0 -1.00000e+00
820755308.6 6.7 820756077.9 820756585.3 820760266.5 820758141.7 820757291.8 8.91424e-06 820756000 820760300 36.3 23.3 9.915806e+06 58.4 820756834.4 1.40717e-05 820756088.9 1.78276e-05 -1.0 -1.00000e+00
818478981.2 6.7 818479784.4 818480275.4 818484312.4 818482027.6 818481113.7 8.65632e-06 818479700 818484400 -15.3 -178.6 1.066247e+07 33.0 818482147.7 1.93052e-05 -1.0 -1.00000e+00 -1.0 -1.00000e+00
817820406.7 6.7 817821316.9 817821749.9 817827042.8 817824198.7 817823061.1 6.91754e-06 817821300 817827100 -6.2 29.7 1.327207e+07 15.8 817824384.5 5.50203e-05 817824399.7 2.05759e-05 -1.0 -1.00000e+00
868583615.9 6.6 868584432.8 868584921.2 868589067.3 868586731.0 868585796.5 7.36810e-06 868584400 868589100 37.6 138.5 1.090292e+07 7.4 868587702.0 9.84412e-06 868584442.9 3.51992e-06 -1.0 -1.00000e+00
859495667.1 6.6 859496552.7 859496999.4 859501998.4 859499285.0 859498199.7 5.99401e-06 859496500 859502000 -7.2 155.8 1.266250e+07 17.4 859499216.0 2.14245e-04 859499211.6 7.97410e-05 -1.0 -1.00000e+00
854228284.0 6.6 854229129.6 854229592.5 854234173.4 854231649.4 854230639.8 6.01523e-06 854229100 854234200 21.2 144.8 1.177885e+07 51.7 854232216.8 7.97968e-06 854229381.5 5.16760e-06 -1.0 -1.00000e+00
851502662.8 6.6 851503591.2 851504015.4 851509512.0 851506576.6 851505402.5 5.56270e-06 851503500 851509600 13.3 51.4 1.369848e+07 8.3 851505601.2 9.22971e-06 851505600.2 1.11841e-05 -1.0 -1.00000e+00
846956332.0 6.6 846957234.6 846957671.3 846962878.4 846960072.8 846958950.6 5.73822e-06 846957200 846962900 -6.4 150.8 1.309281e+07 18.4 846958134.7 8.05385e-06 846957549.1 4.56968e-06 -1.0 -1.00000e+00
843673838.4 6.6 843674588.1 843675115.6 843678516.9 843676511.9 843675709.8 8.55390e-06 843674500 843678600 46.3 153.1 9.356952e+06 20.6 843676996.5 1.99543e-05 -1.0 -1.00000e+00 -1.0 -1.00000e+00
840501900.5 6.6 840502481.7 840502750.7 840505188.8 840503779.5 840503215.8 8.56443e-06 840502400 840505200 -24.3 -67.0 6.576566e+06 184.9 840505173.2 6.76549e-06 -1.0 -1.00000e+00 -1.0 -1.00000e+00
836426413.1 6.6 836427059.6 836427588.0 836430078.8 836428507.8 836427879.4 1.17018e-05 836427000 836430100 51.3 -179.3 7.331246e+06 8.5 836427070.6 1.56010e-05 836427069.7 1.80443e-05 -1.0 -1.00000e+00
873685817.2 6.5 873686999.2 873687211.1 873694134.7 873690570.1 873689144.2 3.38751e-06 873686900 873694200 -1.7 99.6 1.663503e+07 24.8 873690965.9 2.26485e-05 873690961.0 3.88999e-05 -1.0 -1.00000e+00
871684962.4 6.5 871685520.2 871685827.4 871687906.7 871686644.9 871686140.1 1.27463e-05 871685500 871688000 8.1 -39.2 5.888692e+06 0.7 871685528.5 1.16610e-05 -1.0 -1.00000e+00 -1.0 -1.00000e+00
871288782.2 6.5 871289660.8 871290113.2 871295010.5 871292341.2 871291273.5 5.12006e-06 871289600 871295100 -9.8 159.5 1.245657e+07 9.5 871292418.0 1.77176e-05 -1.0 -1.00000e+00 -1.0 -1.00000e+00
871244547.0 6.5 871245187.3 871245710.4 871248173.7 871246619.4 871245997.7 9.54185e-06 871245100 871248200 50.3 -177.6 7.253496e+06 18.9 871247279.4 2.41483e-05 871245191.6 1.25736e-05 -1.0 -1.00000e+00
866679931.4 6.5 866680817.4 866681265.5 866686253.2 866683543.8 866682460.1 5.01877e-06 866680800 866686300 -55.6 -2.4 1.264356e+07 10.0 866680943.3 4.57474e-06 866680802.0 1.02792e-06 -1.0 -1.00000e+00
862521127.3 6.5 862521875.6 862522294.8 862526606.1 862524258.1 862523318.8 9.37390e-07 862521800 862526700 -19.5 -179.3 1.095767e+07 678.6 862522471.3 4.73089e-06 862522142.9 2.97977e-06 -1.0 -1.00000e+00
862465021.0 6.5 862466204.5 862466419.2 862473261.8 862469730.0 862468317.3 3.64287e-06 862466200 862473300 -0.5 100.4 1.648159e+07 3.0 862469858.1 3.92714e-06 862471040.1 1.72256e-06 -1.0 -1.00000e+00
859719764.4 6.5 859720627.7 859721087.7 859725812.2 859723220.2 859722183.5 5.23779e-06 859720600 859725900 -20.7 169.0 1.209565e+07 14.5 859724375.6 4.81614e-06 -1.0 -1.00000e+00 -1.0 -1.00000e+00
854248569.7 6.5 854249398.7 854249869.7 854254263.3 854251823.2 854250847.2 4.96721e-06 854249300 854254300 -29.9 -177.9 1.138723e+07 60.5 854253508.0 5.50424e-06 854254060.8 5.29008e-06 -1.0 -1.00000e+00
843728776.5 6.5 843729525.5 843730053.5 843733447.8 843731445.8 843730645.0 7.04974e-06 843729500 843733500 46.5 153.2 9.342551e+06 20.7 843732189.8 1.20830e-05 -1.0 -1.00000e+00 -1.0 -1.00000e+00
841866396.5 6.5 841867339.2 841867756.6 841873411.8 841870405.2 841869202.6 4.51197e-06 841867300 841873500 13.5 121.7 1.403076e+07 1.0 841868157.5 5.02591e-06 841867581.8 1.11852e-06 -1.0 -1.00000e+00
840491452.0 6.5 840492170.0 840492712.6 840495842.5 840493960.8 840493208.2 6.91579e-06 840492100 840495900 51.2 157.4 8.781013e+06 54.2 840494482.5 1.00023e-05 840492175.9 9.00966e-06 -1.0 -1.00000e+00
834053118.3 6.5 834054047.4 834054471.8 834059971.9 834057034.6 834055859.7 4.58380e-06 834054000 834060000 17.4 121.2 1.370728e+07 6.0 834054572.9 4.27842e-06 834058812.7 9.40957e-07 -1.0 -1.00000e+00
832331534.2 6.5 832332204.9 832332755.2 832335423.3 832333756.5 832333089.8 8.88007e-06 832332200 832335500 60.8 165.8 7.778264e+06 15.5 832334335.1 4.21522e-05 832334302.9 1.65913e-05 -1.0 -1.00000e+00
827846475.4 6.5 827847304.7 827847782.0 827852116.4 827849698.8 827848731.8 5.54730e-06 827847300 827852200 -29.7 -176.8 1.128189e+07 24.8 827849966.5 9.64484e-06 827850128.0 3.90281e-06 -1.0 -1.00000e+00
820398767.5 6.5 820399026.1 820399237.5 820399811.3 820399364.0 820399185.0 3.83694e-05 820399000 820399900 28.2 -112.1 2.087704e+06 14.1 820399813.0 2.61208e-04 820399818.0 2.18551e-04 -1.0 -1.00000e+00
818459277.6 6.5 818460126.5 818460558.1 818465458.1 818462809.3 818461749.8 2.85202e-06 818460100 818465500 36.4 71.1 1.236093e+07 223.9 818462646.7 9.27056e-06 818460484.7 8.36054e-06 -1.0 -1.00000e+00
818346056.2 6.5 818346954.6 818347394.6 818352542.8 818349762.8 818348650.8 4.80049e-06 818346900 818352600 -6.6 152.2 1.297318e+07 14.4 818347259.0 4.26566e-06 818348336.6 3.80281e-06 -1.0 -1.00000e+00
816444625.5 6.5 816445802.1 816446014.0 816452776.2 816449283.1 816447885.8 3.44351e-06 816445800 816452800 2.2 96.8 1.630134e+07 28.5 816445818.2 7.03184e-06 816445827.3 9.42518e-06 -1.0 -1.00000e+00
873784907.7 6.4 873786091.3 873786302.1 873793326.7 873789718.6 873788275.3 2.62281e-06 873786000 873793400 -4.2 101.1 1.683797e+07 32.9 873786113.7 9.84110e-06 873786112.8 1.16756e-05 -1.0 -1.00000e+00
871652793.9 6.4 871653742.9 871654151.9 871659932.3 871656873.0 871655649.3 3.36101e-06 871653700 871660000 6.1 127.4 1.427667e+07 23.8 871654067.2 8.03811e-06 871654074.1 7.95610e-06 -1.0 -1.00000e+00
871355061.3 6.4 871356035.7 871356420.8 871362549.2 871359340.1 871358056.5 2.97881e-06 871356000 871362600 -5.3 129.5 1.497570e+07 42.4 871359207.5 5.50937e-06 -1.0 -1.00000e+00 -1.0 -1.00000e+00
871276630.7 6.4 871277137.7 871277462.6 871279229.5 871278115.7 871277670.2 1.13466e-05 871277100 871279300 -14.3 -76.1 5.197527e+06 24.7 871277149.4 1.13877e-05 871277148.4 7.19688e-06 -1.0 -1.00000e+00
869067306.9 6.4 869067867.6 869068128.0 869070515.0 869069140.1 869068590.1 3.89585e-06 869067800 869070600 -22.2 -65.7 6.416104e+06 290.6 869067936.7 3.36106e-06 869067935.7 6.71122e-06 -1.0 -1.00000e+00
864591747.6 6.4 864592455.2 864592992.3 864596111.7 864594241.3 864593493.2 4.57665e-06 864592400 864596200 52.2 157.2 8.728204e+06 122.3 864594828.1 4.92447e-06 -1.0 -1.00000e+00 -1.0 -1.00000e+00
864319503.0 6.4 864320457.9 864320787.7 864327330.6 864323975.9 864322634.1 7.46706e-07 864320400 864327400 -2.3 118.2 1.565529e+07 468.0 864323764.6 4.38485e-06 864321707.4 1.84219e-06 -1.0 -1.00000e+00
861543270.1 6.4 861544122.0 861544578.6 861549261.9 861546694.0 861545666.8 3.67043e-06 861544100 861549300 -14.3 166.9 1.198341e+07 67.8 861547359.7 4.63093e-06 861548416.0 3.49964e-06 -1.0 -1.00000e+00
860764852.6 6.4 860765817.0 860766208.3 860772172.0 860769035.1 860767780.4 3.31684e-06 860765800 860772200 -58.1 148.2 1.463877e+07 17.5 860767776.6 4.88081e-06 860770705.1 5.59084e-06 -1.0 -1.00000e+00
859703690.7 6.4 859704574.5 859705021.7 859710004.9 859707298.8 859706216.4 3.99111e-06 859704500 859710100 -7.8 156.5 1.262842e+07 19.5 859707674.0 1.03016e-05 859707668.7 4.60654e-06 -1.0 -1.00000e+00
857188194.0 6.4 857189374.2 857189586.5 857196436.3 857192903.9 857191490.9 2.78795e-06 857189300 857196500 -0.5 100.5 1.648463e+07 22.5 857191084.0 3.62636e-06 857189481.4 2.67856e-06 -1.0 -1.00000e+00
849553836.1 6.4 849554583.4 849555113.4 849558482.1 849556491.0 849555694.5 5.89120e-06 849554500 849558500 46.2 154.4 9.291987e+06 16.9 849554591.9 1.17205e-05 -1.0 -1.00000e+00 -1.0 -1.00000e+00
847625712.7 6.4 847626456.7 847626990.0 847630315.1 847628342.6 847627553.6 6.04294e-06 847626400 847630400 46.7 155.2 9.204703e+06 12.4 847627619.2 3.03239e-04 847627881.1 1.13813e-04 -1.0 -1.00000e+00
847368693.9 6.4 847369629.2 847370050.9 847375615.8 847372649.3 847371462.7 3.75597e-06 847369600 847375700 16.9 119.6 1.384371e+07 1.0 847374646.0 6.96775e-06 -1.0 -1.00000e+00 -1.0 -1.00000e+00
845673457.8 6.4 845674292.9 845674765.6 845679183.2 845676729.5 845675748.0 4.35683e-06 845674200 845679200 29.5 140.3 1.145083e+07 31.1 845675495.1 7.81094e-06 845674580.5 5.03320e-06 -1.0 -1.00000e+00
845203549.5 6.4 845204393.2 845204842.3 845209542.2 845206973.9 845205946.6 2.94756e-06 845204300 845209600 -15.1 167.3 1.198534e+07 138.2 845207535.3 6.79077e-06 845208315.8 5.83960e-06 -1.0 -1.00000e+00
844711572.2 6.4 844712202.4 844712717.1 844715140.8 844713611.4 844712999.6 7.41889e-06 844712200 844715200 -31.3 -71.4 7.137130e+06 43.8 844712218.4 9.96731e-06 844712217.5 4.55941e-06 -1.0 -1.00000e+00
834293938.7 6.4 834294594.4 834295131.6 834297712.1 834296094.9 834295448.1 7.27511e-06 834294500 834297800 51.8 177.1 7.546874e+06 29.0 834296755.0 3.91349e-05 834296751.3 1.71379e-05 -1.0 -1.00000e+00
832821144.7 6.4 832822040.7 832822476.3 832827653.1 832824863.8 832823748.1 3.55853e-06 832822000 832827700 -5.7 151.2 1.301671e+07 43.9 832825014.3 7.60869e-06 832825010.6 3.21509e-06 -1.0 -1.00000e+00
830365100.9 6.4 830365767.8 830366314.6 830368952.8 830367302.0 830366641.6 7.45378e-06 830365700 830369000 60.6 167.5 7.703888e+06 13.4 830367832.3 3.29061e-05 830365774.7 2.32289e-05 -1.0 -1.00000e+00
828433858.5 6.4 828434683.9 828435165.9 828439429.3 828437041.8 828436086.8 4.76255e-06 828434600 828439500 -16.6 177.0 1.114164e+07 13.5 828439115.3 6.66964e-06 828437408.5 3.38044e-06 -1.0 -1.00000e+00
824958522.2 6.4 824959294.5 824959720.3 824964141.4 824961733.2 824960769.9 9.31418e-07 824959200 824964200 -23.7 -179.9 1.123844e+07 534.3 824959553.7 8.50524e-06 824962287.3 8.01308e-06 -1.0 -1.00000e+00
817564402.3 6.4 817565204.0 817565694.9 817569723.4 817567442.9 817566530.8 4.66596e-06 817565200 817569800 38.1 142.2 1.064223e+07 38.4 817568177.3 6.17839e-06 -1.0 -1.00000e+00 -1.0 -1.00000e+00
874978567.1 6.3 874979429.4 874979889.4 874984607.3 874982018.6 874980983.2 3.46265e-06 874979400 874984700 -21.2 169.5 1.208048e+07 17.0 874980105.3 9.37269e-06 874982360.9 2.94168e-06 -1.0 -1.00000e+00
874976523.9 6.3 874977387.1 874977847.1 874982569.6 874979978.5 874978942.1 3.49014e-06 874977300 874982600 -21.2 169.4 1.209137e+07 14.4 874980105.3 9.00357e-06 874982360.9 2.94168e-06 -1.0 -1.00000e+00
873712138.4 6.3 873713097.8 873713489.0 873719407.8 873716292.4 873715046.2 2.64302e-06 873713000 873719500 3.8 126.5 1.453880e+07 24.4 873716318.2 5.86058e-06 -1.0 -1.00000e+00 -1.0 -1.00000e+00
872735737.4 6.3 872736592.6 872737053.3 872741717.8 872739154.8 872738129.6 3.31686e-06 872736500 872741800 -11.8 165.7 1.196084e+07 33.0 872738955.6 1.19878e-05 -1.0 -1.00000e+00 -1.0 -1.00000e+00
867486374.9 6.3 867487011.8 867487531.7 867489960.3 867488423.7 867487809.1 6.76256e-06 867487000 867490000 0.7 -30.3 7.170817e+06 10.0 867488771.0 3.19392e-06 867487026.2 2.38627e-06 -1.0 -1.00000e+00
866182742.2 6.3 866183636.6 866184076.9 866189196.1 866186430.2 866185323.8 3.10622e-06 866183600 866189200 -3.6 151.0 1.290793e+07 23.4 866188957.2 3.84936e-06 866187073.7 2.18498e-06 -1.0 -1.00000e+00
863340987.1 6.3 863341937.5 863342350.5 863348097.8 863345050.4 863343831.4 2.95126e-06 863341900 863348100 20.6 100.8 1.422123e+07 1.3 863345539.3 7.36162e-06 863345728.8 2.67992e-06 -1.0 -1.00000e+00
861068770.8 6.3 861069659.5 861070105.6 861075129.3 861072404.2 861071314.2 3.30071e-06 861069600 861075200 25.7 125.1 1.271701e+07 11.6 861073027.7 5.00712e-06 -1.0 -1.00000e+00 -1.0 -1.00000e+00
859780623.4 6.3 859781190.6 859781493.5 859783641.6 859782348.1 859781830.7 8.44735e-06 859781100 859783700 37.4 -24.6 6.036474e+06 4.3 859781208.6 9.11180e-06 859781207.5 8.64087e-06 -1.0 -1.00000e+00
857195382.7 6.3 857196561.7 857196773.2 857203623.5 857200091.7 857198679.0 2.18299e-06 857196500 857203700 -0.5 100.5 1.648155e+07 30.1 857196643.1 3.34882e-06 857196642.3 3.62796e-06 -1.0 -1.00000e+00
856319796.0 6.3 856320238.9 856320595.1 856321940.6 856321021.5 856320653.9 1.22511e-05 856320200 856322000 -7.0 -80.4 4.289066e+06 9.9 856321114.7 7.24637e-06 -1.0 -1.00000e+00 -1.0 -1.00000e+00
852324755.5 6.3 852325520.9 852325969.6 852330141.0 852327832.9 852326909.7 1.01463e-06 852325500 852330200 -18.7 -177.8 1.077107e+07 410.5 852325622.3 5.18875e-06 852325621.4 3.80305e-06 -1.0 -1.00000e+00
849973697.6 6.3 849974639.4 849975009.8 849981030.0 849977887.5 849976630.5 1.34265e-06 849974600 849981100 3.7 124.9 1.466485e+07 215.0 849975015.4 9.03770e-06 849980225.1 2.46807e-05 -1.0 -1.00000e+00
849016922.8 6.3 849018058.0 849018303.9 849024970.5 849021521.5 849020141.9 2.12794e-06 849018000 849025000 -8.3 118.7 1.609547e+07 46.8 849022864.6 7.67335e-06 849022238.0 1.03386e-05 -1.0 -1.00000e+00
848980716.1 6.3 848981849.6 848982062.1 848988770.0 848985318.3 848983937.7 1.21867e-06 848981800 848988800 3.4 99.1 1.610786e+07 206.1 848987236.4 1.89392e-05 848984555.2 2.55348e-05 -1.0 -1.00000e+00
844423322.5 6.3 844424239.4 844424668.0 844430048.6 844427166.0 844426013.0 2.99365e-06 844424200 844430100 20.7 120.1 1.345206e+07 18.4 844425578.6 5.65625e-06 844424559.9 3.38614e-06 -1.0 -1.00000e+00
843933809.1 6.3 843934650.3 843935095.6 843939815.1 843937241.1 843936211.5 2.04999e-06 843934600 843939900 -18.9 169.0 1.201191e+07 169.2 843938363.6 6.34904e-06 843934734.1 1.78479e-06 -1.0 -1.00000e+00
842435139.5 6.3 842436109.6 842436498.4 842442545.9 842439371.7 842438102.0 2.56922e-06 842436100 842442600 -3.1 129.5 1.481279e+07 25.3 842439880.7 7.47228e-06 842436510.1 1.00326e-05 -1.0 -1.00000e+00
841810406.7 6.3 841811361.0 841811674.2 841818357.1 841814949.8 841813586.8 3.37205e-07 841811300 841818400 -7.3 120.1 1.590069e+07 579.1 841814964.9 6.69879e-06 841811520.0 9.78265e-06 -1.0 -1.00000e+00
837344952.8 6.3 837345852.1 837346288.7 837351478.4 837348681.7 837347563.0 3.00964e-06 837345800 837351500 -5.5 150.7 1.305122e+07 28.3 837349589.9 1.01596e-05 -1.0 -1.00000e+00 -1.0 -1.00000e+00
835218916.7 6.3 835219897.1 835220281.2 835226473.9 835223235.1 835221939.5 2.39487e-06 835219800 835226500 -0.4 123.3 1.511440e+07 37.6 835220291.6 5.29265e-06 835220290.6 3.56818e-06 -1.0 -1.00000e+00
834091300.9 6.3 834092132.3 834092587.6 834097146.6 834094641.3 834093639.2 2.32447e-06 834092100 834097200 33.2 131.3 1.169142e+07 143.2 834094974.1 5.59295e-06 834092449.2 2.43491e-06 -1.0 -1.00000e+00
832719254.8 6.3 832720438.6 832720651.0 832727608.7 832724028.5 832722596.4 2.21972e-06 832720400 832727700 -8.1 110.3 1.670772e+07 19.9 832720485.6 7.47670e-06 -1.0 -1.00000e+00 -1.0 -1.00000e+00
831264189.7 6.3 831264787.9 831265070.4 831267503.5 831266083.3 831265515.2 6.35463e-06 831264700 831267600 52.6 -169.2 6.627534e+06 54.5 831266642.7 1.09576e-05 831264805.6 6.70558e-06 -1.0 -1.00000e+00
829629179.2 6.3 829629850.0 829630400.5 829633072.3 829631403.8 829630736.5 5.97211e-06 829629800 829633100 60.6 165.8 7.786183e+06 17.4 829631972.7 9.70386e-06 -1.0 -1.00000e+00 -1.0 -1.00000e+00
822031393.2 6.3 822032251.9 822032710.5 822037418.4 822034836.2 822033803.3 3.28045e-06 822032200 822037500 -17.4 167.8 1.205044e+07 33.4 822035232.2 6.54490e-06 822035763.6 4.89608e-06 -1.0 -1.00000e+00
818033585.0 6.3 818034416.7 818034890.5 818039275.5 818036836.7 818035861.2 3.50846e-06 818034400 818039300 -30.3 -177.6 1.138089e+07 35.2 818036089.4 9.19684e-06 -1.0 -1.00000e+00 -1.0 -1.00000e+00
815222913.6 6.3 815223816.3 815224250.1 815229488.2 815226670.5 815225543.4 2.93886e-06 815223800 815229500 -3.2 148.2 1.314910e+07 32.3 815227384.5 8.22323e-06 815227131.7 5.98292e-06 -1.0 -1.00000e+00
874732575.3 6.2 874733373.9 874733802.2 874738384.9 874735895.1 874734899.2 6.14774e-07 874733300 874738400 -31.0 -180.0 1.161914e+07 417.5 874734472.4 5.86295e-06 -1.0 -1.00000e+00 -1.0 -1.00000e+00
873136301.2 6.2 873137194.6 873137629.2 873142798.9 873140014.1 873138900.3 2.16537e-06 873137100 873142800 24.3 122.3 1.299541e+07 58.2 873137493.0 4.45832e-06 873137500.0 2.06086e-06 -1.0 -1.00000e+00
872871308.4 6.2 872872058.1 872872570.4 872876095.5 872874043.9 872873223.2 2.73073e-06 872872000 872876100 45.8 150.1 9.574157e+06 100.6 872872060.8 8.72394e-06 872872063.4 8.04028e-06 -1.0 -1.00000e+00
870057478.5 6.2 870058253.8 870058764.6 870062451.2 870060320.1 870059467.6 3.55322e-06 870058200 870062500 47.0 141.8 9.945339e+06 21.1 870061319.9 8.49049e-06 870060774.7 9.87289e-06 -1.0 -1.00000e+00
869957746.0 6.2 869958449.4 869959010.2 869961944.4 869960145.1 869959425.4 4.45433e-06 869958400 869962000 -0.2 -17.8 8.396628e+06 17.6 869960162.2 3.33256e-06 -1.0 -1.00000e+00 -1.0 -1.00000e+00
865212055.0 6.2 865212964.7 865213396.6 865218698.8 865215851.5 865214712.5 2.41971e-06 865212900 865218700 -3.3 146.8 1.328774e+07 22.2 865213574.4 4.32526e-06 865216544.9 1.31254e-06 -1.0 -1.00000e+00
863630383.0 6.2 863631497.9 863631650.7 863638814.1 863635200.8 863633755.4 1.48312e-07 863631400 863638900 -58.0 79.9 1.686213e+07 650.0 863636740.3 3.26659e-06 -1.0 -1.00000e+00 -1.0 -1.00000e+00
862315626.8 6.2 862316348.0 862316897.9 862319988.2 862318119.0 862317371.4 4.37716e-06 862316300 862320000 -1.3 -15.0 8.722765e+06 10.0 862318003.8 4.53145e-06 862318406.5 2.73919e-06 -1.0 -1.00000e+00
861885732.6 6.2 861886366.2 861886885.0 861889408.0 861887832.8 861887202.8 3.41550e-06 861886300 861889500 52.0 -180.0 7.350649e+06 126.9 861888085.1 5.54025e-06 -1.0 -1.00000e+00 -1.0 -1.00000e+00
861213239.0 6.2 861213951.2 861214504.2 861217532.7 861215692.5 861214956.5 4.22808e-06 861213900 861217600 -45.2 -72.5 8.587359e+06 23.8 861213955.8 4.91117e-06 861213955.1 6.46466e-06 -1.0 -1.00000e+00
859719642.2 6.2 859720505.6 859720965.1 859725694.1 859723100.5 859722063.0 2.80355e-06 859720500 859725700 -20.7 169.0 1.210385e+07 16.5 859724375.6 4.81626e-06 -1.0 -1.00000e+00 -1.0 -1.00000e+00
859667183.6 6.2 859668048.3 859668509.1 859673233.6 859670640.8 859669603.6 2.90428e-06 859668000 859673300 -20.6 169.0 1.210001e+07 7.6 859672305.6 4.86438e-06 859671108.9 2.99334e-06 -1.0 -1.00000e+00
859606520.8 6.2 859607370.0 859607803.2 859612689.9 859610046.0 859608988.5 1.26546e-06 859607300 859612700 36.5 70.7 1.233824e+07 213.0 859609974.4 5.68185e-06 859610928.8 5.40529e-06 -1.0 -1.00000e+00
859591237.0 6.2 859592120.3 859592569.2 859597531.4 859594833.8 859593754.8 2.69438e-06 859592100 859597600 -8.6 157.4 1.258881e+07 13.3 859593478.3 7.99218e-06 859592205.9 6.41046e-06 -1.0 -1.00000e+00
859550557.1 6.2 859551440.1 859551889.5 859556844.3 859554149.8 859553072.0 2.71756e-06 859551400 859556900 -8.7 157.6 1.257447e+07 11.5 859556709.9 6.76684e-06 -1.0 -1.00000e+00 -1.0 -1.00000e+00
859517393.2 6.2 859518106.9 859518660.2 859521692.7 859519850.1 859519113.0 4.31980e-06 859518100 859521700 -45.4 -72.8 8.598895e+06 17.9 859520624.4 3.60852e-06 859519169.2 2.52998e-06 -1.0 -1.00000e+00
859380557.2 6.2 859381340.7 859381849.9 859385597.1 859383437.1 859382573.1 3.71453e-06 859381300 859385600 -56.1 -123.3 1.007979e+07 5.4 859381545.0 4.16292e-06 -1.0 -1.00000e+00 -1.0 -1.00000e+00
858219081.6 6.2 858219433.5 858219719.5 858220651.1 858219978.4 858219709.4 1.39889e-05 858219400 858220700 4.6 -78.5 3.139041e+06 17.7 858219439.2 1.80490e-05 858219438.0 1.86661e-05 -1.0 -1.00000e+00
858188558.5 6.2 858189526.9 858189916.4 858195938.8 858192775.8 858191510.6 2.08774e-06 858189500 858196000 1.1 126.3 1.476054e+07 23.1 858193724.6 4.49068e-06 858189957.3 4.62516e-06 -1.0 -1.00000e+00
857387683.9 6.2 857388563.1 857389016.4 857393907.4 857391240.2 857390173.3 2.83695e-06 857388500 857394000 -58.2 -7.7 1.244684e+07 4.0 857388873.2 3.94966e-06 857392119.6 2.91633e-06 -1.0 -1.00000e+00
854659081.1 6.2 854659862.9 854660372.2 854664109.5 854661954.5 854661092.5 3.65884e-06 854659800 854664200 -56.0 -123.0 1.005679e+07 10.0 854660685.4 8.64313e-06 854660451.3 5.16768e-06 -1.0 -1.00000e+00
854657833.3 6.2 854658054.8 854658230.2 854658707.4 854658332.8 854658182.9 2.73457e-05 854658000 854658800 19.4 -78.4 1.748181e+06 10.0 854658626.1 3.50083e-05 854658624.4 3.52577e-05 -1.0 -1.00000e+00
853435994.0 6.2 853436957.8 853437343.4 853443374.7 853440211.6 853438946.3 1.80867e-06 853436900 853443400 1.1 126.4 1.476133e+07 59.7 853438432.6 4.64421e-06 853441939.4 4.44585e-06 -1.0 -1.00000e+00
853309279.3 6.2 853310105.6 853310587.9 853314853.5 853312464.5 853311509.0 3.20379e-06 853310100 853314900 -55.3 -29.5 1.114849e+07 10.0 853314630.8 5.35351e-06 853314629.8 4.25424e-06 -1.0 -1.00000e+00
853111144.3 6.2 853112102.9 853112496.4 853118375.0 853115276.2 853114036.6 2.26088e-06 853112100 853118400 10.1 58.7 1.446141e+07 10.0 853113584.2 2.73179e-06 -1.0 -1.00000e+00 -1.0 -1.00000e+00
850852260.1 6.2 850853254.2 850853634.8 850859976.8 850856669.7 850855346.8 1.90197e-06 850853200 850860000 10.7 92.4 1.543345e+07 31.0 850857292.3 5.94324e-06 850853442.4 5.70415e-06 -1.0 -1.00000e+00
848956825.3 6.2 848957615.1 848958119.3 848961949.3 848959753.3 848958874.9 3.57178e-06 848957600 848962000 -54.0 -134.2 1.024793e+07 10.0 848958031.9 7.84677e-06 848960180.8 6.10839e-06 -1.0 -1.00000e+00
848799152.6 6.2 848800107.2 848800496.8 848806392.8 848803289.9 848802048.7 1.98926e-06 848800100 848806400 2.6 128.5 1.448054e+07 42.2 848803347.1 7.35153e-06 -1.0 -1.00000e+00 -1.0 -1.00000e+00
847821807.1 6.2 847822672.1 847823128.8 847827895.5 847825286.2 847824242.5 2.68817e-06 847822600 847827900 28.6 129.9 1.217665e+07 25.2 847824011.1 6.48000e-06 847824010.0 2.19865e-06 -1.0 -1.00000e+00
847625378.0 6.2 847626124.7 847626655.2 847630016.7 847628028.7 847627233.5 3.94893e-06 847626100 847630100 46.4 154.4 9.277400e+06 16.6 847627619.2 3.02915e-04 847627881.1 1.13813e-04 -1.0 -1.00000e+00
847469565.9 6.2 847470465.9 847470902.6 847476095.2 847473296.9 847472177.6 2.44344e-06 847470400 847476100 -6.4 151.2 1.305875e+07 25.7 847471580.2 6.37451e-06 847470639.7 3.04851e-06 -1.0 -1.00000e+00
847390904.4 6.2 847391803.1 847392238.1 847397438.2 847394638.0 847393517.9 2.32635e-06 847391800 847397500 -6.3 151.0 1.306755e+07 38.0 847393519.4 8.63281e-06 847393518.2 4.70172e-06 -1.0 -1.00000e+00
842520868.2 6.2 842521498.7 842522015.1 842524531.6 842522961.6 842522333.6 3.23199e-06 842521400 842524600 -31.8 -67.1 7.326750e+06 142.0 842522962.8 3.94101e-06 -1.0 -1.00000e+00 -1.0 -1.00000e+00
837085375.6 6.2 837085992.1 837086275.6 837088791.2 837087327.3 837086741.8 5.89887e-06 837085900 837088800 -28.7 -72.5 6.831157e+06 10.0 837085997.5 9.01931e-06 837085995.9 5.86946e-06 -1.0 -1.00000e+00
835411188.5 6.2 835411846.6 835412385.9 835414984.0 835413357.4 835412706.7 4.80187e-06 835411800 835415000 52.2 176.1 7.590883e+06 30.0 835413918.6 9.66671e-06 835413930.5 5.19575e-06 -1.0 -1.00000e+00
834715579.0 6.2 834716504.6 834716931.4 834722384.2 834719467.7 834718301.1 2.51535e-06 834716500 834722400 18.9 120.3 1.361042e+07 4.0 834717734.2 5.24988e-06 -1.0 -1.00000e+00 -1.0 -1.00000e+00
832338496.2 6.2 832339186.1 832339723.0 832342758.2 832340931.6 832340201.0 2.22394e-06 832339100 832342800 54.3 158.4 8.524137e+06 190.1 832339238.4 1.25568e-05 832339237.1 1.76423e-05 -1.0 -1.00000e+00
829514221.8 6.2 829515399.2 829515611.6 829522378.2 829518882.6 829517484.4 1.80818e-06 829515300 829522400 2.6 93.2 1.631291e+07 23.9 829518464.5 5.87222e-06 829515422.2 2.44019e-06 -1.0 -1.00000e+00
827874899.8 6.2 827875856.5 827876245.5 827882167.8 827879052.9 827877807.0 1.96797e-06 827875800 827882200 3.8 126.5 1.453588e+07 43.6 827876252.6 7.50192e-06 -1.0 -1.00000e+00 -1.0 -1.00000e+00
825748149.7 6.2 825748992.4 825749442.0 825754130.8 825751567.5 825750542.1 1.76270e-06 825748900 825754200 -14.8 167.4 1.196230e+07 138.9 825753120.2 6.12181e-06 825752266.1 3.14384e-06 -1.0 -1.00000e+00
824702658.7 6.2 824703553.1 824703996.4 824709085.5 824706331.1 824705229.4 2.65445e-06 824703500 824709100 -54.6 1.6 1.285347e+07 10.0 824706418.2 5.97127e-06 -1.0 -1.00000e+00 -1.0 -1.00000e+00
824313578.0 6.2 824314468.0 824314904.8 824320029.9 824317264.8 824316158.8 2.20150e-06 824314400 824320100 -5.2 152.1 1.290391e+07 56.4 824319040.6 3.07510e-06 -1.0 -1.00000e+00 -1.0 -1.00000e+00
823966059.1 6.2 823966901.3 823967366.6 823971901.5 823969397.6 823968396.1 2.58675e-06 823966900 823972000 20.9 146.2 1.168498e+07 48.9 823967180.0 6.53038e-06 823969093.8 5.37192e-06 -1.0 -1.00000e+00
822084661.0 6.2 822084996.3 822085269.9 822086133.1 822085502.2 822085249.8 1.46666e-05 822084900 822086200 6.9 -77.8 2.944083e+06 23.8 822085006.9 1.12447e-05 -1.0 -1.00000e+00 -1.0 -1.00000e+00
819289215.9 6.2 819290010.9 819290511.9 819294403.5 819292180.2 819291290.9 3.51578e-06 819290000 819294500 -54.6 -136.0 1.037514e+07 10.0 819290624.2 3.81343e-06 819290623.2 2.18099e-06 -1.0 -1.00000e+00
819184163.3 6.2 819185133.0 819185513.4 819191657.4 819188445.6 819187160.9 1.59543e-06 819185100 819191700 -0.2 124.7 1.498827e+07 86.3 819189380.0 2.12860e-06 819185526.5 3.86819e-06 -1.0 -1.00000e+00
817404837.3 6.2 817405793.9 817406183.8 817412095.4 817408984.8 817407740.5 2.02489e-06 817405700 817412100 6.2 124.0 1.451632e+07 36.8 817406121.9 4.64895e-06 -1.0 -1.00000e+00 -1.0 -1.00000e+00
874958280.5 6.1 874959142.7 874959602.1 874964324.2 874961734.0 874960698.0 2.23136e-06 874959100 874964400 -21.1 169.4 1.208727e+07 19.9 874963759.9 5.39868e-06 874962074.0 2.75933e-06 -1.0 -1.00000e+00
874856596.5 6.1 874857777.9 874857989.0 874864924.8 874861355.6 874859927.8 1.34748e-06 874857700 874865000 -1.8 99.4 1.665654e+07 31.3 874859929.8 4.79377e-06 874857788.6 5.93208e-06 -1.0 -1.00000e+00
872709277.9 6.1 872709523.5 872709720.9 872710257.6 872709837.7 872709669.8 2.01480e-05 872709500 872710300 25.0 -109.7 1.959398e+06 9.8 872710291.3 2.35387e-05 872710283.3 2.41559e-05 -1.0 -1.00000e+00
872167065.2 6.1 872167846.0 872168333.8 872172260.1 872170033.7 872169143.2 1.69577e-06 872167800 872172300 -17.5 -174.3 1.038988e+07 128.3 872169337.3 2.67550e-06 872168072.2 1.47543e-06 -1.0 -1.00000e+00
871036057.0 6.1 871037008.5 871037419.0 871043198.2 871040137.7 871038913.5 1.84898e-06 871037000 871043200 -60.5 153.9 1.428230e+07 10.0 871042392.8 3.63276e-06 871038667.1 1.43675e-06 -1.0 -1.00000e+00
870272706.1 6.1 870273142.3 870273493.9 870274806.8 870273906.5 870273546.4 8.59787e-06 870273100 870274900 -4.8 -105.4 4.201502e+06 10.0 870274111.6 1.96064e-06 -1.0 -1.00000e+00 -1.0 -1.00000e+00
869582803.6 6.1 869583660.2 869584122.3 869588781.9 869586219.8 869585195.0 2.24177e-06 869583600 869588800 -21.5 171.0 1.195652e+07 22.2 869586308.2 3.79381e-06 869584658.9 1.65169e-06 -1.0 -1.00000e+00
868752473.7 6.1 868753297.0 868753775.4 868758062.3 868755667.2 868754709.2 2.29882e-06 868753200 868758100 -26.3 -177.7 1.117724e+07 37.1 868756399.5 3.41463e-06 868753602.9 1.09898e-06 -1.0 -1.00000e+00
868700385.0 6.1 868701209.3 868701688.7 868705972.2 868703577.7 868702619.9 2.38398e-06 868701200 868706000 -26.2 -177.7 1.117456e+07 28.9 868705776.9 3.54875e-06 868701476.5 1.16307e-06 -1.0 -1.00000e+00
868540095.8 6.1 868540694.6 868540983.7 868543372.3 868541968.1 868541406.4 5.02103e-06 868540600 868543400 52.5 -168.1 6.553168e+06 13.3 868542467.9 8.40878e-06 868542667.5 6.01272e-06 -1.0 -1.00000e+00
868526871.3 6.1 868527724.3 868528188.2 868532807.6 868530263.5 868529245.8 2.25037e-06 868527700 868532900 -15.4 168.6 1.187248e+07 23.5 868530512.8 3.65263e-06 868527995.6 1.98842e-06 -1.0 -1.00000e+00
868253043.7 6.1 868253494.6 868253825.1 868255343.6 868254357.9 868253963.7 4.14126e-06 868253400 868255400 -7.9 -74.3 4.599838e+06 152.4 868255336.0 3.31193e-06 868253533.4 4.13003e-06 -1.0 -1.00000e+00
867719374.4 6.1 867719568.1 867719723.9 867720156.1 867719821.1 867719687.1 1.57064e-05 867719500 867720200 16.6 -93.5 1.563496e+06 121.9 867719572.8 3.39574e-05 867719574.9 9.51635e-05 -1.0 -1.00000e+00
864855313.5 6.1 864856251.3 864856669.4 864862286.6 864859298.1 864858102.7 1.89888e-06 864856200 864862300 23.1 101.0 1.394606e+07 11.6 864860129.2 1.49332e-05 864860123.2 4.45512e-06 -1.0 -1.00000e+00
864435822.3 6.1 864436702.6 864437131.6 864442267.4 864439505.2 864438400.4 1.23559e-06 864436700 864442300 -4.6 151.9 1.289023e+07 134.3 864442055.2 4.16158e-06 -1.0 -1.00000e+00 -1.0 -1.00000e+00
862390314.1 6.1 862391205.5 862391649.6 862396711.8 862393970.0 862392873.2 2.11651e-06 862391200 862396800 34.3 82.0 1.279535e+07 14.2 862395422.7 4.47254e-06 862395095.5 1.79624e-06 -1.0 -1.00000e+00
861804172.0 6.1 861805030.2 861805494.1 861810145.4 861807585.4 861806561.4 2.36796e-06 861805000 861810200 -60.9 -20.4 1.194661e+07 10.0 861806813.7 3.22609e-06 861808782.7 1.15716e-06 -1.0 -1.00000e+00
861174782.3 6.1 861175632.1 861176032.6 861181220.7 861178461.4 861177357.7 3.71772e-07 861175600 861181300 -3.6 151.4 1.287681e+07 407.8 861177541.4 3.04714e-06 861175926.6 1.53019e-06 -1.0 -1.00000e+00
861064017.9 6.1 861064903.6 861065347.5 861070376.1 861067651.2 861066561.2 1.98793e-06 861064900 861070400 25.7 125.1 1.271630e+07 30.4 861066011.9 3.97497e-06 -1.0 -1.00000e+00 -1.0 -1.00000e+00
860523873.9 6.1 860524529.5 860525066.2 860527621.4 860526015.3 860525372.9 4.32284e-06 860524500 860527700 -35.0 -108.8 7.495107e+06 10.0 860525170.9 3.32902e-06 860524544.5 3.63727e-06 -1.0 -1.00000e+00
859974725.9 6.1 859975901.2 859976112.8 859982847.8 859979366.9 859977974.6 1.39891e-06 859975900 859982900 2.9 95.7 1.624378e+07 31.2 859980555.6 4.96681e-06 -1.0 -1.00000e+00 -1.0 -1.00000e+00
859964979.7 6.1 859965546.8 859965848.8 859968003.5 859966707.6 859966189.2 5.63426e-06 859965500 859968100 37.3 -24.5 6.047523e+06 9.1 859965552.3 4.85498e-06 859965555.8 6.71769e-06 -1.0 -1.00000e+00
859495595.0 6.1 859496478.6 859496922.8 859501935.9 859499218.4 859498131.4 1.95536e-06 859496400 859502000 -9.5 156.9 1.268189e+07 35.0 859499216.0 2.14268e-04 859499211.6 7.97410e-05 -1.0 -1.00000e+00
857365426.8 6.1 857366247.7 857366709.7 857371136.8 857368689.7 857367710.8 1.42020e-06 857366200 857371200 30.0 140.2 1.142002e+07 140.1 857370675.9 4.52981e-06 857370347.9 3.27841e-06 -1.0 -1.00000e+00
856739611.5 6.1 856740436.3 856740916.9 856745190.4 856742799.5 856741843.1 2.46881e-06 856740400 856745200 -55.3 -29.2 1.115788e+07 21.4 856745045.2 4.86073e-06 856741825.0 2.91361e-06 -1.0 -1.00000e+00
855319543.2 6.1 855320498.0 855320897.1 855326745.8 855323659.0 855322424.3 1.75575e-06 855320400 855326800 5.4 126.5 1.440529e+07 19.0 855323798.3 3.92677e-06 855322766.1 1.83107e-06 -1.0 -1.00000e+00
852295735.7 6.1 852296743.5 852297118.7 852303598.2 852300228.5 852298880.7 1.55871e-06 852296700 852303600 8.0 92.5 1.572502e+07 17.4 852301883.0 6.10718e-06 -1.0 -1.00000e+00 -1.0 -1.00000e+00
847997867.8 6.1 847998300.8 847998649.9 847999947.4 847999056.1 847998699.6 8.69897e-06 847998300 848000000 -4.6 -104.7 4.159150e+06 10.0 847998838.3 3.84687e-06 847998400.8 2.92121e-06 -1.0 -1.00000e+00
847744209.5 6.1 847745199.8 847745583.9 847751855.0 847748578.4 847747267.7 1.61829e-06 847745100 847751900 -52.1 139.6 1.529106e+07 18.1 847745724.0 6.73745e-06 847745727.3 3.84694e-06 -1.0 -1.00000e+00
847549274.7 6.1 847550223.8 847550575.9 847556863.9 847553611.4 847552310.4 4.03931e-07 847550200 847556900 -6.4 128.0 1.517835e+07 336.2 847553334.8 5.70126e-06 847550582.3 3.35659e-06 -1.0 -1.00000e+00
845542530.3 6.1 845543732.9 845543944.7 845551632.9 845547731.8 845546171.3 1.29486e-06 845543700 845551700 -45.8 96.1 1.820522e+07 10.0 845547476.2 7.15720e-06 -1.0 -1.00000e+00 -1.0 -1.00000e+00
843570520.7 6.1 843570912.9 843571230.1 843572371.5 843571578.3 843571261.0 8.13773e-06 843570900 843572400 10.9 -61.7 3.701740e+06 55.4 843570995.9 1.04708e-05 843570994.6 1.27330e-05 -1.0 -1.00000e+00
839721241.4 6.1 839722034.3 839722509.1 839726630.1 839724320.7 839723396.9 1.40250e-06 839722000 839726700 -21.4 -176.2 1.077736e+07 160.5 839723892.6 4.47120e-06 839722271.6 2.70923e-06 -1.0 -1.00000e+00
839364869.6 6.1 839366045.8 839366257.5 839373014.0 839369523.6 839368127.4 1.39939e-06 839366000 839373100 2.4 96.4 1.628872e+07 30.2 839366072.6 5.95408e-06 839366071.5 9.22840e-06 -1.0 -1.00000e+00
839341855.2 6.1 839342065.6 839342233.2 839342698.1 839342336.9 839342192.4 1.89819e-05 839342000 839342700 18.5 -101.1 1.685823e+06 60.4 839342075.4 2.37488e-05 839342074.4 4.88308e-05 -1.0 -1.00000e+00
837341871.5 6.1 837343053.5 837343262.5 837350308.1 837346692.4 837345246.1 1.22132e-06 837343000 837350400 -6.6 105.4 1.687309e+07 49.3 837349589.9 8.64236e-06 -1.0 -1.00000e+00 -1.0 -1.00000e+00
837186373.6 6.1 837187560.9 837187773.1 837194852.1 837191218.4 837189765.0 1.38449e-06 837187500 837194900 -9.4 108.3 1.695697e+07 19.1 837190874.7 7.12554e-06 837187623.4 1.99990e-06 -1.0 -1.00000e+00
837162804.1 6.1 837163987.3 837164196.3 837171282.9 837167649.1 837166195.6 1.21549e-06 837163900 837171300 -9.1 107.9 1.695751e+07 48.7 837166228.7 2.72737e-05 837166224.7 9.94819e-06 -1.0 -1.00000e+00
833867922.1 6.1 833868674.0 833869107.1 833873322.2 833871007.9 833870082.1 2.35501e-07 833868600 833873400 -17.6 -178.7 1.080023e+07 565.7 833869501.8 4.57403e-06 833870592.5 1.15848e-06 -1.0 -1.00000e+00
832366453.7 6.1 832367438.8 832367824.9 832374030.8 832370783.5 832369484.5 1.65097e-06 832367400 832374100 -4.8 127.0 1.515430e+07 16.5 832368519.9 6.11329e-06 832368296.0 1.76704e-06 -1.0 -1.00000e+00
832085081.0 6.1 832086053.9 832086437.3 832092575.4 832089363.5 832088078.7 1.39444e-06 832086000 832092600 -0.3 124.9 1.498881e+07 58.5 832090795.2 6.04532e-06 832086444.1 2.75018e-06 -1.0 -1.00000e+00
831046669.2 6.1 831047876.2 831048087.5 831056075.3 831052044.1 831050431.6 1.23149e-06 831047800 831056100 -36.7 78.6 1.881204e+07 10.0 831051733.5 5.50932e-06 -1.0 -1.00000e+00 -1.0 -1.00000e+00
830420270.0 6.1 830421113.7 830421563.5 830426256.1 830423690.7 830422664.5 1.36820e-06 830421100 830426300 -15.1 167.4 1.197231e+07 134.1 830425653.6 8.37651e-06 830425744.4 7.00259e-06 -1.0 -1.00000e+00
830051176.5 6.1 830052143.0 830052535.1 830058506.8 830055365.3 830054108.6 1.78145e-06 830052100 830058600 -57.6 148.0 1.466067e+07 10.0 830054600.4 5.27146e-06 830052553.6 1.53728e-06 -1.0 -1.00000e+00
830024793.4 6.1 830025969.4 830026180.7 830032951.1 830029454.9 830028056.5 1.37711e-06 830025900 830033000 2.0 97.0 1.631547e+07 33.3 830025983.3 9.42411e-06 -1.0 -1.00000e+00 -1.0 -1.00000e+00
829653273.7 6.1 829653934.0 829654475.7 829657105.8 829655463.5 829654806.5 3.60356e-06 829653900 829657200 61.4 167.5 7.664146e+06 45.1 829655934.4 1.06027e-05 829653940.9 8.10325e-06 -1.0 -1.00000e+00
829610898.1 6.1 829611565.7 829612113.0 829614751.3 829613099.9 829612439.4 4.17652e-06 829611500 829614800 60.9 167.2 7.706285e+06 10.0 829613555.8 3.07367e-04 829613470.7 1.69150e-04 -1.0 -1.00000e+00
827920954.3 6.1 827921861.7 827922297.5 827927544.8 827924720.3 827923590.5 2.06653e-06 827921800 827927600 22.9 121.3 1.318096e+07 10.3 827925174.6 4.81876e-06 827925495.9 2.29212e-06 -1.0 -1.00000e+00
827238444.7 6.1 827239363.8 827239785.0 827245252.1 827242334.6 827241167.7 1.65603e-06 827239300 827245300 -3.3 143.2 1.361486e+07 50.4 827242850.5 4.47915e-06 -1.0 -1.00000e+00 -1.0 -1.00000e+00
826020752.1 6.1 826021567.4 826022057.3 826026178.2 826023852.7 826022922.5 2.75443e-06 826021500 826026200 -60.4 -46.6 1.085231e+07 4.9 826024889.3 8.97471e-06 826025716.6 6.89723e-06 -1.0 -1.00000e+00
825704002.0 6.1 825705207.3 825705418.8 825713282.6 825709305.2 825707714.2 1.25711e-06 825705200 825713300 -40.2 78.4 1.856131e+07 10.0 825710202.5 8.86955e-06 825706630.8 3.64330e-06 -1.0 -1.00000e+00
821361523.2 6.1 821362503.0 821362851.7 821369395.9 821366021.9 821364672.3 5.31460e-07 821362500 821369400 -7.9 122.6 1.574556e+07 261.7 821366489.8 6.34048e-06 821364218.0 6.66873e-06 -1.0 -1.00000e+00
820554012.9 6.1 820554337.4 820554602.8 820555402.1 820554806.7 820554568.6 1.39786e-05 820554300 820555500 6.7 -82.3 2.778486e+06 5.5 820554356.8 7.04082e-06 820554356.1 1.29607e-05 -1.0 -1.00000e+00
820002419.0 6.1 820002731.7 820002988.2 820003756.9 820003183.5 820002954.2 1.31104e-05 820002700 820003800 7.7 -82.3 2.675844e+06 29.6 820003569.6 5.64626e-06 820002750.0 1.02092e-05 -1.0 -1.00000e+00
819409659.7 6.1 819410046.2 819410358.6 819411557.9 819410744.4 819410419.0 4.31781e-06 819410000 819411600 -1.4 -77.6 3.796451e+06 193.0 819410144.9 3.02912e-06 -1.0 -1.00000e+00 -1.0 -1.00000e+00
819093084.2 6.1 819093971.9 819094416.2 819099453.1 819096723.6 819095631.8 2.04890e-06 819093900 819099500 12.2 141.1 1.273781e+07 23.0 819095770.8 1.85416e-06 819095120.4 2.50036e-06 -1.0 -1.00000e+00
818067699.7 6.1 818068590.2 818068998.3 818074398.9 818071527.8 818070379.4 7.96402e-07 818068500 818074400 -5.5 147.0 1.339845e+07 222.0 818068870.6 7.92673e-06 818068869.4 6.54436e-06 -1.0 -1.00000e+00
816707505.2 6.1 816708417.1 816708836.0 816714277.3 816711375.0 816710214.0 1.41520e-06 816708400 816714300 -5.2 145.2 1.354409e+07 87.8 816709086.8 6.42616e-06 816712044.2 5.23335e-06 -1.0 -1.00000e+00
816622602.7 6.1 816623444.2 816623893.3 816628578.9 816626017.7 816624993.2 1.30256e-06 816623400 816628600 31.0 130.1 1.195227e+07 145.8 816624258.3 4.28092e-06 816626454.8 7.79988e-06 -1.0 -1.00000e+00
875079441.0 6.0 875080616.2 875080827.7 875087565.9 875084083.8 875082691.0 1.09038e-06 875080600 875087600 2.9 95.5 1.624968e+07 32.6 875084833.8 4.75592e-06 875080624.8 5.26212e-06 -1.0 -1.00000e+00
874222085.2 6.0 874223266.2 874223476.6 874230438.2 874226858.3 874225426.4 1.01570e-06 874223200 874230500 -2.8 100.8 1.670594e+07 38.4 874223490.2 4.40272e-06 874223290.6 4.64375e-06 -1.0 -1.00000e+00
873749212.5 6.0 873750037.0 873750520.4 873754763.8 873752384.7 873751433.1 2.10977e-06 873750000 873754800 -57.8 -147.2 1.110260e+07 10.0 873754691.8 5.56322e-06 873753015.3 5.46755e-06 -1.0 -1.00000e+00
873734971.2 6.0 873736151.0 873736360.1 873743336.1 873739751.2 873738317.2 9.52869e-07 873736100 873743400 -3.2 101.4 1.672984e+07 50.9 873738065.0 5.08652e-06 873736394.4 6.37854e-06 -1.0 -1.00000e+00
873175620.4 6.0 873176403.9 873176912.1 873180669.4 873178505.6 873177640.0 2.39857e-06 873176400 873180700 -56.2 -123.7 1.009810e+07 10.0 873177124.8 5.72946e-06 873179847.9 1.30409e-06 -1.0 -1.00000e+00
871440770.1 6.0 871441272.0 871441597.6 871443340.8 871442239.1 871441798.4 4.98796e-06 871441200 871443400 -13.8 -76.3 5.141396e+06 33.4 871441285.3 8.10800e-06 871441278.3 7.68108e-06 -1.0 -1.00000e+00
871299355.7 6.0 871299861.3 871300185.5 871301951.5 871300839.0 871300394.0 4.96988e-06 871299800 871302000 -14.3 -76.2 5.191485e+06 31.8 871299871.9 5.53401e-06 -1.0 -1.00000e+00 -1.0 -1.00000e+00
870955534.5 6.0 870956385.4 870956846.8 870961477.8 870958930.7 870957911.8 1.63091e-06 870956300 870961500 -11.3 166.2 1.188671e+07 43.1 870961273.2 5.11429e-06 870960302.0 2.46032e-06 -1.0 -1.00000e+00
870480157.0 6.0 870481035.9 870481488.0 870486390.2 870483718.8 870482650.3 1.79458e-06 870481000 870486400 27.3 126.8 1.246638e+07 10.2 870481430.1 3.80883e-06 870484977.5 1.19513e-06 -1.0 -1.00000e+00
869441867.3 6.0 869442877.7 869443249.1 869449781.9 869446389.9 869445033.1 1.16234e-06 869442800 869449800 7.1 92.5 1.582924e+07 27.7 869445532.6 4.12575e-06 869443292.9 2.06970e-06 -1.0 -1.00000e+00
869059638.0 6.0 869060061.6 869060329.1 869062014.3 869060995.8 869060588.5 2.83315e-07 869060000 869062100 -8.1 -71.2 4.752647e+06 633.7 869060246.1 5.29175e-06 869060063.7 4.87010e-06 -1.0 -1.00000e+00
868398898.9 6.0 868399527.4 868400040.7 868402455.5 868400931.3 868400321.6 3.15511e-06 868399500 868402500 51.9 -176.3 7.113250e+06 46.1 868399529.1 6.26294e-06 868399544.4 3.36706e-06 -1.0 -1.00000e+00
866931798.3 6.0 866932987.1 866933199.2 866940327.1 866936671.9 866935209.8 1.08668e-06 866932900 866940400 -10.5 108.2 1.705759e+07 18.2 866936854.3 4.40770e-06 866933000.4 1.82390e-06 -1.0 -1.00000e+00
864466579.9 6.0 864467551.1 864467939.8 864473997.0 864470818.2 864469546.7 1.30374e-06 864467500 864474000 -1.0 127.5 1.483413e+07 24.1 864467948.8 5.73307e-06 864467947.5 5.07486e-06 -1.0 -1.00000e+00
863465363.8 6.0 863466198.7 863466671.2 863471090.3 863468636.1 863467654.4 1.80836e-06 863466100 863471100 -30.8 -178.2 1.145286e+07 32.6 863468026.7 2.44597e-06 863468372.9 1.88076e-06 -1.0 -1.00000e+00
862571730.3 6.0 862572435.6 862572996.9 862575934.8 862574132.9 862573412.1 3.04969e-06 862572400 862576000 -44.9 -80.5 8.409047e+06 10.0 862575848.2 4.28686e-06 862574757.2 2.26170e-06 -1.0 -1.00000e+00
862524083.6 6.0 862524830.7 862525248.8 862529561.5 862527213.8 862526274.7 7.42697e-08 862524800 862529600 -19.5 -179.3 1.095574e+07 692.1 862527973.9 4.41255e-06 862526705.2 2.10436e-06 -1.0 -1.00000e+00
861211247.4 6.0 861212101.8 861212561.2 861217233.6 861214668.1 861213641.9 1.61789e-06 861212100 861217300 -13.9 166.7 1.197239e+07 42.7 861213955.8 4.17315e-06 -1.0 -1.00000e+00 -1.0 -1.00000e+00
861071027.3 6.0 861071917.3 861072364.3 861077388.9 861074662.5 861073571.9 1.78984e-06 861071900 861077400 25.6 125.1 1.272320e+07 4.9 861073027.7 4.94287e-06 -1.0 -1.00000e+00 -1.0 -1.00000e+00
860478157.3 6.0 860478376.7 860478551.2 860479034.3 860478658.4 860478508.1 1.66626e-05 860478300 860479100 17.2 -100.2 1.753916e+06 35.4 860478392.3 1.24866e-05 860478391.5 2.81445e-05 -1.0 -1.00000e+00
860437502.8 6.0 860438438.6 860438858.2 860444447.6 860441471.2 860440280.7 1.53910e-06 860438400 860444500 -61.8 161.1 1.388951e+07 10.0 860440999.8 3.71912e-06 -1.0 -1.00000e+00 -1.0 -1.00000e+00
860120684.0 6.0 860121435.5 860121862.7 860126126.0 860123793.7 860122860.8 1.13635e-07 860121400 860126200 -20.2 -178.1 1.088391e+07 607.7 860125243.7 3.44596e-06 -1.0 -1.00000e+00 -1.0 -1.00000e+00
859682404.9 6.0 859683284.1 859683727.0 859688723.0 859686015.3 859684932.1 1.39974e-06 859683200 859688800 -7.2 156.1 1.263634e+07 56.7 859687982.7 4.36004e-06 859685361.3 2.02514e-06 -1.0 -1.00000e+00
859637081.2 6.0 859637970.3 859638417.9 859643429.3 859640708.7 859639620.4 1.79967e-06 859637900 859643500 -7.8 155.8 1.269609e+07 4.4 859640783.5 5.37745e-06 859639302.3 3.44434e-06 -1.0 -1.00000e+00
859546173.6 6.0 859547053.4 859547497.3 859552488.1 859549781.9 859548699.4 1.45442e-06 859547000 859552500 -7.3 156.2 1.262895e+07 49.1 859551274.6 6.05793e-06 -1.0 -1.00000e+00 -1.0 -1.00000e+00
859497341.5 6.0 859498224.6 859498667.9 859503686.0 859500966.9 859499879.3 1.49912e-06 859498200 859503700 -7.3 155.6 1.268900e+07 41.6 859499216.0 2.14302e-04 859499211.6 7.97410e-05 -1.0 -1.00000e+00
858206604.1 6.0 858206957.5 858207244.5 858208175.2 858207501.9 858207232.6 9.89962e-06 858206900 858208200 4.6 -78.5 3.142129e+06 10.0 858207409.8 6.12471e-06 858206993.1 5.10066e-06 -1.0 -1.00000e+00
857445776.9 6.0 857446535.8 857446983.5 857451117.6 857448828.7 857447913.2 2.64778e-07 857446500 857451200 43.2 133.5 1.068123e+07 441.4 857446607.0 6.48955e-06 857447861.2 3.78966e-06 -1.0 -1.00000e+00
856825926.0 6.0 856826385.0 856826736.7 856828178.0 856827212.9 856826826.8 6.54500e-06 856826300 856828200 26.6 -44.6 4.504020e+06 10.0 856827344.6 1.19283e-05 856827356.8 5.41943e-06 -1.0 -1.00000e+00
856016743.1 6.0 856017714.9 856018102.5 856024180.2 856020992.9 856019717.9 1.25880e-06 856017700 856024200 -1.1 127.0 1.487420e+07 30.4 856022088.8 5.47745e-06 -1.0 -1.00000e+00 -1.0 -1.00000e+00
855705791.4 6.0 855706578.3 855707079.3 855710923.5 855708724.0 855707844.3 2.09503e-06 855706500 855711000 41.8 143.5 1.026410e+07 33.0 855709141.9 3.43188e-06 855708511.7 2.26420e-06 -1.0 -1.00000e+00
855311738.9 6.0 855312380.8 855312905.8 855315394.5 855313827.8 855313201.1 3.29412e-06 855312300 855315400 35.9 -10.2 7.311356e+06 30.4 855312400.7 5.45826e-06 855312399.9 6.41349e-06 -1.0 -1.00000e+00
853757972.4 6.0 853758875.2 853759307.6 853764560.1 853761736.8 853760607.5 1.43511e-06 853758800 853764600 22.6 122.0 1.317537e+07 39.6 853759438.7 3.26756e-06 853759713.7 3.70250e-06 -1.0 -1.00000e+00
853043321.5 6.0 853044246.3 853044654.9 853050281.1 853047298.4 853046105.3 9.60739e-07 853044200 853050300 -3.3 139.9 1.391929e+07 104.9 853047871.9 4.22653e-06 -1.0 -1.00000e+00 -1.0 -1.00000e+00
852745041.5 6.0 852745781.4 852746316.9 852749604.7 852747649.0 852746866.8 2.67145e-06 852745700 852749700 46.9 156.3 9.126221e+06 15.3 852749643.9 4.89265e-06 852748121.0 3.28591e-06 -1.0 -1.00000e+00
852561099.2 6.0 852562075.9 852562460.3 852568618.0 852565395.7 852564106.7 1.16219e-06 852562000 852568700 -3.6 127.3 1.503769e+07 43.3 852567801.1 4.01035e-06 -1.0 -1.00000e+00 -1.0 -1.00000e+00
852312124.4 6.0 852312982.4 852313444.5 852318113.3 852315546.6 852314520.0 1.82280e-06 852312900 852318200 39.8 70.3 1.197772e+07 18.4 852316010.6 4.52936e-06 852312981.5 4.98397e-06 -1.0 -1.00000e+00
851285754.9 6.0 851286601.7 851287009.5 851292110.9 851289386.9 851288297.3 2.90848e-07 851286600 851292200 -5.8 154.5 1.271201e+07 373.5 851289570.8 6.15507e-06 851289574.8 5.03565e-06 -1.0 -1.00000e+00
851181601.4 6.0 851182339.6 851182874.4 851186159.8 851184206.2 851183424.8 2.57408e-06 851182300 851186200 48.4 154.8 9.116719e+06 23.1 851183998.9 5.61802e-06 851183997.6 5.93424e-06 -1.0 -1.00000e+00
849214350.6 6.0 849214576.5 849214758.3 849215262.0 849214871.4 849214715.1 1.39610e-05 849214500 849215300 14.0 -91.2 1.822710e+06 62.8 849214602.2 1.03936e-05 849214601.5 1.76493e-05 -1.0 -1.00000e+00
848921611.0 6.0 848922416.2 848922910.1 848926931.2 848924651.1 848923739.1 2.19396e-06 848922400 848927000 -21.5 -174.6 1.064051e+07 13.8 848923057.5 7.33002e-06 -1.0 -1.00000e+00 -1.0 -1.00000e+00
847693236.3 6.0 847693982.5 847694512.9 847697873.2 847695885.9 847695091.1 2.57502e-06 847693900 847697900 46.4 154.5 9.273641e+06 18.5 847694088.6 1.04886e-05 847694823.9 1.18005e-05 -1.0 -1.00000e+00
847653940.8 6.0 847654684.3 847655217.4 847658542.1 847656570.1 847655781.3 2.65031e-06 847654600 847658600 47.0 154.9 9.202648e+06 14.7 847656444.9 1.33298e-05 847656444.0 1.78271e-05 -1.0 -1.00000e+00
847625332.9 6.0 847626082.1 847626612.3 847629989.6 847627993.8 847627195.6 2.65839e-06 847626000 847630000 46.2 154.0 9.313351e+06 10.9 847627619.2 3.02776e-04 847627881.1 1.13813e-04 -1.0 -1.00000e+00
847625124.5 6.0 847625871.8 847626401.8 847629771.3 847627779.8 847626983.2 2.59063e-06 847625800 847629800 47.6 152.7 9.293691e+06 16.7 847627619.2 3.02460e-04 847627881.1 1.13813e-04 -1.0 -1.00000e+00
847293045.8 6.0 847293951.3 847294379.8 847299687.9 847296841.3 847295702.6 1.32433e-06 847293900 847299700 -6.0 148.6 1.328408e+07 53.5 847295781.1 8.55418e-06 -1.0 -1.00000e+00 -1.0 -1.00000e+00
846881823.9 6.0 846882728.3 846883146.8 846888542.3 846885663.0 846884511.2 9.61846e-07 846882700 846888600 -5.5 146.6 1.343682e+07 115.0 846884898.3 8.05922e-06 846886727.5 7.66017e-06 -1.0 -1.00000e+00
844967667.2 6.0 844968267.9 844968555.1 844970966.9 844969552.7 844968987.1 3.94085e-06 844968200 844971000 20.1 -156.2 6.599340e+06 19.9 844969245.7 2.23786e-05 844969578.7 1.17126e-05 -1.0 -1.00000e+00
844502586.7 6.0 844503367.5 844503876.2 844507612.9 844505458.8 844504597.2 2.35560e-06 844503300 844507700 -56.1 -122.4 1.005231e+07 14.9 844507447.9 6.26797e-06 844507446.7 1.61061e-06 -1.0 -1.00000e+00
843674191.1 6.0 843674942.0 843675470.2 843678871.7 843676865.7 843676063.3 2.59409e-06 843674900 843678900 46.3 153.1 9.361070e+06 14.5 843676996.5 1.99094e-05 -1.0 -1.00000e+00 -1.0 -1.00000e+00
843668830.4 6.0 843669345.3 843669652.6 843671549.6 843670384.3 843669918.1 3.22335e-06 843669300 843671600 -15.6 -73.2 5.438388e+06 108.3 843671559.5 6.28232e-06 843669376.4 6.86955e-06 -1.0 -1.00000e+00
843442623.5 6.0 843443372.4 843443901.0 843447290.1 843445290.1 843444490.1 2.55961e-06 843443300 843447300 46.5 153.3 9.333338e+06 18.0 843444000.9 6.40915e-06 843446832.7 2.13672e-06 -1.0 -1.00000e+00
842927558.6 6.0 842928128.8 842928594.5 842931055.7 842929557.0 842928957.4 2.27984e-07 842928100 842931100 -26.8 -63.1 6.994250e+06 583.0 842928132.4 6.26761e-06 842928130.9 4.48136e-06 -1.0 -1.00000e+00
842900102.7 6.0 842901287.8 842901500.1 842908499.2 842904900.7 842903461.3 1.10662e-06 842901200 842908500 -9.1 110.3 1.679299e+07 19.4 842907953.5 5.63719e-06 842901334.9 3.31244e-06 -1.0 -1.00000e+00
838034216.4 6.0 838035393.1 838035604.6 838042388.9 838038886.4 838037485.4 1.08497e-06 838035300 838042400 1.7 97.1 1.634494e+07 31.8 838035404.0 7.60018e-06 838035402.9 9.56986e-06 -1.0 -1.00000e+00
836292386.4 6.0 836293169.9 836293672.1 836297484.6 836295299.7 836294425.7 2.06732e-06 836293100 836297500 -15.3 -173.6 1.019636e+07 37.5 836296467.8 5.05990e-06 836293188.3 1.23250e-06 -1.0 -1.00000e+00
835412370.5 6.0 835413124.9 835413555.2 835417812.4 835415480.2 835414547.3 1.33594e-07 835413100 835417900 -20.0 -178.2 1.088388e+07 574.9 835413918.6 8.07239e-06 835413930.5 5.19575e-06 -1.0 -1.00000e+00
835008806.9 6.0 835009559.2 835010068.8 835013631.1 835011563.6 835010736.6 1.58638e-06 835009500 835013700 45.4 149.3 9.648413e+06 106.1 835010978.1 4.84657e-06 835009590.4 2.03807e-06 -1.0 -1.00000e+00
833268710.9 6.0 833269467.4 833269894.0 833274197.6 833271846.2 833270905.6 1.21425e-07 833269400 833274200 -20.9 -178.6 1.097340e+07 592.0 833272975.6 5.54129e-06 833269733.0 9.68892e-07 -1.0 -1.00000e+00
831870390.4 6.0 831871191.5 831871688.5 831875654.7 831873398.6 831872496.1 2.25537e-06 831871100 831875700 -20.7 -173.8 1.052872e+07 11.1 831873051.8 4.83770e-06 831873729.5 1.39634e-06 -1.0 -1.00000e+00
830975224.2 6.0 830976430.4 830976641.8 830984566.8 830980562.8 830978961.2 9.80652e-07 830976400 830984600 -38.6 78.6 1.868513e+07 10.0 830980231.4 7.48226e-06 830976441.8 1.34679e-06 -1.0 -1.00000e+00
830777142.7 6.0 830777941.6 830778436.4 830782410.9 830780153.1 830779250.0 2.07905e-06 830777900 830782500 -20.7 -173.9 1.053645e+07 27.4 830781888.7 5.27296e-06 830780429.9 2.01018e-06 -1.0 -1.00000e+00
829353014.5 6.0 829353868.9 829354330.5 829358982.0 829356424.5 829355401.5 1.72321e-06 829353800 829359000 -12.5 166.4 1.193499e+07 30.8 829357469.0 5.64829e-06 -1.0 -1.00000e+00 -1.0 -1.00000e+00
827257628.9 6.0 827258460.3 827258933.3 827263324.7 827260883.6 827259907.2 1.75134e-06 827258400 827263400 -16.9 174.5 1.139158e+07 40.6 827259004.6 6.14600e-06 -1.0 -1.00000e+00 -1.0 -1.00000e+00
825581291.1 6.0 825582073.5 825582545.9 825586620.3 825584336.4 825583422.8 8.31548e-07 825582000 825586700 -20.2 -175.6 1.065856e+07 210.0 825582267.8 3.36230e-06 825583891.2 3.59904e-06 -1.0 -1.00000e+00
825147078.4 6.0 825147962.0 825148407.0 825153412.0 825150697.6 825149611.9 1.58265e-06 825147900 825153500 28.1 56.8 1.266723e+07 31.1 825151785.1 4.79199e-06 -1.0 -1.00000e+00 -1.0 -1.00000e+00
824962736.7 6.0 824963530.8 824964027.1 824967958.6 824965720.6 824964825.5 2.03553e-06 824963500 824968000 -15.3 -176.3 1.044385e+07 34.1 824964545.8 7.46348e-06 824967089.4 8.30699e-06 -1.0 -1.00000e+00
824825759.6 6.0 824826510.3 824826935.9 824831208.8 824828873.5 824827939.3 1.05235e-07 824826500 824831300 -18.0 -179.5 1.089837e+07 622.9 824831130.6 4.44187e-06 824829293.0 4.09314e-06 -1.0 -1.00000e+00
823034065.9 6.0 823035055.8 823035438.8 823041718.4 823038438.8 823037126.9 1.23904e-06 823035000 823041800 11.9 92.4 1.530494e+07 25.0 823039539.6 5.37477e-06 823040991.2 3.01691e-06 -1.0 -1.00000e+00
819210771.5 6.0 819211093.5 819211357.0 819212147.5 819211557.8 819211321.9 1.16172e-05 819211000 819212200 6.8 -82.7 2.751838e+06 7.8 819211103.7 6.52503e-06 819211102.9 1.09465e-05 -1.0 -1.00000e+00
816526396.0 6.0 816526972.7 816527265.2 816529527.8 816528185.6 816527648.7 3.79210e-06 816526900 816529600 53.9 -164.0 6.263625e+06 40.7 816528745.9 5.72841e-06 816526991.5 3.00226e-06 -1.0 -1.00000e+00
