    1132440670.8         1132441110.1         1.34793e-05               1           
    1132440355.1         1132440798.9         1.54012e-05               1           
    1132440355.8         1132440799.1         1.54012e-05               1           
    1129885799.6         1129886646.4         1.32839e-05               1           
    1133509823.6         1133510689.5         5.67839e-05               1           
    1133509824.5         1133510689.5         5.67839e-05               1           
    1133509823.0         1133510689.6         5.67839e-05               1           
    1133303117.1         1133304314.5         5.61547e-06               1           
    1131906681.6         1131907561.7         2.11832e-05               1           
    1133691727.4         1133692699.5         5.08804e-06               1           
    1131245196.9         1131245819.1         2.23739e-06               1           
    1131242095.5         1131242717.7         4.67529e-06               1           
    1131242095.6         1131242717.9         4.67529e-06               1           
    1133691725.5         1133692699.4         5.08804e-06               1           
    1132551935.3         1132552368.6         1.83513e-06               1           
    1131483108.0         1131483968.8         2.45613e-05               1           
    1135897539.1         1135898467.6         2.51403e-06               1           
    1136777150.6         1136777937.1         3.37046e-06               1           
    1136777150.0         1136777936.4         3.37046e-06               1           
    1127145224.7         1127146183.2         1.06738e-06               1           
    1126892417.1         1126893051.0         1.30388e-06               1           
    1131779424.3         1131780185.0         4.59257e-06               1           
    1131120243.1         1131120863.5         8.17239e-06               1           
    1130643872.2         1130644873.9         1.46906e-06               1           
    1136565504.1         1136566462.5         2.93338e-06               1           
    1136565502.9         1136566462.5         2.93338e-06               1           
    1136565502.0         1136566461.6         2.93338e-06               1           
    1135106104.2         1135106954.8         5.08838e-07               1           
    1132693240.0         1132693831.6         3.75715e-07               1           
    1126702357.9         1126702996.9         6.03219e-07               1           
    1132131989.1         1132132964.1         5.82642e-08               1           
    1128560324.2         1128561118.4         1.51046e-07               1           
    1126849191.9         1126849825.0         2.21066e-07               1           
    1134672472.5         1134673460.4         1.03151e-06               1           
    1132131990.5         1132132963.6         5.82642e-08               1           
    1136777145.3         1136777673.3         1.99095e-06               1           
    1134672473.6         1134673460.2         1.03151e-06               1           
    1129608275.1         1129609265.0         9.08744e-08               1           
    1129220332.5         1129221120.8         9.43843e-07               1           
    1128836605.3         1128837339.7         1.56206e-06               1           
    1127338852.4         1127339666.8         8.76042e-08               1           
    1126627199.6         1126627684.4         1.41918e-06               1           
    1136021671.0         1136022465.4         8.50448e-08               1           
    1129885789.0         1129886639.2         1.32839e-05               1           
    1136699779.2         1136700541.5         1.73977e-07               1           
    1135695752.6         1135696579.6         1.27093e-07               1           
    1135101502.0         1135102180.1          1.6575e-07               1           
    1135033875.2         1135034847.5         2.84985e-08               0           
    1134924926.9         1134925813.2         2.24366e-07               1           
    1134588322.5         1134588948.2         7.62638e-08               1           
    1132182347.7         1132182974.8         1.18874e-07               1           
    1132032729.5         1132033570.7         5.08159e-07               1           
    1130100417.3         1130101255.5         2.13351e-07               1           
    1129673019.8         1129673960.0         1.57665e-07               1           
    1129116806.0         1129117419.3         1.67653e-07               1           
    1127887439.1         1127888107.2         1.19637e-07               0           
    1127145433.2         1127146305.9         9.84539e-07               1           
    1137176675.4         1137177515.4          2.9758e-07               1           
    1136804675.0         1136805477.1         3.10897e-07               1           
    1135695753.7         1135696581.0         1.27093e-07               1           
    1135594635.1         1135594902.5         1.95622e-06               1           
    1134924926.5         1134925812.6         2.24366e-07               1           
    1134588322.6         1134588948.2         7.62638e-08               1           
    1136664316.7         1136665163.0         5.42005e-08               1           
    1135743756.7         1135744503.0         5.28753e-08               0           
    1135594637.5         1135594902.7         1.95622e-06               1           
    1133784331.7         1133785178.3         3.77424e-08               1           
    1132513078.6         1132514044.7         2.81872e-07               1           
    1131564038.4         1131564898.0          9.5133e-07               1           
    1131017611.6         1131018231.0          1.0378e-06               1           
    1131010514.3         1131011687.1         1.00513e-06               1           
    1131005634.4         1131006165.9         6.94487e-08               1           
    1130928841.2         1130929468.1         3.38312e-07               1           
    1130621119.0         1130622122.1         7.12995e-08               0           
    1127664429.3         1127665249.8         3.82863e-07               0           
    1126688846.5         1126689477.2         6.74415e-08               1           
    1136664316.0         1136665162.3         5.42005e-08               1           
    1136463139.4         1136463965.9         1.22833e-07               0           
    1133614584.4         1133615213.4         4.88441e-08               0           
    1132714284.8         1132715055.1         6.47724e-08               0           
    1132346498.5         1132346713.1         8.14188e-07               1           
    1131816593.3         1131817451.7         3.15177e-07               1           
    1131236834.8         1131237718.5         7.77739e-07               0           
    1131014794.5         1131015414.3         7.48447e-07               1           
    1129139556.9         1129140248.4         8.95051e-08               1           
    1126703354.8         1126703983.5         3.68416e-07               1           
    1137204824.2         1137205729.1         1.58193e-07               1           
    1137021766.0         1137022749.8          7.5726e-08               1           
    1136812506.2         1136813444.9         8.02732e-08               1           
    1136804675.8         1136805477.9         3.10897e-07               1           
    1133998391.9         1133999071.7         6.60241e-08               1           
    1133741389.8         1133742049.8         8.79281e-08               1           
    1133512273.7         1133513126.9         5.56177e-05               1           
    1133509888.4         1133510518.9         1.66643e-05               1           
    1132949962.3         1132951148.1         4.58879e-08               1           
    1131277540.9         1131278717.5         4.75449e-07               0           
    1131014538.6         1131015552.2         1.21286e-06               1           
    1130776375.8         1130777273.2         1.52193e-07               1           
    1130447397.8         1130448305.6          6.0703e-08               1           
    1127326661.9         1127327563.5         3.30664e-08               1           
    1136808946.5         1136809883.8         6.57049e-08               1           
    1136021672.2         1136022466.5         8.50448e-08               1           
    1135632595.9         1135633430.2         3.24939e-08               0           
    1135140212.2         1135141418.2         4.15867e-08               0           
    1134512233.5         1134513146.8         4.29047e-08               1           
    1133238367.8         1133239215.3         6.94664e-08               0           
    1133134046.9         1133134858.1         8.37173e-08               0           
    1132785187.3         1132786145.3         6.93207e-08               1           
    1132648458.6         1132649398.9         4.69802e-08               1           
    1131452514.0         1131453368.2          1.1089e-07               1           
    1130384944.5         1130385734.0         3.12549e-08               1           
    1129979115.4         1129980308.0         6.31992e-07               0           
    1129336631.5         1129337501.1         3.55145e-08               0           
    1129149910.9         1129150798.1         2.22554e-07               1           
    1128938865.1         1128939266.2         4.01775e-08               1           
    1128220238.6         1128220664.6         6.92892e-08               0           
    1127669171.2         1127669389.5         2.57879e-07               1           
    1126885045.0         1126885675.2         6.57051e-08               0           
    1126686701.6         1126687327.9         1.09693e-07               0           
    1137122455.8         1137122660.1          3.2833e-07               1           
    1136586013.3         1136586786.0         3.90744e-08               0           
    1136121552.6         1136121772.5         1.02734e-07               1           
    1135264806.1         1135265449.5         1.11158e-07               0           
    1134333534.1         1134334332.6         4.54315e-08               1           
    1133510367.0         1133511232.1         5.54515e-05               1           
    1133409805.2         1133410694.8         3.39107e-08               1           
    1133191765.5         1133192655.0         9.31005e-08               1           
    1132929941.3         1132930522.4         2.37056e-08               1           
    1131555228.3         1131556241.8         1.62502e-07               1           
    1130807413.5         1130808017.5          2.803e-07                1           
    1130644279.6         1130645282.7         1.42208e-06               1           
    1130391748.5         1130392616.3         3.64295e-08               1           
    1129983338.3         1129984531.2         5.36427e-07               1           
    1129511847.3         1129512662.2          3.1034e-08               1           
    1129442706.2         1129443515.0         4.25535e-08               0           
    1129256274.1         1129257173.0         1.41032e-07               1           
    1127693117.8         1127694302.2         5.73682e-08               1           
    1126686892.6         1126687794.4         8.99584e-08               1           
    1137257680.8         1137258540.3          1.537e-07                1           
    1137204142.4         1137205321.1         1.65651e-07               1           
    1136121552.5         1136121772.6         1.02734e-07               1           
    1135953390.9         1135954312.7         7.76449e-08               1           
    1135759059.5         1135759911.6         3.31071e-08               1           
    1134638948.5         1134639873.0          4.131e-08                0           
    1134162738.8         1134163332.2         6.03575e-08               1           
    1133748300.7         1133749273.4         5.83602e-08               1           
    1133511001.9         1133511869.9         5.49908e-05               1           
    1131384536.1         1131385161.4         7.40556e-08               0           
    1131315496.5         1131316451.5         3.18852e-08               0           
    1131032473.4         1131033208.2          9.2332e-08               1           
    1131024244.8         1131025258.6         9.88771e-08               1           
    1130972051.4         1130973015.5         2.96657e-07               1           
    1130723979.4         1130724666.9         9.06071e-08               1           
    1130517424.7         1130518395.1         2.29369e-07               0           
    1127591618.3         1127592531.2          2.1039e-08               0           
    1127257137.3         1127257996.5          2.1167e-08               0           
    1127146422.7         1127147049.8         5.51272e-07               1           
    1127145456.5         1127146109.9         4.19796e-07               1           
    1126929811.7         1126930739.8         1.76729e-08               0           
    1137208939.4         1137209822.5         9.96649e-08               1           
    1137180127.2         1137181091.7          2.1545e-07               1           
    1137079820.5         1137080782.4         1.09671e-07               1           
    1137054640.7         1137054879.3         4.06275e-07               1           
    1137005690.7         1137006866.1         9.98464e-08               1           
    1136998697.7         1136998993.7         4.12866e-08               1           
    1136752515.8         1136753416.4          4.4441e-07               1           
    1135953390.5         1135954312.7         7.76449e-08               1           
    1136079018.5         1136079842.9         3.34651e-08               1           
    1135064647.0         1135065491.9         2.27701e-08               1           
    1135023539.7         1135024435.4         3.10983e-07               1           
    1134920230.5         1134921098.3         7.40589e-08               0           
    1134512066.2         1134512821.1         4.40186e-08               1           
    1134021217.0         1134022008.4         1.24268e-07               0           
    1133839265.8         1133840447.4         3.48318e-08               1           
    1133795023.4         1133795855.8         4.30649e-08               0           
    1132620791.5         1132621225.1         5.19411e-08               1           
    1132532259.8         1132533159.6          1.3174e-07               1           
    1132261380.1         1132262253.3         1.00065e-07               0           
    1132259928.5         1132260283.1         6.85985e-08               1           
    1132097158.4         1132098017.6         2.98616e-08               1           
    1132066257.3         1132067224.6          1.1391e-07               1           
    1132032855.2         1132033697.2         5.07401e-07               1           
    1131940068.8         1131940901.6         3.81025e-08               1           
    1131908052.8         1131908933.3         2.09586e-05               1           
    1131784437.8         1131785198.7         4.38392e-07               1           
    1131679919.2         1131680586.4         5.40273e-08               1           
    1131568486.3         1131569346.3          2.6288e-07               1           
    1131454495.4         1131455350.6         8.98857e-08               0           
    1131278948.1         1131279231.0         2.98718e-07               1           
    1131246486.0         1131247108.6         1.04836e-06               1           
    1131243836.3         1131244458.8         1.77501e-06               1           
    1131242482.9         1131243105.7         4.20206e-06               1           
    1131112673.4         1131113579.1         3.68067e-08               0           
    1131028462.4         1131029476.6         7.44782e-08               1           
    1131018896.3         1131019909.9         1.44519e-06               1           
    1130548261.0         1130549128.6         2.06992e-08               1           
    1130210338.9         1130211149.0         1.54296e-08               1           
    1129900335.8         1129901087.7         1.92727e-07               1           
    1129889363.0         1129890546.4         9.72757e-06               1           
    1129590476.0         1129590892.2         2.78212e-07               0           
    1129227462.2         1129228251.0         1.62545e-07               0           
    1129220634.8         1129221423.3         9.29628e-07               1           
    1128826044.8         1128826996.7         1.34923e-08               0           
    1128497484.6         1128498314.3          2.0221e-08               0           
    1128158500.7         1128158752.9         4.14495e-08               1           
    1127906478.7         1127907101.0         2.22595e-08               1           
    1127703009.9         1127704194.2         5.31778e-08               1           
    1126658931.4         1126659889.3          2.5035e-08               0           
    1137159855.0         1137160685.6         4.10027e-08               1           
    1137093933.8         1137095140.0         1.26484e-07               1           
    1137019103.5         1137019990.6         9.71061e-08               1           
    1136854625.0         1136855571.8         2.47906e-08               1           
    1136785196.7         1136785972.2         1.00509e-07               1           
    1136777915.1         1136778907.5         3.74766e-06               1           
    1136755111.5         1136755969.3         4.48687e-07               1           
    1136744960.9         1136745764.8         4.45508e-08               1           
    1136699267.8         1136700451.3         1.88065e-07               1           
    1135143625.0         1135144279.4         3.45316e-08               0           
    1131112673.9         1131113579.1         3.68067e-08               0           
    1127316923.0         1127317708.3          1.4995e-08               1           
    1127234249.0         1127235062.7         7.16295e-08               1           
    1126569317.7         1126569954.4         1.26497e-08               0           
    1136498874.7         1136499722.9         6.02297e-08               0           
    1136468031.3         1136468664.8         1.53509e-07               1           
    1136216460.1         1136217150.7         3.94424e-08               1           
    1135635754.3         1135636373.0         2.95438e-08               0           
    1135481152.3         1135481375.4         2.03806e-08               0           
    1135479533.5         1135480186.3         5.08071e-08               0           
    1134922688.6         1134923226.1          6.2532e-08               0           
    1134684291.9         1134685174.9         6.92739e-08               1           
    1134168994.2         1134169883.2         4.10931e-08               0           
    1133968155.0         1133968807.8         9.05859e-08               1           
    1133906753.8         1133907955.3         4.18949e-08               1           
    1133295755.1         1133296638.1         6.38147e-08               0           
    1133193332.1         1133193981.5         8.42471e-08               1           
    1133137452.7         1133138105.8         7.10565e-08               0           
    1133036429.7         1133037311.0         4.07333e-08               1           
    1133012412.1         1133012936.9         1.87253e-08               1           
    1132789674.1         1132789949.6         3.30573e-08               1           
    1132674419.8         1132675593.2         2.01785e-07               1           
    1132462027.8         1132462845.9         1.73547e-08               1           
    1132391673.0         1132392305.7         1.57936e-08               0           
    1132241664.9         1132242653.0         1.69098e-07               0           
    1131941769.6         1131942690.1         4.01236e-08               0           
    1131799880.6         1131800849.3          6.1737e-07               1           
    1131599532.1         1131600345.7         9.47586e-08               1           
    1131301151.7         1131301864.0         5.96522e-08               1           
    1131148471.4         1131149087.6          3.5968e-08               1           
    1130898640.3         1130899580.4         2.74586e-08               0           
    1130876059.6         1130876263.7         1.02773e-08               0           
    1130781791.0         1130782589.5         5.92461e-08               1           
    1130775870.9         1130776872.4         1.52735e-07               1           
    1130680087.3         1130680855.4         4.02066e-08               0           
    1130506853.2         1130507739.4         1.37436e-08               1           
    1129986922.0         1129987827.8         4.84382e-07               1           
    1129905555.3         1129906095.7         4.59395e-07               1           
    1129858909.3         1129859688.6         4.27327e-07               1           
    1129535446.9         1129536652.0         3.32887e-08               0           
    1129370791.0         1129371417.9         3.32823e-08               1           
    1129300276.0         1129301467.4         8.67836e-08               1           
    1129117162.2         1129117994.6         1.86566e-07               1           
    1128844056.0         1128844395.1         6.93748e-08               1           
    1128837000.1         1128837734.5         1.46019e-06               1           
    1128393230.9         1128394073.1         2.84621e-08               0           
    1128042592.4         1128043441.2         1.17704e-07               1           
    1127988733.0         1127989360.5         2.03716e-08               0           
    1127880866.7         1127881710.2         1.11958e-07               1           
    1127426443.6         1127426913.4         3.79902e-08               0           
    1126911975.0         1126912875.8         2.97128e-08               1           
    1126870584.7         1126871552.2         1.55985e-07               1           
    1126804725.6         1126805352.1         8.45904e-09               1           
    1126753339.0         1126753966.2         7.46758e-09               0           
    1126657701.3         1126658562.6         2.41552e-08               0           
    1126585459.1         1126586094.0         1.99754e-08               0           
    1137085555.4         1137086156.7         8.34606e-08               1           
    1137079736.0         1137080303.1         6.58235e-08               1           
    1136954173.9         1136955185.6         6.89035e-08               1           
    1136756274.0         1136757140.3         4.78254e-07               1           
    1136706777.8         1136707704.2         3.25325e-08               1           
    1136656950.9         1136657787.6         8.20787e-08               1           
    1136498873.8         1136499722.1         6.02297e-08               0           
    1136482866.5         1136483662.6         2.76687e-07               1           
    1136468032.8         1136468664.8         1.53509e-07               1           
    1136299545.8         1136300169.2          6.5306e-08               1           
    1136294961.0         1136295764.8         2.73302e-07               1           
    1135635809.0         1135636993.0         3.77412e-08               0           
    1135481151.0         1135481374.9         2.03806e-08               0           
