    1132440670.8         1132441110.1         0.000321724               1           
    1132440355.1         1132440798.9         0.000321712               1           
    1132440355.8         1132440799.1         0.000321712               1           
    1129885799.6         1129886646.4         6.66465e-05               1           
    1133509823.6         1133510689.5         0.000201189               1           
    1133509824.5         1133510689.5         0.000201189               1           
    1133509823.0         1133510689.6         0.000201189               1           
    1133303117.1         1133304314.5         1.88603e-05               1           
    1131906681.6         1131907561.7         6.35063e-05               1           
    1133691727.4         1133692699.5          1.7651e-05               1           
    1131245196.9         1131245819.1         1.69178e-05               1           
    1131242095.5         1131242717.7         3.81877e-05               1           
    1131242095.6         1131242717.9         3.81877e-05               1           
    1133691725.5         1133692699.4          1.7651e-05               1           
    1132551935.3         1132552368.6         3.48124e-05               1           
    1131483108.0         1131483968.8         7.94022e-05               1           
    1135897539.1         1135898467.6         1.05526e-05               1           
    1136777150.6         1136777937.1         1.00642e-05               1           
    1136777150.0         1136777936.4         1.00642e-05               1           
    1127145224.7         1127146183.2         6.66648e-06               1           
    1126892417.1         1126893051.0         1.14381e-05               1           
    1131779424.3         1131780185.0         1.75593e-05               1           
    1131120243.1         1131120863.5         3.27272e-05               1           
    1130643872.2         1130644873.9         5.94212e-06               1           
    1136565504.1         1136566462.5         1.21239e-05               1           
    1136565502.9         1136566462.5         1.21239e-05               1           
    1136565502.0         1136566461.6         1.21239e-05               1           
    1135106104.2         1135106954.8         5.50353e-06               1           
    1132693240.0         1132693831.6         5.06284e-06               1           
    1126702357.9         1126702996.9         6.91616e-06               1           
    1132131989.1         1132132964.1         3.89979e-06               1           
    1128560324.2         1128561118.4         2.59706e-06               1           
    1126849191.9         1126849825.0         3.64339e-06               1           
    1134672472.5         1134673460.4         1.12787e-05               1           
    1132131990.5         1132132963.6         3.89979e-06               1           
    1136777145.3         1136777673.3         1.00883e-05               1           
    1134672473.6         1134673460.2         1.12787e-05               1           
    1129608275.1         1129609265.0         2.65285e-06               1           
    1129220332.5         1129221120.8         9.10821e-06               1           
    1128836605.3         1128837339.7         8.43415e-06               1           
    1127338852.4         1127339666.8         1.92473e-06               1           
    1126627199.6         1126627684.4         7.89038e-06               1           
    1136021671.0         1136022465.4         3.28243e-06               1           
    1129885789.0         1129886639.2         6.66465e-05               1           
    1136699779.2         1136700541.5         5.81201e-06               1           
    1135695752.6         1135696579.6         3.87039e-06               1           
    1135101502.0         1135102180.1         4.88186e-06               1           
    1135033875.2         1135034847.5         3.66343e-06               0           
    1134924926.9         1134925813.2         4.98149e-06               1           
    1134588322.5         1134588948.2         4.37886e-06               1           
    1132182347.7         1132182974.8         2.35753e-06               1           
    1132032729.5         1132033570.7         4.35672e-06               1           
    1130100417.3         1130101255.5         2.28898e-06               1           
    1129673019.8         1129673960.0         2.79128e-06               1           
    1129116806.0         1129117419.3         2.05463e-06               1           
    1127887439.1         1127888107.2          6.6801e-06               0           
    1127145433.2         1127146305.9         6.65593e-06               1           
    1137176675.4         1137177515.4         5.99478e-06               1           
    1136804675.0         1136805477.1         3.69332e-06               1           
    1135695753.7         1135696581.0         3.87039e-06               1           
    1135594635.1         1135594902.5         1.24046e-05               1           
    1134924926.5         1134925812.6         4.98149e-06               1           
    1134588322.6         1134588948.2         4.37886e-06               1           
    1136664316.7         1136665163.0          2.3848e-06               1           
    1135743756.7         1135744503.0         3.38624e-06               0           
    1135594637.5         1135594902.7         1.24046e-05               1           
    1133784331.7         1133785178.3         2.56265e-06               1           
    1132513078.6         1132514044.7         5.70596e-06               1           
    1131564038.4         1131564898.0         4.33272e-06               1           
    1131017611.6         1131018231.0         9.02501e-06               1           
    1131010514.3         1131011687.1         9.48012e-06               1           
    1131005634.4         1131006165.9          9.0419e-06               1           
    1130928841.2         1130929468.1         4.52446e-06               1           
    1130621119.0         1130622122.1         1.63885e-06               0           
    1127664429.3         1127665249.8         2.92123e-06               0           
    1126688846.5         1126689477.2         1.46726e-06               1           
    1136664316.0         1136665162.3          2.3848e-06               1           
    1136463139.4         1136463965.9         3.55423e-06               0           
    1133614584.4         1133615213.4         5.38795e-06               0           
    1132714284.8         1132715055.1         3.84596e-06               0           
    1132346498.5         1132346713.1         7.00434e-06               1           
    1131816593.3         1131817451.7         7.44761e-06               1           
    1131236834.8         1131237718.5         5.14905e-06               0           
    1131014794.5         1131015414.3         9.52613e-06               1           
    1129139556.9         1129140248.4         3.07392e-06               1           
    1126703354.8         1126703983.5         3.32313e-06               1           
    1137204824.2         1137205729.1         4.84751e-06               1           
    1137021766.0         1137022749.8         7.24982e-06               1           
    1136812506.2         1136813444.9         3.28487e-06               1           
    1136804675.8         1136805477.9         3.69332e-06               1           
    1133998391.9         1133999071.7         3.65788e-06               1           
    1133741389.8         1133742049.8         3.49202e-06               1           
    1133512273.7         1133513126.9         0.000201163               1           
    1133509888.4         1133510518.9          0.00017859               1           
    1132949962.3         1132951148.1         1.94357e-06               1           
    1131277540.9         1131278717.5         2.88872e-06               0           
    1131014538.6         1131015552.2          9.4824e-06               1           
    1130776375.8         1130777273.2         1.79759e-06               1           
    1130447397.8         1130448305.6         5.38351e-06               1           
    1127326661.9         1127327563.5         2.14679e-06               1           
    1136808946.5         1136809883.8         3.27918e-06               1           
    1136021672.2         1136022466.5         3.28243e-06               1           
    1135632595.9         1135633430.2         3.20046e-06               0           
    1135140212.2         1135141418.2         5.72958e-06               0           
    1134512233.5         1134513146.8         4.05741e-06               1           
    1133238367.8         1133239215.3         3.99423e-06               0           
    1133134046.9         1133134858.1          2.8523e-06               0           
    1132785187.3         1132786145.3         3.36549e-06               1           
    1132648458.6         1132649398.9          4.5407e-06               1           
    1131452514.0         1131453368.2         6.61991e-06               1           
    1130384944.5         1130385734.0         6.80578e-06               1           
    1129979115.4         1129980308.0         7.13606e-06               0           
    1129336631.5         1129337501.1         4.08092e-06               0           
    1129149910.9         1129150798.1         2.87844e-06               1           
    1128938865.1         1128939266.2         2.67334e-06               1           
    1128220238.6         1128220664.6         2.20909e-06               0           
    1127669171.2         1127669389.5         2.82536e-06               1           
    1126885045.0         1126885675.2         1.94868e-06               0           
    1126686701.6         1126687327.9         1.47338e-06               0           
    1137122455.8         1137122660.1         8.53758e-06               1           
    1136586013.3         1136586786.0         4.37546e-06               0           
    1136121552.6         1136121772.5         4.18859e-06               1           
    1135264806.1         1135265449.5         4.86096e-06               0           
    1134333534.1         1134334332.6         3.21476e-06               1           
    1133510367.0         1133511232.1         0.000201192               1           
    1133409805.2         1133410694.8         4.18865e-06               1           
    1133191765.5         1133192655.0         3.51719e-06               1           
    1132929941.3         1132930522.4         2.12689e-06               1           
    1131555228.3         1131556241.8         4.16906e-06               1           
    1130807413.5         1130808017.5         1.81864e-06               1           
    1130644279.6         1130645282.7         5.94318e-06               1           
    1130391748.5         1130392616.3         6.23105e-06               1           
    1129983338.3         1129984531.2         1.05637e-05               1           
    1129511847.3         1129512662.2         3.31329e-06               1           
    1129442706.2         1129443515.0         2.98922e-06               0           
    1129256274.1         1129257173.0         2.33449e-06               1           
    1127693117.8         1127694302.2         2.22263e-06               1           
    1126686892.6         1126687794.4         1.47349e-06               1           
    1137257680.8         1137258540.3         4.34808e-06               1           
    1137204142.4         1137205321.1         4.82682e-06               1           
    1136121552.5         1136121772.6         4.18859e-06               1           
    1135953390.9         1135954312.7         2.89553e-06               1           
    1135759059.5         1135759911.6         2.72892e-06               1           
    1134638948.5         1134639873.0         6.33319e-06               0           
    1134162738.8         1134163332.2          4.8331e-06               1           
    1133748300.7         1133749273.4         3.23936e-06               1           
    1133511001.9         1133511869.9         0.000201186               1           
    1131384536.1         1131385161.4          3.1438e-06               0           
    1131315496.5         1131316451.5         3.26088e-06               0           
    1131032473.4         1131033208.2         9.78298e-06               1           
    1131024244.8         1131025258.6         1.13756e-05               1           
    1130972051.4         1130973015.5         6.69315e-06               1           
    1130723979.4         1130724666.9         1.38649e-06               1           
    1130517424.7         1130518395.1         3.28113e-06               0           
    1127591618.3         1127592531.2         1.65738e-06               0           
    1127257137.3         1127257996.5         2.60113e-06               0           
    1127146422.7         1127147049.8          5.1086e-06               1           
    1127145456.5         1127146109.9         6.67311e-06               1           
    1126929811.7         1126930739.8         2.09338e-06               0           
    1137208939.4         1137209822.5         4.38015e-06               1           
    1137180127.2         1137181091.7         5.29535e-06               1           
    1137079820.5         1137080782.4         9.61106e-06               1           
    1137054640.7         1137054879.3         1.21351e-05               1           
    1137005690.7         1137006866.1         6.14068e-06               1           
    1136998697.7         1136998993.7         6.61998e-06               1           
    1136752515.8         1136753416.4         8.12489e-06               1           
    1135953390.5         1135954312.7         2.89553e-06               1           
    1136079018.5         1136079842.9         4.01055e-06               1           
    1135064647.0         1135065491.9         3.30987e-06               1           
    1135023539.7         1135024435.4          4.2581e-06               1           
    1134920230.5         1134921098.3         4.86288e-06               0           
    1134512066.2         1134512821.1         4.05952e-06               1           
    1134021217.0         1134022008.4         3.90927e-06               0           
    1133839265.8         1133840447.4         3.36988e-06               1           
    1133795023.4         1133795855.8          2.4981e-06               0           
    1132620791.5         1132621225.1         5.86125e-06               1           
    1132532259.8         1132533159.6         4.02138e-06               1           
    1132261380.1         1132262253.3         2.81374e-06               0           
    1132259928.5         1132260283.1         3.02777e-06               1           
    1132097158.4         1132098017.6         3.69835e-06               1           
    1132066257.3         1132067224.6         4.31937e-06               1           
    1132032855.2         1132033697.2         4.35914e-06               1           
    1131940068.8         1131940901.6         3.14208e-06               1           
    1131908052.8         1131908933.3         6.35177e-05               1           
    1131784437.8         1131785198.7         4.07795e-06               1           
    1131679919.2         1131680586.4         3.20282e-06               1           
    1131568486.3         1131569346.3         3.78228e-06               1           
    1131454495.4         1131455350.6         6.62326e-06               0           
    1131278948.1         1131279231.0         2.32148e-06               1           
    1131246486.0         1131247108.6         8.97894e-06               1           
    1131243836.3         1131244458.8         1.69118e-05               1           
    1131242482.9         1131243105.7         3.81883e-05               1           
    1131112673.4         1131113579.1         4.88661e-06               0           
    1131028462.4         1131029476.6         1.13892e-05               1           
    1131018896.3         1131019909.9          9.0428e-06               1           
    1130548261.0         1130549128.6         2.84334e-06               1           
    1130210338.9         1130211149.0          2.4647e-06               1           
    1129900335.8         1129901087.7         2.31368e-05               1           
    1129889363.0         1129890546.4         3.04015e-05               1           
    1129590476.0         1129590892.2         3.27773e-06               0           
    1129227462.2         1129228251.0         3.31554e-06               0           
    1129220634.8         1129221423.3         9.10414e-06               1           
    1128826044.8         1128826996.7         1.40206e-06               0           
    1128497484.6         1128498314.3         2.21568e-06               0           
    1128158500.7         1128158752.9         2.11333e-06               1           
    1127906478.7         1127907101.0         6.20651e-06               1           
    1127703009.9         1127704194.2         2.30982e-06               1           
    1126658931.4         1126659889.3          1.3546e-06               0           
    1137159855.0         1137160685.6         8.28586e-06               1           
    1137093933.8         1137095140.0         1.16293e-05               1           
    1137019103.5         1137019990.6         6.87256e-06               1           
    1136854625.0         1136855571.8         5.72911e-06               1           
    1136785196.7         1136785972.2         3.39011e-06               1           
    1136777915.1         1136778907.5          1.0068e-05               1           
    1136755111.5         1136755969.3         3.97599e-06               1           
    1136744960.9         1136745764.8         3.48123e-06               1           
    1136699267.8         1136700451.3         5.83618e-06               1           
    1135143625.0         1135144279.4         5.28774e-06               0           
    1131112673.9         1131113579.1         4.88661e-06               0           
    1127316923.0         1127317708.3         1.93256e-06               1           
    1127234249.0         1127235062.7          2.536e-06                1           
    1126569317.7         1126569954.4         2.25897e-06               0           
    1136498874.7         1136499722.9         4.70778e-06               0           
    1136468031.3         1136468664.8         3.42924e-06               1           
    1136216460.1         1136217150.7         4.58464e-06               1           
    1135635754.3         1135636373.0         4.18668e-06               0           
    1135481152.3         1135481375.4         3.46513e-06               0           
    1135479533.5         1135480186.3         4.25125e-06               0           
    1134922688.6         1134923226.1         3.93782e-06               0           
    1134684291.9         1134685174.9         9.52775e-06               1           
    1134168994.2         1134169883.2         5.07272e-06               0           
    1133968155.0         1133968807.8         2.96842e-06               1           
    1133906753.8         1133907955.3         3.29626e-06               1           
    1133295755.1         1133296638.1         5.66357e-06               0           
    1133193332.1         1133193981.5         3.54831e-06               1           
    1133137452.7         1133138105.8         2.83692e-06               0           
    1133036429.7         1133037311.0         2.27135e-06               1           
    1133012412.1         1133012936.9         4.05731e-06               1           
    1132789674.1         1132789949.6         2.88479e-06               1           
    1132674419.8         1132675593.2         5.52036e-06               1           
    1132462027.8         1132462845.9          5.2685e-06               1           
    1132391673.0         1132392305.7         2.98583e-06               0           
    1132241664.9         1132242653.0         4.51181e-06               0           
    1131941769.6         1131942690.1         3.04868e-06               0           
    1131799880.6         1131800849.3         5.19838e-06               1           
    1131599532.1         1131600345.7          3.1501e-06               1           
    1131301151.7         1131301864.0         2.86926e-06               1           
    1131148471.4         1131149087.6         3.42616e-06               1           
    1130898640.3         1130899580.4         2.52699e-06               0           
    1130876059.6         1130876263.7         1.62324e-06               0           
    1130781791.0         1130782589.5          1.7215e-06               1           
    1130775870.9         1130776872.4         1.79755e-06               1           
    1130680087.3         1130680855.4         1.66705e-06               0           
    1130506853.2         1130507739.4         3.25147e-06               1           
    1129986922.0         1129987827.8         1.05752e-05               1           
    1129905555.3         1129906095.7         2.61856e-05               1           
    1129858909.3         1129859688.6         2.14156e-05               1           
    1129535446.9         1129536652.0         3.34148e-06               0           
    1129370791.0         1129371417.9          3.5101e-06               1           
    1129300276.0         1129301467.4         3.52426e-06               1           
    1129117162.2         1129117994.6         2.02355e-06               1           
    1128844056.0         1128844395.1         1.40412e-06               1           
    1128837000.1         1128837734.5         8.43377e-06               1           
    1128393230.9         1128394073.1         1.33935e-06               0           
    1128042592.4         1128043441.2         4.80344e-06               1           
    1127988733.0         1127989360.5         7.32262e-06               0           
    1127880866.7         1127881710.2         6.70258e-06               1           
    1127426443.6         1127426913.4         2.52371e-06               0           
    1126911975.0         1126912875.8         2.01659e-06               1           
    1126870584.7         1126871552.2         1.94998e-06               1           
    1126804725.6         1126805352.1         1.15649e-06               1           
    1126753339.0         1126753966.2          9.998e-07                0           
    1126657701.3         1126658562.6         1.41573e-06               0           
    1126585459.1         1126586094.0         1.80983e-06               0           
    1137085555.4         1137086156.7         8.58768e-06               1           
    1137079736.0         1137080303.1         9.41638e-06               1           
    1136954173.9         1136955185.6         5.05332e-06               1           
    1136756274.0         1136757140.3          3.9746e-06               1           
    1136706777.8         1136707704.2         4.83625e-06               1           
    1136656950.9         1136657787.6         2.44199e-06               1           
    1136498873.8         1136499722.1         4.70778e-06               0           
    1136482866.5         1136483662.6         3.86908e-06               1           
    1136468032.8         1136468664.8         3.42924e-06               1           
    1136299545.8         1136300169.2          4.6689e-06               1           
    1136294961.0         1136295764.8         6.13607e-06               1           
    1135635809.0         1135636993.0         4.18071e-06               0           
    1135481151.0         1135481374.9         3.46513e-06               0           
