1126480586.4 6.1 1126481218.6 2.76648e-04 0
1126479289.9 8.3 1126479924.1 2.76354e-04 0
1126167265.6 6.7 1126167511.1 2.47928e-04 0
1126168049.4 5.2 1126168295.7 2.47510e-04 0
1133511001.9 5.2 1133511869.9 1.13838e-04 0
1126481526.8 5.3 1126482149.1 1.12458e-04 0
1132440355.1 7.6 1132440798.9 7.16816e-05 0
1126482518.0 5.0 1126483153.0 7.12525e-05 0
1126483594.4 5.1 1126484224.4 5.30595e-05 0
1129885799.6 7.5 1129886646.4 4.56591e-05 0
1133509888.4 5.5 1133510518.9 4.55620e-05 2
1126484557.5 5.2 1126485194.3 3.32655e-05 0
1131908052.8 5.1 1131908933.3 3.16632e-05 0
1131483108.0 6.7 1131483968.8 2.69704e-05 2
1129889363.0 5.1 1129890546.4 2.55810e-05 0
1126485811.1 5.1 1126486443.8 2.19813e-05 0
1126488125.7 5.2 1126488762.1 2.04620e-05 0
1134092775.8 5.6 1134093751.3 1.96244e-05 0
1126489178.6 5.1 1126489811.1 1.85818e-05 0
1129900335.8 5.1 1129901087.7 1.83962e-05 0
1129858909.3 5.0 1129859688.6 1.76562e-05 0
1129905555.3 5.0 1129906095.7 1.58437e-05 0
1131242095.5 6.9 1131242717.7 1.53307e-05 2
1133303117.1 7.1 1133304314.5 1.50592e-05 2
1130916720.8 6.8 1130917348.2 1.44431e-05 0
1130915088.4 6.2 1130915709.7 1.44266e-05 2
1127137755.5 5.7 1127138172.9 1.30626e-05 0
1126166270.5 5.6 1126166515.3 1.24528e-05 0
1135365872.5 5.1 1135366567.3 1.22963e-05 0
1135348784.8 5.2 1135349678.5 1.15280e-05 0
1131120243.1 6.5 1131120863.5 1.14240e-05 2
1131900444.9 5.1 1131901629.8 1.09349e-05 2
1135355182.0 5.2 1135356154.8 1.05289e-05 0
1126892417.1 6.6 1126893051.0 1.01404e-05 2
1131779424.3 6.5 1131780185.0 9.81165e-06 0
1133694946.2 5.2 1133695919.3 9.27802e-06 0
1133691727.4 6.9 1133692699.5 9.27037e-06 2
1127271095.8 6.3 1127271723.0 8.46199e-06 0
1132551935.3 6.7 1132552368.6 7.95772e-06 2
1135594635.1 5.8 1135594902.5 7.89302e-06 2
1126498244.8 6.7 1126498878.4 7.83730e-06 0
1126497323.9 6.5 1126497953.9 7.83026e-06 0
1131236834.8 5.6 1131237718.5 7.52298e-06 1
1131243836.3 5.1 1131244458.8 7.51184e-06 0
1131245196.9 6.9 1131245819.1 7.51164e-06 0
1135389118.9 5.8 1135390004.7 7.50374e-06 0
1131032473.4 5.2 1131033208.2 7.29423e-06 0
1131014538.6 5.5 1131015552.2 7.26885e-06 0
1131010514.3 5.7 1131011687.1 7.25876e-06 0
1131018896.3 5.1 1131019909.9 7.23218e-06 0
1131024244.8 5.2 1131025258.6 7.19234e-06 0
1129413139.6 7.1 1129413983.0 7.05989e-06 0
1131037177.8 5.2 1131038190.7 6.96682e-06 0
1131005634.4 5.7 1131006165.9 6.72181e-06 0
1135897539.1 6.7 1135898467.6 6.71757e-06 2
1133564032.1 5.7 1133564254.7 6.67158e-06 0
1126494779.0 5.2 1126495406.8 6.61918e-06 0
1131028462.4 5.1 1131029476.6 6.29760e-06 0
1131017611.6 5.7 1131018231.0 6.24224e-06 0
1135320947.0 5.6 1135321312.6 6.17083e-06 0
1126499216.0 5.5 1126499849.4 6.10525e-06 0
1129979115.4 5.4 1129980308.0 5.98773e-06 1
1126491682.5 5.0 1126492319.3 5.90335e-06 0
1135392863.0 5.0 1135393205.5 5.88992e-06 0
1137085555.4 5.0 1137086156.7 5.75872e-06 0
1137079820.5 5.2 1137080782.4 5.71428e-06 0
1137054640.7 5.2 1137054879.3 5.65679e-06 0
1137093933.8 5.1 1137095140.0 5.63976e-06 0
1136567301.0 6.2 1136568060.6 5.63926e-06 0
1129986922.0 5.0 1129987827.8 5.45979e-06 0
1129983338.3 5.3 1129984531.2 5.44753e-06 2
1131045304.4 5.6 1131046317.2 5.24098e-06 0
1131669590.5 5.8 1131669803.0 5.17434e-06 1
1136777145.3 6.1 1136777673.3 5.10354e-06 0
1136777915.1 5.1 1136778907.5 5.08262e-06 0
1134684291.9 5.0 1134685174.9 4.79806e-06 0
1126627199.6 6.0 1126627684.4 4.64933e-06 2
1132620791.5 5.1 1132621225.1 4.62155e-06 1
1134672472.5 6.1 1134673460.4 4.57954e-06 0
1137122455.8 5.4 1137122660.1 4.54379e-06 0
1129820354.7 5.8 1129821188.9 4.53400e-06 0
1131123803.9 5.0 1131124652.2 4.34410e-06 0
1130972051.4 5.2 1130973015.5 4.25722e-06 2
1131061680.7 5.1 1131062504.6 4.16235e-06 0
1127145224.7 6.6 1127146183.2 4.12876e-06 2
1128836605.3 6.0 1128837339.7 4.12815e-06 2
1131878233.7 5.0 1131879406.4 4.11780e-06 0
1131856747.9 5.1 1131857604.7 4.10639e-06 0
1130447397.8 5.5 1130448305.6 4.05950e-06 0
1131884155.0 5.0 1131884915.2 4.05513e-06 0
1131847144.0 5.2 1131848110.1 4.03994e-06 0
1128502582.4 5.5 1128503439.2 3.99289e-06 2
1130643872.2 6.5 1130644873.9 3.90732e-06 2
1132581108.3 5.1 1132581862.1 3.78570e-06 1
1130426194.5 5.8 1130426772.9 3.74582e-06 1
1132693240.0 6.2 1132693831.6 3.70962e-06 2
1131727770.7 5.9 1131728508.9 3.70266e-06 2
1136325311.4 5.3 1136325569.4 3.70226e-06 0
1131725605.7 5.0 1131726420.1 3.69686e-06 2
1130391748.5 5.3 1130392616.3 3.68012e-06 1
1131246486.0 5.1 1131247108.6 3.67219e-06 0
1131079604.7 5.3 1131080185.2 3.66151e-06 0
1127988733.0 5.0 1127989360.5 3.60497e-06 1
1130384944.5 5.4 1130385734.0 3.54405e-06 1
1132660004.2 5.6 1132660243.4 3.54186e-06 0
1132346498.5 5.6 1132346713.1 3.53367e-06 0
1130301852.8 5.3 1130302854.9 3.53107e-06 0
1132674419.8 5.0 1132675593.2 3.51688e-06 0
1131084752.7 5.3 1131085765.3 3.48750e-06 0
1132659651.3 5.0 1132660536.4 3.48101e-06 0
1131091986.6 5.5 1131092997.9 3.42349e-06 0
1134638948.5 5.2 1134639873.0 3.38719e-06 1
1132648458.6 5.4 1132649398.9 3.38529e-06 1
1126165253.6 5.3 1126165499.9 3.33187e-06 0
1127880866.7 5.0 1127881710.2 3.30279e-06 0
1134736649.3 5.0 1134737425.9 3.22567e-06 0
1137159855.0 5.1 1137160685.6 3.20312e-06 0
1128098023.8 5.9 1128098648.7 3.18555e-06 0
1130965088.8 5.0 1130966275.9 3.17190e-06 2
1133517915.3 5.4 1133518780.8 3.11041e-06 0
1134920230.5 5.1 1134921098.3 3.07720e-06 1
1134922688.6 5.0 1134923226.1 3.07579e-06 1
1127900655.5 5.4 1127901857.8 3.05865e-06 2
1127887439.1 5.8 1127888107.2 3.04701e-06 0
1132433119.3 5.5 1132433823.4 2.99881e-06 1
1135021460.1 6.2 1135022240.8 2.98565e-06 1
1127888832.8 5.9 1127889457.2 2.96747e-06 0
1134162738.8 5.2 1134163332.2 2.94855e-06 1
1135106104.2 6.3 1135106954.8 2.94258e-06 0
1126424475.7 6.3 1126425438.9 2.94045e-06 0
1136383974.1 5.4 1136384841.0 2.93738e-06 1
1134944915.5 5.3 1134945708.5 2.93179e-06 0
1129819689.0 5.2 1129819907.0 2.91237e-06 1
1131816593.3 5.6 1131817451.7 2.89225e-06 0
1137021766.0 5.6 1137022749.8 2.87950e-06 0
1137019103.5 5.1 1137019990.6 2.87230e-06 0
1134747861.8 5.7 1134748738.1 2.86176e-06 0
1132462027.8 5.0 1132462845.9 2.86035e-06 0
1135023539.7 5.1 1135024435.4 2.85593e-06 0
1134924926.9 5.8 1134925813.2 2.85560e-06 1
1136216460.1 5.0 1136217150.7 2.84313e-06 1
1134631768.0 5.2 1134632594.7 2.84025e-06 1
1126941197.5 6.0 1126941827.4 2.83992e-06 2
1129336631.5 5.4 1129337501.1 2.82967e-06 1
1129220332.5 6.0 1129221120.8 2.81806e-06 0
1127669171.2 5.4 1127669389.5 2.80935e-06 0
1134168994.2 5.0 1134169883.2 2.80864e-06 1
1133698001.2 5.2 1133698974.7 2.80829e-06 0
1136998697.7 5.2 1136998993.7 2.79772e-06 0
1127906478.7 5.1 1127907101.0 2.79470e-06 1
1127664429.3 5.7 1127665249.8 2.79191e-06 1
1129368565.8 5.7 1129369377.6 2.76208e-06 2
1134174050.5 5.1 1134174890.1 2.73207e-06 1
1126674424.5 6.1 1126675048.5 2.72122e-06 2
1126672445.2 5.0 1126673072.0 2.71682e-06 1
1132513078.6 5.7 1132514044.7 2.68070e-06 0
1132532259.8 5.1 1132533159.6 2.67602e-06 1
1132521455.5 5.4 1132522312.9 2.66767e-06 0
1136854625.0 5.1 1136855571.8 2.65078e-06 0
1128005451.4 5.3 1128005975.3 2.65064e-06 1
1127895846.2 5.0 1127896359.3 2.64414e-06 0
1127836330.3 5.2 1127837291.7 2.64393e-06 0
1127965806.5 5.5 1127966434.7 2.63025e-06 0
1129408409.1 5.6 1129409189.4 2.61020e-06 0
1135143625.0 5.1 1135144279.4 2.59719e-06 1
1135140212.2 5.4 1135141418.2 2.59236e-06 1
1132032855.2 5.1 1132033697.2 2.57874e-06 1
1132215092.8 5.0 1132215295.5 2.57382e-06 0
1136954173.9 5.0 1136955185.6 2.56667e-06 0
1131112673.4 5.1 1131113579.1 2.55857e-06 1
1137176675.4 5.8 1137177515.4 2.54974e-06 0
1136279246.5 5.0 1136280095.1 2.52987e-06 1
1126702357.9 6.2 1126702996.9 2.51673e-06 2
1136498874.7 5.0 1136499722.9 2.51462e-06 1
1130960430.5 5.5 1130961361.2 2.47935e-06 1
1130487350.5 5.8 1130487972.5 2.47641e-06 1
1126849191.9 6.1 1126849825.0 2.47274e-06 2
1136233436.8 5.2 1136234164.0 2.47154e-06 0
1131784437.8 5.1 1131785198.7 2.47084e-06 0
1130488292.3 5.3 1130488914.5 2.46330e-06 2
1135632595.9 5.4 1135633430.2 2.46096e-06 1
1132485799.0 5.0 1132486745.0 2.45698e-06 0
1136250738.0 5.6 1136251365.3 2.45516e-06 0
1135264806.1 5.3 1135265449.5 2.43781e-06 1
1133295755.1 5.0 1133296638.1 2.40850e-06 1
1137005690.7 5.2 1137006866.1 2.37162e-06 0
1135033875.2 5.8 1135034847.5 2.35031e-06 1
1132714284.8 5.6 1132715055.1 2.34137e-06 1
1136170370.0 5.0 1136170997.7 2.34128e-06 0
1128605539.9 5.0 1128606284.4 2.34024e-06 0
1137180127.2 5.2 1137181091.7 2.33583e-06 0
1131454495.4 5.1 1131455350.6 2.33135e-06 0
1135064647.0 5.1 1135065491.9 2.33030e-06 1
1131452514.0 5.4 1131453368.2 2.33011e-06 2
1131799880.6 5.0 1131800849.3 2.32651e-06 0
1131564038.4 5.7 1131564898.0 2.32163e-06 1
1129370791.0 5.0 1129371417.9 2.31740e-06 1
1133316617.7 5.3 1133317219.4 2.31234e-06 0
1134900546.8 5.0 1134901432.0 2.29034e-06 0
1130468665.3 5.2 1130469411.3 2.27371e-06 0
1131555228.3 5.3 1131556241.8 2.25827e-06 1
1135743756.7 5.7 1135744503.0 2.25446e-06 1
1136627128.6 5.9 1136628318.9 2.24470e-06 2
1134391460.2 5.3 1134392380.6 2.24062e-06 1
1135162870.0 5.2 1135163656.0 2.22329e-06 0
1134024146.1 5.4 1134025119.4 2.20488e-06 0
1129590476.0 5.1 1129590892.2 2.20220e-06 0
1134888219.0 5.0 1134888948.5 2.17487e-06 0
1131941769.6 5.0 1131942690.1 2.16209e-06 1
1126447885.6 5.0 1126448785.7 2.16090e-06 0
1126602661.7 6.2 1126603302.2 2.15822e-06 2
1136199048.9 5.1 1136199764.6 2.12878e-06 2
1135648856.9 6.3 1135649850.3 2.12873e-06 2
1132757256.3 5.4 1132758438.1 2.12301e-06 2
1136482866.5 5.0 1136483662.6 2.11709e-06 2
1134474425.3 5.4 1134475142.7 2.11610e-06 1
1128679473.0 5.1 1128680363.8 2.10876e-06 1
1132753180.3 5.2 1132754133.0 2.10459e-06 1
1136254656.4 5.0 1136255172.6 2.10337e-06 0
1133391600.9 5.0 1133392451.7 2.10140e-06 0
1136481065.8 5.0 1136481821.0 2.09909e-06 0
1134512066.2 5.1 1134512821.1 2.09906e-06 1
1134534469.8 5.0 1134534825.9 2.07972e-06 0
1129300276.0 5.0 1129301467.4 2.07191e-06 0
1137208939.4 5.2 1137209822.5 2.06778e-06 0
1135635754.3 5.0 1135636373.0 2.06713e-06 1
1135101502.0 5.8 1135102180.1 2.06182e-06 1
1132312750.6 5.0 1132313696.0 2.04236e-06 0
1132858386.5 5.8 1132858988.6 2.03310e-06 1
1126703354.8 5.6 1126703983.5 2.02962e-06 0
1136463139.4 5.6 1136463965.9 2.02954e-06 1
1136785196.7 5.1 1136785972.2 2.02776e-06 0
1126503674.7 5.2 1126504309.4 2.01232e-06 0
1134824727.8 5.2 1134825555.2 2.00629e-06 1
1128042592.4 5.0 1128043441.2 2.00351e-06 1
1134588322.5 5.8 1134588948.2 2.00121e-06 2
1130928841.2 5.7 1130929468.1 2.00116e-06 1
1130925991.8 5.3 1130926788.3 1.99244e-06 0
1133456986.3 5.6 1133457741.1 1.98947e-06 1
1130914727.3 5.3 1130915081.5 1.98700e-06 1
1132724697.1 5.6 1132725324.9 1.98376e-06 1
1131940068.8 5.1 1131940901.6 1.98253e-06 1
1128659757.8 5.2 1128660091.1 1.98169e-06 1
1128672318.6 5.6 1128673191.7 1.97406e-06 1
1128938865.1 5.4 1128939266.2 1.97111e-06 1
1132241664.9 5.0 1132242653.0 1.96664e-06 0
1126686701.6 5.4 1126687327.9 1.96638e-06 1
1132066257.3 5.1 1132067224.6 1.95341e-06 1
1129442706.2 5.3 1129443515.0 1.94782e-06 1
1136299545.8 5.0 1136300169.2 1.94448e-06 0
1126688846.5 5.7 1126689477.2 1.94063e-06 1
1130939101.7 5.0 1130939907.7 1.93391e-06 0
1136326909.4 5.4 1136328077.8 1.93245e-06 0
1135508931.7 5.1 1135509734.9 1.92228e-06 1
1135695752.6 5.8 1135696579.6 1.92176e-06 1
1136091553.4 5.3 1136092348.6 1.91787e-06 0
1136294961.0 5.0 1136295764.8 1.91698e-06 2
1136468031.3 5.0 1136468664.8 1.91603e-06 1
1132131989.1 6.1 1132132964.1 1.91515e-06 1
1134021217.0 5.1 1134022008.4 1.91060e-06 0
1137204142.4 5.3 1137205321.1 1.88689e-06 0
1135187905.2 5.0 1135188541.4 1.88302e-06 0
1133488045.5 5.4 1133488877.2 1.88124e-06 1
1129297858.6 5.8 1129298789.1 1.87888e-06 2
1133409805.2 5.3 1133410694.8 1.87885e-06 1
1132368395.3 5.4 1132369212.0 1.87473e-06 1
1129571279.1 5.3 1129572133.5 1.86932e-06 0
1135479533.5 5.0 1135480186.3 1.85497e-06 1
1137257680.8 5.3 1137258540.3 1.84850e-06 0
1134526270.3 6.0 1134527128.7 1.84748e-06 1
1134572633.0 5.5 1134573818.9 1.84291e-06 1
1131531719.4 5.2 1131532518.8 1.84180e-06 2
1133464614.0 5.0 1133465467.6 1.83286e-06 1
1128669822.8 5.2 1128670772.6 1.82968e-06 1
1136079018.5 5.1 1136079842.9 1.82033e-06 1
1136804675.0 5.8 1136805477.1 1.81669e-06 0
1127436282.3 5.0 1127436754.2 1.81669e-06 2
1134006442.4 5.3 1134007402.1 1.80287e-06 1
1127435571.5 5.4 1127436040.9 1.79837e-06 1
1136121552.6 5.3 1136121772.5 1.79546e-06 1
1136808946.5 5.5 1136809883.8 1.78112e-06 0
1136590790.6 5.2 1136591750.7 1.78087e-06 1
1133238367.8 5.4 1133239215.3 1.77947e-06 1
1133466712.5 5.4 1133467570.7 1.77600e-06 1
1131432906.1 5.0 1131433360.2 1.77304e-06 0
1131976201.7 5.2 1131976947.2 1.77102e-06 0
1136061100.0 5.0 1136062035.1 1.76705e-06 0
1132391673.0 5.0 1132392305.7 1.76632e-06 1
1129511847.3 5.3 1129512662.2 1.76596e-06 1
1128655909.3 5.0 1128656541.2 1.76573e-06 1
1128654936.2 5.6 1128655567.9 1.76263e-06 1
1136812506.2 5.6 1136813444.9 1.75378e-06 0
1134221393.0 5.2 1134222250.7 1.75026e-06 1
1131568486.3 5.1 1131569346.3 1.74757e-06 0
1135759059.5 5.2 1135759911.6 1.74709e-06 0
1127437342.4 5.1 1127437813.4 1.74218e-06 0
1130517424.7 5.2 1130518395.1 1.73695e-06 1
1130506853.2 5.0 1130507739.4 1.73203e-06 1
1133492096.7 5.2 1133492892.9 1.72552e-06 1
1129535446.9 5.0 1129536652.0 1.72253e-06 1
1136021671.0 6.0 1136022465.4 1.70917e-06 0
1131707085.6 5.0 1131708285.3 1.70528e-06 1
1131513952.5 5.3 1131514542.8 1.69877e-06 0
1126531963.0 5.9 1126532601.6 1.69293e-06 0
1132251381.7 5.7 1132252244.9 1.69077e-06 0
1129208437.0 5.0 1129209396.7 1.69043e-06 0
1129757102.3 5.0 1129757733.7 1.69018e-06 1
1127774987.6 5.4 1127775768.1 1.68640e-06 1
1135481152.3 5.0 1135481375.4 1.67168e-06 1
1132097158.4 5.1 1132098017.6 1.66935e-06 1
1135724710.3 5.0 1135725462.3 1.64745e-06 1
1136752515.8 5.2 1136753416.4 1.64743e-06 0
1129743096.4 5.5 1129743902.0 1.63878e-06 2
1130239620.4 5.2 1130240548.4 1.63861e-06 1
1131384536.1 5.2 1131385161.4 1.63562e-06 1
1131429874.2 5.6 1131430512.2 1.63430e-06 0
1136755111.5 5.1 1136755969.3 1.62797e-06 0
1134423116.6 5.4 1134423830.4 1.62696e-06 0
1136066407.2 5.9 1136067240.9 1.61505e-06 0
1128158500.7 5.1 1128158752.9 1.61190e-06 1
1129595276.6 5.6 1129596178.8 1.60543e-06 0
1126507011.3 5.1 1126507568.4 1.60237e-06 0
1133998391.9 5.5 1133999071.7 1.59881e-06 1
1136006927.2 5.2 1136007889.2 1.59253e-06 0
1136706777.8 5.0 1136707704.2 1.58766e-06 0
1129608275.1 6.0 1129609265.0 1.57855e-06 0
1133714161.7 5.0 1133715134.9 1.57572e-06 1
1130236037.8 5.1 1130237001.0 1.56232e-06 1
1131320196.2 5.8 1131321167.9 1.55860e-06 1
1132785187.3 5.4 1132786145.3 1.55758e-06 1
1133708235.0 5.4 1133709210.6 1.55234e-06 0
1133705658.4 5.4 1133706633.7 1.55113e-06 0
1134333534.1 5.3 1134334332.6 1.55045e-06 1
1129599623.3 6.2 1129600528.5 1.54328e-06 0
1136586013.3 5.3 1136586786.0 1.51699e-06 1
1131679919.2 5.1 1131680586.4 1.51083e-06 1
1131315496.5 5.2 1131316451.5 1.51081e-06 1
1133703193.1 5.3 1133703951.6 1.51080e-06 0
1133701098.8 6.1 1133701931.7 1.51000e-06 0
1126556692.5 5.0 1126557331.9 1.50962e-06 0
1132182347.7 5.8 1132182974.8 1.50841e-06 1
1127257137.3 5.2 1127257996.5 1.50679e-06 1
1131148471.4 5.0 1131149087.6 1.49498e-06 1
1131599532.1 5.0 1131600345.7 1.49072e-06 1
1133723875.3 5.0 1133724743.4 1.48935e-06 0
1135203094.3 5.2 1135204030.2 1.48444e-06 2
1133839265.8 5.1 1133840447.4 1.48349e-06 1
1136699267.8 5.1 1136700451.3 1.47881e-06 0
1126452161.1 5.3 1126453061.6 1.47651e-06 0
1126444156.1 5.2 1126445056.3 1.47378e-06 0
1134236947.2 5.0 1134237782.0 1.46893e-06 0
1127489302.8 5.9 1127489878.1 1.46642e-06 2
1129227462.2 5.1 1129228251.0 1.46576e-06 0
1131992151.2 5.1 1131992968.8 1.46297e-06 1
1133733179.2 5.3 1133734361.1 1.45144e-06 2
1127357790.7 5.5 1127358762.2 1.43832e-06 1
1133188290.1 5.1 1133189196.3 1.43497e-06 2
1129665313.0 5.0 1129666193.0 1.43056e-06 0
1129673019.8 5.8 1129673960.0 1.42707e-06 1
1134234522.1 5.1 1134235358.0 1.42706e-06 0
1135995689.6 5.8 1135996543.0 1.42505e-06 1
1126387297.9 5.0 1126387860.9 1.42193e-06 0
1127272864.6 5.4 1127273728.5 1.42096e-06 0
1132261380.1 5.1 1132262253.3 1.42060e-06 0
1126895830.5 5.5 1126896460.6 1.41335e-06 0
1126896405.0 5.0 1126897344.6 1.40998e-06 0
1130223554.3 5.0 1130224480.8 1.40746e-06 1
1136744960.9 5.1 1136745764.8 1.38802e-06 0
1127291309.0 5.0 1127292491.6 1.38577e-06 0
1130548261.0 5.1 1130549128.6 1.38184e-06 1
1133968155.0 5.0 1133968807.8 1.38114e-06 0
1131293524.3 5.3 1131294366.3 1.37491e-06 1
1132406512.8 6.0 1132407307.3 1.37382e-06 1
1133741389.8 5.5 1133742049.8 1.36227e-06 1
1136636859.5 5.2 1136637819.8 1.36071e-06 1
1132259928.5 5.1 1132260283.1 1.34826e-06 1
1126380902.8 5.0 1126381684.3 1.34685e-06 0
1133634936.4 5.0 1133635903.7 1.34144e-06 0
1133748300.7 5.2 1133749273.4 1.33940e-06 1
1131212920.1 5.3 1131213491.3 1.33931e-06 0
1131277540.9 5.5 1131278717.5 1.33548e-06 2
1129139556.9 5.6 1129140248.4 1.31388e-06 0
1128101771.9 5.7 1128102406.8 1.31386e-06 0
1127574150.9 5.0 1127574380.4 1.30846e-06 0
1127423997.0 5.0 1127424466.4 1.30770e-06 1
1133808948.9 5.0 1133809899.4 1.30630e-06 0
