    1132440670.8         1132441110.1         0.000324857               1           
    1132440355.1         1132440798.9          0.00032481               1           
    1132440355.8         1132440799.1          0.00032481               1           
    1129885799.6         1129886646.4         8.20091e-05               1           
    1133509823.6         1133510689.5         0.000218506               1           
    1133509824.5         1133510689.5         0.000218506               1           
    1133509823.0         1133510689.6         0.000218506               1           
    1133303117.1         1133304314.5         2.77631e-05               1           
    1131906681.6         1131907561.7         5.07799e-05               1           
    1133691727.4         1133692699.5         1.73611e-05               1           
    1131245196.9         1131245819.1         1.44773e-05               1           
    1131242095.5         1131242717.7         1.78423e-05               1           
    1131242095.6         1131242717.9         1.78423e-05               1           
    1133691725.5         1133692699.4         1.73611e-05               1           
    1132551935.3         1132552368.6         3.65638e-05               1           
    1131483108.0         1131483968.8         5.79465e-05               1           
    1135897539.1         1135898467.6         8.36105e-06               1           
    1136777150.6         1136777937.1         8.00202e-06               1           
    1136777150.0         1136777936.4         8.00202e-06               1           
    1127145224.7         1127146183.2         7.47641e-06               1           
    1126892417.1         1126893051.0         1.24913e-05               1           
    1131779424.3         1131780185.0         1.26165e-05               1           
    1131120243.1         1131120863.5         2.11972e-05               1           
    1130643872.2         1130644873.9         5.70324e-06               1           
    1136565504.1         1136566462.5         1.53877e-05               1           
    1136565502.9         1136566462.5         1.53877e-05               1           
    1136565502.0         1136566461.6         1.53877e-05               1           
    1135106104.2         1135106954.8         5.88594e-06               1           
    1132693240.0         1132693831.6         6.75217e-06               1           
    1126702357.9         1126702996.9         3.73402e-06               1           
    1132131989.1         1132132964.1         3.70287e-06               1           
    1128560324.2         1128561118.4         2.56058e-06               1           
    1126849191.9         1126849825.0         3.80186e-06               1           
    1134672472.5         1134673460.4         1.46292e-05               1           
    1132131990.5         1132132963.6         3.70287e-06               1           
    1136777145.3         1136777673.3         7.81452e-06               1           
    1134672473.6         1134673460.2         1.46292e-05               1           
    1129608275.1         1129609265.0          4.7909e-06               1           
    1129220332.5         1129221120.8         7.52524e-06               1           
    1128836605.3         1128837339.7         7.72794e-06               1           
    1127338852.4         1127339666.8         2.28873e-06               1           
    1126627199.6         1126627684.4         1.24665e-05               1           
    1136021671.0         1136022465.4         3.69197e-06               1           
    1129885789.0         1129886639.2         8.20091e-05               1           
    1136699779.2         1136700541.5         2.90107e-06               1           
    1135695752.6         1135696579.6         7.08219e-06               1           
    1135101502.0         1135102180.1         8.98514e-06               1           
    1135033875.2         1135034847.5          5.2604e-06               0           
    1134924926.9         1134925813.2         8.08462e-06               1           
    1134588322.5         1134588948.2         5.14559e-06               1           
    1132182347.7         1132182974.8         3.94168e-06               1           
    1132032729.5         1132033570.7         4.40115e-06               1           
    1130100417.3         1130101255.5         3.68988e-06               1           
    1129673019.8         1129673960.0         5.05927e-06               1           
    1129116806.0         1129117419.3          2.4784e-06               1           
    1127887439.1         1127888107.2         4.91782e-06               0           
    1127145433.2         1127146305.9         7.21734e-06               1           
    1137176675.4         1137177515.4         6.50773e-06               1           
    1136804675.0         1136805477.1          3.6327e-06               1           
    1135695753.7         1135696581.0         7.08219e-06               1           
    1135594635.1         1135594902.5         1.42761e-05               1           
    1134924926.5         1134925812.6         8.08462e-06               1           
    1134588322.6         1134588948.2         5.14559e-06               1           
    1136664316.7         1136665163.0         2.86853e-06               1           
    1135743756.7         1135744503.0         3.53826e-06               0           
    1135594637.5         1135594902.7         1.42761e-05               1           
    1133784331.7         1133785178.3         2.61262e-06               1           
    1132513078.6         1132514044.7         9.05872e-06               1           
    1131564038.4         1131564898.0         6.52028e-06               1           
    1131017611.6         1131018231.0         9.18965e-06               1           
    1131010514.3         1131011687.1         9.95557e-06               1           
    1131005634.4         1131006165.9         9.42397e-06               1           
    1130928841.2         1130929468.1         5.48795e-06               1           
    1130621119.0         1130622122.1         1.76446e-06               0           
    1127664429.3         1127665249.8         5.37731e-06               0           
    1126688846.5         1126689477.2         1.48472e-06               1           
    1136664316.0         1136665162.3         2.86853e-06               1           
    1136463139.4         1136463965.9         4.76943e-06               0           
    1133614584.4         1133615213.4         8.29749e-06               0           
    1132714284.8         1132715055.1         5.43835e-06               0           
    1132346498.5         1132346713.1         5.73807e-06               1           
    1131816593.3         1131817451.7         1.37409e-05               1           
    1131236834.8         1131237718.5          9.342e-06                0           
    1131014794.5         1131015414.3          8.9059e-06               1           
    1129139556.9         1129140248.4         6.56874e-06               1           
    1126703354.8         1126703983.5          3.7196e-06               1           
    1137204824.2         1137205729.1         3.79617e-06               1           
    1137021766.0         1137022749.8         6.41043e-06               1           
    1136812506.2         1136813444.9         4.08183e-06               1           
    1136804675.8         1136805477.9          3.6327e-06               1           
    1133998391.9         1133999071.7         2.81072e-06               1           
    1133741389.8         1133742049.8         3.26963e-06               1           
    1133512273.7         1133513126.9         0.000218514               1           
    1133509888.4         1133510518.9         0.000109685               1           
    1132949962.3         1132951148.1         2.65669e-06               1           
    1131277540.9         1131278717.5         3.26866e-06               0           
    1131014538.6         1131015552.2         9.17524e-06               1           
    1130776375.8         1130777273.2         5.25432e-06               1           
    1130447397.8         1130448305.6         4.76539e-06               1           
    1127326661.9         1127327563.5         2.81259e-06               1           
    1136808946.5         1136809883.8         4.15067e-06               1           
    1136021672.2         1136022466.5         3.69197e-06               1           
    1135632595.9         1135633430.2         3.62647e-06               0           
    1135140212.2         1135141418.2          7.3124e-06               0           
    1134512233.5         1134513146.8         3.38857e-06               1           
    1133238367.8         1133239215.3         3.93722e-06               0           
    1133134046.9         1133134858.1         2.71993e-06               0           
    1132785187.3         1132786145.3         3.59737e-06               1           
    1132648458.6         1132649398.9         5.73164e-06               1           
    1131452514.0         1131453368.2         6.48873e-06               1           
    1130384944.5         1130385734.0         7.89395e-06               1           
    1129979115.4         1129980308.0         9.26507e-06               0           
    1129336631.5         1129337501.1         4.65455e-06               0           
    1129149910.9         1129150798.1         4.98157e-06               1           
    1128938865.1         1128939266.2         2.77186e-06               1           
    1128220238.6         1128220664.6         2.07799e-06               0           
    1127669171.2         1127669389.5         5.06389e-06               1           
    1126885045.0         1126885675.2         3.08025e-06               0           
    1126686701.6         1126687327.9         1.41605e-06               0           
    1137122455.8         1137122660.1         6.98367e-06               1           
    1136586013.3         1136586786.0         2.81362e-06               0           
    1136121552.6         1136121772.5         4.28552e-06               1           
    1135264806.1         1135265449.5         7.49353e-06               0           
    1134333534.1         1134334332.6         3.28696e-06               1           
    1133510367.0         1133511232.1         0.000218508               1           
    1133409805.2         1133410694.8         4.55051e-06               1           
    1133191765.5         1133192655.0          6.4994e-06               1           
    1132929941.3         1132930522.4         2.90284e-06               1           
    1131555228.3         1131556241.8         6.02838e-06               1           
    1130807413.5         1130808017.5         1.82606e-06               1           
    1130644279.6         1130645282.7         5.69689e-06               1           
    1130391748.5         1130392616.3         6.61128e-06               1           
    1129983338.3         1129984531.2         1.06802e-05               1           
    1129511847.3         1129512662.2         3.90077e-06               1           
    1129442706.2         1129443515.0         3.58757e-06               0           
    1129256274.1         1129257173.0         4.50677e-06               1           
    1127693117.8         1127694302.2         2.53101e-06               1           
    1126686892.6         1126687794.4         1.47895e-06               1           
    1137257680.8         1137258540.3         6.70038e-06               1           
    1137204142.4         1137205321.1         4.04258e-06               1           
    1136121552.5         1136121772.6         4.28552e-06               1           
    1135953390.9         1135954312.7         4.25591e-06               1           
    1135759059.5         1135759911.6         3.39717e-06               1           
    1134638948.5         1134639873.0         7.47729e-06               0           
    1134162738.8         1134163332.2         5.38054e-06               1           
    1133748300.7         1133749273.4         3.72358e-06               1           
    1133511001.9         1133511869.9         0.000218519               1           
    1131384536.1         1131385161.4         4.63476e-06               0           
    1131315496.5         1131316451.5         3.09473e-06               0           
    1131032473.4         1131033208.2         1.15861e-05               1           
    1131024244.8         1131025258.6         1.18641e-05               1           
    1130972051.4         1130973015.5         9.96629e-06               1           
    1130723979.4         1130724666.9         1.16118e-06               1           
    1130517424.7         1130518395.1         3.76247e-06               0           
    1127591618.3         1127592531.2         2.74867e-06               0           
    1127257137.3         1127257996.5         2.65676e-06               0           
    1127146422.7         1127147049.8         7.29323e-06               1           
    1127145456.5         1127146109.9         7.19067e-06               1           
    1126929811.7         1126930739.8         1.98885e-06               0           
    1137208939.4         1137209822.5         3.64488e-06               1           
    1137180127.2         1137181091.7         6.56019e-06               1           
    1137079820.5         1137080782.4         1.14146e-05               1           
    1137054640.7         1137054879.3         1.34076e-05               1           
    1137005690.7         1137006866.1         5.93896e-06               1           
    1136998697.7         1136998993.7         5.65863e-06               1           
    1136752515.8         1136753416.4         1.53237e-05               1           
    1135953390.5         1135954312.7         4.25591e-06               1           
    1136079018.5         1136079842.9         5.04937e-06               1           
    1135064647.0         1135065491.9         4.38965e-06               1           
    1135023539.7         1135024435.4         6.30224e-06               1           
    1134920230.5         1134921098.3         6.05153e-06               0           
    1134512066.2         1134512821.1         3.39444e-06               1           
    1134021217.0         1134022008.4         5.79304e-06               0           
    1133839265.8         1133840447.4         3.25292e-06               1           
    1133795023.4         1133795855.8         3.21529e-06               0           
    1132620791.5         1132621225.1         7.61552e-06               1           
    1132532259.8         1132533159.6         6.25976e-06               1           
    1132261380.1         1132262253.3         3.06434e-06               0           
    1132259928.5         1132260283.1         3.48758e-06               1           
    1132097158.4         1132098017.6         4.31441e-06               1           
    1132066257.3         1132067224.6         8.13643e-06               1           
    1132032855.2         1132033697.2         4.40077e-06               1           
    1131940068.8         1131940901.6         4.04229e-06               1           
    1131908052.8         1131908933.3         5.08255e-05               1           
    1131784437.8         1131785198.7         8.98446e-06               1           
    1131679919.2         1131680586.4         3.16568e-06               1           
    1131568486.3         1131569346.3         4.75475e-06               1           
    1131454495.4         1131455350.6         6.47583e-06               0           
    1131278948.1         1131279231.0          3.3146e-06               1           
    1131246486.0         1131247108.6         7.95169e-06               1           
    1131243836.3         1131244458.8         1.67747e-05               1           
    1131242482.9         1131243105.7         1.78571e-05               1           
    1131112673.4         1131113579.1         5.33422e-06               0           
    1131028462.4         1131029476.6         1.02908e-05               1           
    1131018896.3         1131019909.9         1.19446e-05               1           
    1130548261.0         1130549128.6         2.77435e-06               1           
    1130210338.9         1130211149.0         2.30844e-06               1           
    1129900335.8         1129901087.7         3.23581e-05               1           
    1129889363.0         1129890546.4         3.43411e-05               1           
    1129590476.0         1129590892.2         4.00092e-06               0           
    1129227462.2         1129228251.0         6.46965e-06               0           
    1129220634.8         1129221423.3         7.51151e-06               1           
    1128826044.8         1128826996.7         1.56995e-06               0           
    1128497484.6         1128498314.3         2.57624e-06               0           
    1128158500.7         1128158752.9         2.09708e-06               1           
    1127906478.7         1127907101.0         5.51677e-06               1           
    1127703009.9         1127704194.2         2.32587e-06               1           
    1126658931.4         1126659889.3         2.43441e-06               0           
    1137159855.0         1137160685.6         7.85036e-06               1           
    1137093933.8         1137095140.0         1.05519e-05               1           
    1137019103.5         1137019990.6         5.91276e-06               1           
    1136854625.0         1136855571.8         5.76212e-06               1           
    1136785196.7         1136785972.2         3.77724e-06               1           
    1136777915.1         1136778907.5          7.9682e-06               1           
    1136755111.5         1136755969.3         1.53204e-05               1           
    1136744960.9         1136745764.8         6.42269e-06               1           
    1136699267.8         1136700451.3         2.96733e-06               1           
    1135143625.0         1135144279.4         7.31307e-06               0           
    1131112673.9         1131113579.1         5.33422e-06               0           
    1127316923.0         1127317708.3          3.5039e-06               1           
    1127234249.0         1127235062.7         3.94399e-06               1           
    1126569317.7         1126569954.4         2.63955e-06               0           
    1136498874.7         1136499722.9         4.68843e-06               0           
    1136468031.3         1136468664.8         4.14441e-06               1           
    1136216460.1         1136217150.7         4.88152e-06               1           
    1135635754.3         1135636373.0         3.40491e-06               0           
    1135481152.3         1135481375.4         4.03668e-06               0           
    1135479533.5         1135480186.3         4.32813e-06               0           
    1134922688.6         1134923226.1         5.38092e-06               0           
    1134684291.9         1134685174.9         1.13973e-05               1           
    1134168994.2         1134169883.2         5.50306e-06               0           
    1133968155.0         1133968807.8         7.80943e-06               1           
    1133906753.8         1133907955.3         2.86149e-06               1           
    1133295755.1         1133296638.1         6.24426e-06               0           
    1133193332.1         1133193981.5         6.46739e-06               1           
    1133137452.7         1133138105.8          2.6262e-06               0           
    1133036429.7         1133037311.0         2.63744e-06               1           
    1133012412.1         1133012936.9          8.2881e-06               1           
    1132789674.1         1132789949.6         3.13373e-06               1           
    1132674419.8         1132675593.2          1.0517e-05               1           
    1132462027.8         1132462845.9         6.45087e-06               1           
    1132391673.0         1132392305.7         3.57574e-06               0           
    1132241664.9         1132242653.0          6.5662e-06               0           
    1131941769.6         1131942690.1         4.02409e-06               0           
    1131799880.6         1131800849.3         1.03182e-05               1           
    1131599532.1         1131600345.7         3.29799e-06               1           
    1131301151.7         1131301864.0         4.09214e-06               1           
    1131148471.4         1131149087.6         3.52746e-06               1           
    1130898640.3         1130899580.4          2.3643e-06               0           
    1130876059.6         1130876263.7         2.87479e-06               0           
    1130781791.0         1130782589.5         5.27126e-06               1           
    1130775870.9         1130776872.4         5.23212e-06               1           
    1130680087.3         1130680855.4         2.33109e-06               0           
    1130506853.2         1130507739.4         3.62259e-06               1           
    1129986922.0         1129987827.8         2.32438e-05               1           
    1129905555.3         1129906095.7          2.867e-05                1           
    1129858909.3         1129859688.6         2.53474e-05               1           
    1129535446.9         1129536652.0         4.03545e-06               0           
    1129370791.0         1129371417.9         4.65751e-06               1           
    1129300276.0         1129301467.4         6.64549e-06               1           
    1129117162.2         1129117994.6         2.63868e-06               1           
    1128844056.0         1128844395.1         1.36078e-06               1           
    1128837000.1         1128837734.5          7.7186e-06               1           
    1128393230.9         1128394073.1         1.48996e-06               0           
    1128042592.4         1128043441.2         4.07981e-06               1           
    1127988733.0         1127989360.5         4.36132e-06               0           
    1127880866.7         1127881710.2         5.22777e-06               1           
    1127426443.6         1127426913.4         3.53934e-06               0           
    1126911975.0         1126912875.8         2.48281e-06               1           
    1126870584.7         1126871552.2         3.09307e-06               1           
    1126804725.6         1126805352.1         1.58132e-06               1           
    1126753339.0         1126753966.2         1.34399e-06               0           
    1126657701.3         1126658562.6         1.98642e-06               0           
    1126585459.1         1126586094.0         2.65813e-06               0           
    1137085555.4         1137086156.7         1.00628e-05               1           
    1137079736.0         1137080303.1         9.75946e-06               1           
    1136954173.9         1136955185.6         4.21243e-06               1           
    1136756274.0         1136757140.3         9.30674e-06               1           
    1136706777.8         1136707704.2         3.00012e-06               1           
    1136656950.9         1136657787.6         3.28337e-06               1           
    1136498873.8         1136499722.1         4.68843e-06               0           
    1136482866.5         1136483662.6         7.03975e-06               1           
    1136468032.8         1136468664.8         4.14441e-06               1           
    1136299545.8         1136300169.2         5.72316e-06               1           
    1136294961.0         1136295764.8         5.70716e-06               1           
    1135635809.0         1135636993.0          4.0171e-06               0           
    1135481151.0         1135481374.9         4.03668e-06               0           
