1131028462.4 1131032473.4 1128655909.3 1131091986.6 1136565504.1 1137085555.4 1127145224.7 1.13145e+09 1126703354.8 1134534469.8 1131908052.8 1131212920.1 1126479289.9 1126499216.0 1.13109e+09
1126498244.8 1131123803.9 1135594637.5 1132032855.2 1133510367.0 1128560324.2 1135392863.0 1.12648e+09 1126480163.8 1126481022.7 1126493986.1 1133733179.2 1135106104.2 1132693240.0 1.12998e+09
1128450473.7 1132032729.5 1126481526.8 1126481509.8 1126481561.8 1134922688.6 1126481898.7 1.13178e+09 1126479572.0 1128605539.9 1136294961.0 1136383974.1 1126167265.6 1134391460.2 1.13675e+09
1126480409.3 1126480586.4 1129819689.0 1134236947.2 1128497484.6 1127146422.7 1135481152.3 1.13503e+09 1133509888.4 1127271095.8 1133492096.7 1130384944.5 1132440670.8 1132440355.1 1.13647e+09
1136061100.0 1132440355.8 1126482108.5 1131242095.5 1126480738.8 1126481320.1 1126483231.5 1.12648e+09 1126481806.6 1131084751.0 1133614584.4 1126483295.9 1126481638.2 1126168049.4 1.12648e+09
1126485791.6 1127137755.5 1129885799.6 1129885789.0 1136299545.8 1126497313.3 1133509824.5 1.13351e+09 1131037177.8 1137122455.8 1131906681.6 1131148471.4 1130972051.4 1132368395.3 1.13371e+09
1128679473.0 1132462027.8 1126166270.5 1132521455.5 1127271817.5 1136777150.0 1134944917.0 1.13617e+09 1126702357.9 1136627128.4 1134168994.2 1136061393.7 1136636859.5 1130916720.8 1.13457e+09
1126447419.1 1126482181.8 1136755111.5 1134512066.2 1131079604.7 1132989991.1 1133509823.6 1.13442e+09 1126447885.6 1135953390.5 1131084752.7 1136744960.9 1134888219.0 1132513078.6 1.13111e+09
1127272864.6 1134672473.6 1131320196.2 1126941197.5 1126497747.0 1131847144.0 1133968155.0 1.13650e+09 1135143625.0 1133698656.5 1133511001.9 1131045304.4 1126497323.9 1129608275.1 1.13319e+09
1134736649.3 1136854625.0 1134588322.6 1133517915.3 1133512273.7 1134588322.5 1132346498.5 1.13341e+09 1131483108.0 1130468665.3 1126498123.6 1134221393.0 1133705658.4 1131384536.1 1.13468e+09
1133295755.1 1131315496.5 1136170370.0 1126503897.0 1126483594.4 1131024244.8 1133006930.5 1.12884e+09 1136121552.6 1126484557.5 1131112673.4 1126895830.5 1133316617.7 1134526270.3 1.13091e+09
1134234522.1 1129595276.6 1136061097.9 1131900444.4 1126497921.0 1126499548.4 1137005690.7 1.13482e+09 1129599623.3 1131599532.1 1137204142.4 1129590476.0 1134092057.6 1131900444.9 1.13401e+09
1136498873.8 1136463139.4 1135897539.1 1133391600.9 1133134046.9 1133741389.8 1129900335.8 1.13600e+09 1130928841.2 1131429874.2 1136079018.5 1131725605.7 1134924926.9 1133238367.8 1.12789e+09
1135508933.0 1136325308.3 1131799880.6 1136121552.5 1136325311.4 1135481151.0 1136954173.9 1.13666e+09 1135508931.7 1134024146.1 1133795023.4 1134631768.0 1134638948.5 1126424475.7 1.13648e+09
1127574150.9 1135355182.0 1137208939.4 1133488045.5 1131454495.4 1133748300.7 1126165253.6 1.12884e+09 1136279246.5 1137021766.0 1132985640.4 1126486229.9 1134944915.5 1129220332.5 1.13151e+09
1131669590.5 1133698001.2 1133691725.5 1136091553.4 1135648856.9 1137276264.3 1136998697.7 1.13173e+09 1133303117.1 1136567301.0 1130939101.7 1128503058.0 1131707085.6 1126627199.6 1.13657e+09
1130470520.5 1131568486.3 1136066407.2 1133784331.7 1137159855.0 1136664316.7 1126488125.7 1.13670e+09 1134924926.5 1127145433.2 1131432906.1 1129889363.0 1136699779.2 1131884155.0 1.13702e+09
1131679919.2 1137180127.2 1126444156.1 1131246486.0 1136656950.9 1133701098.8 1129408409.1 1.13391e+09 1131245196.9 1130915088.4 1132858598.6 1133466712.5 1136627220.2 1135101502.0 1.13369e+09
1136777915.1 1129571279.1 1132406512.8 1133723875.3 1136777145.3 1136777150.6 1136254656.4 1.13559e+09 1127880866.7 1134006442.4 1137079820.5 1136250738.0 1131243836.3 1126485811.1 1.12650e+09
1136482866.5 1128098023.8 1133699968.2 1131120243.1 1133024922.1 1131258410.7 1135365872.5 1.13255e+09 1135348788.6 1137093933.8 1134474425.3 1135995689.6 1131061680.7 1126499905.1 1.13442e+09
1130487350.5 1132858386.5 1133714161.7 1131816593.3 1135348784.8 1136586013.3 1128654936.2 1.13676e+09 1136636865.3 1133703193.1 1134747861.8 1137054640.7 1128669822.8 1126485274.2 1.13239e+09
1133564032.1 1135140212.2 1126498728.9 1131784437.8 1136021671.0 1135389118.9 1126602661.7 1.13309e+09 1128502582.4 1136468031.3 1136804675.0 1132433119.3 1134162738.8 1130122185.0 1.13490e+09
1129220634.8 1126494779.0 1126488148.9 1131010514.3 1130426194.5 1135264806.1 1130100417.3 1.13601e+09 1136326908.4 1134021217.0 1126896405.0 1133464614.0 1134174050.5 1126489178.6 1.13602e+09
1136808946.5 1133007278.8 1132929941.3 1130965088.8 1131018896.3 1136326909.4 1136785196.7 1.13659e+09 1136565502.0 1133839265.8 1136216460.1 1136706777.8 1136199048.9 1130960430.5 1.13051e+09
1127836330.3 1133998391.9 1131014794.5 1137079736.0 1131878233.7 1127145456.5 1127888832.8 1.13681e+09 1134672472.5 1136804675.8 1135994316.6 1136199048.4 1130517424.7 1137176675.4 1.12649e+09
1136279246.5 1127664429.3 1126497332.4 1127669171.2 1130391748.5 1135023539.7 1131564038.4 1.12649e+09 1135021460.1 1136627128.6 1128659757.8 1134512233.5 1133193332.1 1130488085.3 1.13156e+09
1133634936.4 1133012412.1 1130644279.6 1126125164.0 1131856747.9 1130447397.8 1131036439.2 1.13409e+09 1129858909.3 1133708235.0 1126849191.9 1126489282.9 1132949962.3 1135632595.9 1.13124e+09
1135635809.0 1129820354.7 1134920230.5 1132485799.0 1126892417.1 1137204824.2 1126491682.5 1.13049e+09 1128672318.6 1135064647.0 1136061394.7 1136233436.8 1135994319.9 1129413139.6 1.13381e+09
1130487879.5 1133191765.5 1133456986.3 1135953390.9 1135479533.5 1134333534.1 1131017611.6 1.13101e+09 1137257680.8 1129905555.3 1131531719.4 1131005634.4 1130643872.2 1131242482.9 1.13369e+09
5.1 5.2 5.0 5.5 6.5 5.0 6.6 5.40000e+00 5.6 5.0 5.1 5.3 8.3 5.5 5.50000e+00
6.7 5.0 5.7 5.1 5.3 6.1 5.0 5.70000e+00 5.6 5.7 5.5 5.3 6.3 6.2 5.40000e+00
5.5 5.8 5.3 5.1 5.2 5.0 5.9 6.50000e+00 6.4 5.0 5.0 5.4 6.7 5.3 5.20000e+00
5.2 6.1 5.2 5.0 5.1 5.2 5.0 5.80000e+00 5.5 6.3 5.2 5.4 7.6 7.6 5.00000e+00
5.0 7.6 5.3 6.9 7.0 5.5 5.0 5.00000e+00 5.3 5.3 5.6 5.0 5.1 5.2 6.10000e+00
5.0 5.7 7.5 5.9 5.0 6.5 7.2 7.20000e+00 5.2 5.4 7.0 5.0 5.2 5.4 5.00000e+00
5.1 5.0 5.6 5.4 5.0 6.7 5.2 5.10000e+00 6.2 5.9 5.0 5.2 5.2 6.8 5.50000e+00
6.1 5.1 5.1 5.1 5.3 5.0 7.2 5.40000e+00 5.0 5.2 5.3 5.1 5.0 5.7 5.10000e+00
5.4 6.1 5.8 6.0 5.7 5.2 5.0 5.00000e+00 5.1 5.0 5.2 5.6 6.5 6.0 5.10000e+00
5.0 5.1 5.8 5.4 5.5 5.8 5.6 5.30000e+00 6.7 5.2 5.0 5.2 5.4 5.2 5.00000e+00
5.0 5.2 5.0 5.5 5.1 5.2 5.0 5.00000e+00 5.3 5.2 5.1 5.5 5.3 6.0 5.30000e+00
5.1 5.6 5.0 5.1 5.1 5.1 5.2 5.20000e+00 6.2 5.0 5.3 5.1 5.2 5.1 5.30000e+00
5.0 5.6 6.7 5.0 5.4 5.5 5.1 5.80000e+00 5.7 5.6 5.1 5.0 5.8 5.4 5.80000e+00
5.0 5.3 5.0 5.3 5.3 5.0 5.0 5.70000e+00 5.1 5.4 5.1 5.2 5.2 6.3 5.00000e+00
5.0 5.2 5.2 5.4 5.1 5.2 5.3 6.00000e+00 5.0 5.6 5.1 5.0 5.3 6.0 5.30000e+00
5.8 5.2 6.9 5.3 6.3 5.0 5.2 5.90000e+00 7.1 6.2 5.0 5.2 5.0 6.0 6.50000e+00
5.1 5.1 5.9 5.7 5.1 5.7 5.2 5.10000e+00 5.8 5.8 5.0 5.1 5.9 5.0 5.10000e+00
5.1 5.2 5.2 5.1 5.0 6.1 5.6 5.00000e+00 6.9 6.2 5.5 5.4 5.2 5.8 5.20000e+00
5.1 5.3 6.0 5.0 6.1 6.7 5.0 5.80000e+00 5.0 5.3 5.2 5.6 5.1 5.1 5.20000e+00
5.0 5.9 5.3 6.5 5.8 5.6 5.1 6.70000e+00 5.1 5.1 5.4 5.8 5.1 5.2 6.60000e+00
5.8 5.8 5.0 5.6 5.2 5.3 5.6 5.00000e+00 5.1 5.3 5.7 5.2 5.2 5.0 5.00000e+00
5.7 5.4 5.4 5.1 6.0 5.8 6.2 5.30000e+00 5.5 5.0 5.8 5.5 5.2 5.3 5.00000e+00
5.1 5.2 5.1 5.7 5.8 5.3 5.8 5.20000e+00 5.4 5.1 5.0 5.0 5.1 5.1 5.40000e+00
5.5 5.1 5.3 5.0 5.1 5.4 5.1 5.20000e+00 6.5 5.1 5.0 5.0 5.1 5.5 5.00000e+00
5.2 5.5 5.6 5.0 5.0 5.2 5.9 5.60000e+00 6.1 5.6 5.0 5.1 5.2 5.8 5.00000e+00
5.0 5.7 6.5 5.4 5.3 5.1 5.7 5.80000e+00 6.2 5.9 5.2 5.4 5.0 5.0 5.30000e+00
5.0 5.0 5.3 5.9 5.1 5.5 6.6 5.60000e+00 5.0 5.4 6.1 6.4 5.5 5.4 6.90000e+00
5.0 5.8 5.1 5.0 6.6 5.6 5.0 5.30000e+00 5.6 5.1 5.2 5.2 5.0 7.1 5.00000e+00
5.1 5.3 5.6 5.2 5.0 5.3 5.7 5.50000e+00 5.3 5.0 5.2 5.7 6.5 5.1 6.90000e+00
1131029371.1 1131033038.4 1128656681.4 1131092891.9 1136566341.0 1137086307.5 1127146064.2 1.13145e+09 1126704125.1 1134535030.4 1131908837.3 1131213651.0 1126480063.4 1126499989.0 1.13109e+09
1126499017.8 1131124524.9 1135595129.5 1132033564.3 1133511164.4 1128561157.0 1135393428.3 1.12648e+09 1126480933.8 1126481793.0 1126494755.6 1133734385.9 1135106890.1 1132693986.0 1.12998e+09
1128451245.9 1132033437.8 1126482291.8 1126482281.2 1126482334.7 1134923295.5 1126482674.0 1.13178e+09 1126480345.0 1128606119.0 1136295884.4 1136384716.0 1126167571.6 1134392259.8 1.13675e+09
1126481177.4 1126481357.8 1129820070.9 1134237899.2 1128498241.1 1127147191.0 1135481600.2 1.13503e+09 1133510658.6 1127271863.9 1133492830.7 1130385586.9 1132441289.3 1132440977.3 1.13647e+09
1136061912.9 1132440977.4 1126482877.8 1131242861.6 1126481512.0 1126482090.2 1126484007.0 1.12648e+09 1126482581.7 1131085659.2 1133615354.4 1126484071.3 1126482409.9 1126168354.8 1.12648e+09
1126486562.8 1127137873.7 1129886582.9 1129886575.2 1136300250.8 1126498085.1 1133510622.0 1.13351e+09 1131038085.0 1137122920.8 1131907465.5 1131148875.9 1130972894.4 1132369162.1 1.13371e+09
1128680263.6 1132462711.0 1126166577.8 1132522285.1 1127272586.9 1136777788.1 1134945646.3 1.13617e+09 1126703134.4 1136628331.8 1134169779.5 1136062211.5 1136637698.3 1130917488.9 1.13457e+09
1126448216.2 1126482954.5 1136755886.0 1134512755.3 1131080341.9 1132990762.7 1133510622.0 1.13442e+09 1126448681.6 1135954191.9 1131085659.1 1136745710.5 1134888776.9 1132513923.5 1.13111e+09
1127273657.5 1134673338.2 1131321051.0 1126941966.9 1126498519.7 1131847993.4 1133968939.6 1.13650e+09 1135144379.5 1133699510.9 1133511801.7 1131046211.8 1126498094.4 1129609478.0 1.13319e+09
1134737364.7 1136855572.9 1134589089.6 1133518712.6 1133513056.0 1134589089.6 1132346900.7 1.13341e+09 1131483843.0 1130469348.7 1126498893.0 1134222170.3 1133706515.4 1131384952.2 1.13469e+09
1133296759.2 1131316330.6 1136170788.6 1126504672.5 1126484365.3 1131025153.1 1133007697.3 1.12884e+09 1136121984.1 1126485333.1 1131113475.6 1126896601.0 1133317376.6 1134527054.2 1.13092e+09
1134235475.1 1129596116.6 1136061913.4 1131901378.7 1126498694.7 1126500321.5 1137006610.0 1.13483e+09 1129600800.3 1131600295.7 1137205063.6 1129590592.3 1134092914.8 1131901378.7 1.13401e+09
1136499635.2 1136463994.9 1135898369.8 1133392366.9 1133134837.9 1133742179.5 1129901024.1 1.13600e+09 1130929609.2 1131430655.9 1136079710.9 1131726369.9 1134925934.4 1133239085.1 1.12789e+09
1135509680.6 1136325673.6 1131800728.2 1136121983.9 1136325673.8 1135481599.8 1136955067.6 1.13667e+09 1135509680.8 1134025002.7 1133795784.2 1134632549.9 1134639751.0 1126425317.6 1.13648e+09
1127574536.9 1135356035.9 1137209721.5 1133488834.1 1131455223.8 1133749155.3 1126165559.5 1.12884e+09 1136280030.7 1137022630.5 1132986422.4 1126487004.7 1134945646.2 1129221056.5 1.13151e+09
1131670064.9 1133698856.5 1133692581.1 1136092385.9 1135649815.2 1137277091.2 1136999216.1 1.13173e+09 1133304315.2 1136567913.6 1130939768.8 1128503987.9 1131708283.1 1126627858.0 1.13657e+09
1130470999.3 1131569220.4 1136067111.8 1133785294.3 1137160643.3 1136665098.6 1126488901.3 1.13670e+09 1134925933.8 1127146212.8 1131433548.2 1129890296.3 1136700474.5 1131884923.4 1.13702e+09
1131680390.7 1137180972.0 1126444935.7 1131247252.4 1136657902.9 1133701859.6 1129409291.8 1.13391e+09 1131245963.0 1130915853.6 1132859357.9 1133467480.8 1136628423.6 1135102290.7 1.13370e+09
1136778788.4 1129572006.0 1132407181.9 1133724675.7 1136777831.9 1136777788.7 1136255352.5 1.13560e+09 1127881671.1 1134007280.8 1137080665.1 1136251506.6 1131244602.8 1126486584.3 1.12650e+09
1136483650.6 1128098790.8 1133700822.6 1131120651.7 1133025650.6 1131258992.4 1135366684.3 1.13255e+09 1135349574.3 1137095137.1 1134475252.3 1135996414.4 1131062621.6 1126500677.3 1.13442e+09
1130487761.0 1132859145.7 1133715016.7 1131817383.1 1135349574.4 1136586728.4 1128655708.1 1.13676e+09 1136637697.2 1133703882.9 1134748632.8 1137055131.8 1128670743.7 1126486048.5 1.13239e+09
1133564480.9 1135141413.3 1126499498.5 1131785207.3 1136022503.2 1135389903.0 1126603439.7 1.13309e+09 1128503554.4 1136468804.7 1136805408.6 1132433936.3 1134163114.5 1130122627.3 1.13490e+09
1129221358.8 1126495547.5 1126488915.2 1131011428.8 1130426930.3 1135265535.4 1130101167.8 1.13601e+09 1136327809.6 1134021887.2 1126897230.0 1133465589.6 1134174758.4 1126489950.4 1.13602e+09
1136809864.2 1133008125.3 1132930676.9 1130966019.5 1131019804.3 1136327809.0 1136785907.6 1.13659e+09 1136566340.1 1133840194.6 1136217268.9 1136707582.1 1136199874.4 1130961240.5 1.13051e+09
1127837170.2 1133999177.6 1131015202.3 1137080464.9 1131879152.2 1127146208.0 1127889599.3 1.13681e+09 1134673338.3 1136805409.3 1135994746.2 1136199874.3 1130518278.3 1137177451.7 1.12649e+09
1136280030.0 1127665366.6 1126498104.7 1127669555.8 1130392581.7 1135024328.9 1131564772.0 1.12649e+09 1135022294.3 1136628331.9 1128660315.1 1134513066.6 1133194065.4 1130488495.7 1.13156e+09
1133635782.9 1133013108.9 1130645164.3 1126125966.6 1131857478.7 1130448184.9 1131037346.8 1.13409e+09 1129859634.0 1133709092.3 1126849964.2 1126490051.9 1132950972.4 1135633387.0 1.13124e+09
1135636812.3 1129821144.3 1134921026.8 1132486623.3 1126893190.0 1137205608.6 1126492457.4 1.13049e+09 1128673159.4 1135065411.3 1136062211.6 1136233993.1 1135994746.9 1129413901.6 1.13381e+09
1130488290.4 1133192549.5 1133457677.5 1135954191.9 1135480269.9 1134334273.8 1131018019.2 1.13102e+09 1137258474.6 1129906264.5 1131532373.0 1131006335.6 1130644755.6 1131243249.4 1.13369e+09
1131029806.2 1131033334.2 1128657194.4 1131093323.7 1136566814.7 1137086829.9 1127146537.0 1.13145e+09 1126704641.5 1134535331.1 1131909344.8 1131214174.3 1126480575.0 1126500502.0 1.13109e+09
1126499529.6 1131125066.4 1135595459.2 1132034122.8 1133511662.1 1128561635.5 1135393731.7 1.12648e+09 1126481444.4 1126482304.5 1126495267.0 1133734597.2 1135107361.1 1132694512.9 1.12998e+09
1128451755.6 1132033995.9 1126482806.1 1126482793.8 1126482847.3 1134923582.4 1126483186.7 1.13178e+09 1126480856.0 1128606407.0 1136296311.1 1136385245.2 1126167824.0 1134392746.4 1.13675e+09
1126481691.0 1126481868.0 1129820380.1 1134238307.2 1128498721.1 1127147702.1 1135481943.3 1.13504e+09 1133511167.0 1127272374.3 1133493371.5 1130386112.6 1132441798.6 1132441488.9 1.13647e+09
1136062394.4 1132441488.4 1126483393.5 1131243380.3 1126482022.5 1126482604.3 1126484520.2 1.12648e+09 1126483094.8 1131086094.2 1133615867.7 1126484584.6 1126482921.5 1126168606.8 1.12648e+09
1126487076.3 1127137966.8 1129887051.1 1129887045.9 1136300811.1 1126498597.6 1133511116.5 1.13351e+09 1131038521.0 1137123269.3 1131907972.6 1131149202.8 1130973361.3 1132369680.8 1.13371e+09
1128680767.0 1132463265.3 1126166831.0 1132522765.0 1127273099.7 1136778309.8 1134946188.4 1.13617e+09 1126703645.1 1136628543.5 1134170280.6 1136062696.7 1136638173.3 1130917999.3 1.13457e+09
1126448716.9 1126483467.8 1136756399.8 1134513233.2 1131080862.8 1132991271.9 1133511117.4 1.13442e+09 1126449182.0 1135954689.0 1131086092.7 1136746240.6 1134889075.7 1132514390.1 1.13111e+09
1127274158.6 1134673797.5 1131321495.9 1126942474.3 1126499033.3 1131848443.1 1133969441.1 1.13650e+09 1135144906.3 1133699972.9 1133512299.8 1131046647.7 1126498605.2 1129609689.8 1.13319e+09
1134737882.2 1136855985.5 1134589600.2 1133519210.0 1133513562.3 1134589600.3 1132347225.8 1.13341e+09 1131484382.6 1130469818.2 1126499405.7 1134222678.2 1133706980.0 1131385288.2 1.13469e+09
1133297137.5 1131316792.4 1136171126.5 1126505185.7 1126484878.7 1131025588.5 1133008210.4 1.12884e+09 1136122332.0 1126485846.2 1131113972.8 1126897113.5 1133317900.1 1134527562.1 1.13092e+09
1134235884.1 1129596590.7 1136062396.7 1131901795.0 1126499207.2 1126500837.4 1137007029.1 1.13483e+09 1129601014.9 1131600810.9 1137205490.1 1129590684.1 1134093379.3 1131901794.6 1.13401e+09
1136500146.4 1136464461.7 1135898840.7 1133392886.2 1133135341.4 1133742683.8 1129901497.3 1.13600e+09 1130930120.3 1131431161.3 1136080279.7 1131726884.7 1134926311.6 1133239637.8 1.12789e+09
1135510204.3 1136325969.9 1131801198.2 1136122331.8 1136325967.9 1135481943.7 1136955510.4 1.13667e+09 1135510206.2 1134025455.0 1133796305.4 1134633059.1 1134640229.3 1126425784.4 1.13648e+09
1127574849.2 1135356494.2 1137210223.0 1133489334.1 1131455768.6 1133749616.9 1126165811.7 1.12884e+09 1136280500.5 1137023092.1 1132986924.9 1126487518.3 1134946189.3 1129221603.9 1.13152e+09
1131670409.4 1133699319.3 1133693044.1 1136092863.6 1135650208.7 1137277546.1 1136999535.7 1.13173e+09 1133304524.2 1136568414.9 1130940317.6 1128504405.6 1131708495.5 1126628397.0 1.13657e+09
1130471337.1 1131569761.2 1136067644.2 1133785687.1 1137161132.4 1136665566.3 1126489414.4 1.13670e+09 1134926311.1 1127146719.9 1131434074.6 1129890714.9 1136700993.9 1131885441.1 1.13702e+09
1131680731.5 1137181443.6 1126445444.7 1131247771.4 1136658290.4 1133702382.3 1129409741.9 1.13391e+09 1131246482.2 1130916372.7 1132859881.5 1133467992.3 1136628635.4 1135102795.6 1.13370e+09
1136779217.3 1129572553.3 1132407664.5 1133725173.5 1136778303.2 1136778310.4 1136255920.6 1.13560e+09 1127882166.4 1134007756.0 1137081114.8 1136252019.5 1131245121.7 1126487098.5 1.12650e+09
1136484158.4 1128099304.0 1133701285.6 1131120981.6 1133026195.3 1131259288.6 1135367175.2 1.13255e+09 1135350075.6 1137095348.9 1134475734.2 1135996961.7 1131063026.0 1126501190.3 1.13442e+09
1130488092.3 1132859669.2 1133715478.8 1131817885.5 1135350078.8 1136587186.0 1128656221.0 1.13676e+09 1136638166.7 1133704381.2 1134749120.6 1137055467.3 1128671171.9 1126486562.0 1.13239e+09
1133564824.2 1135141625.4 1126500009.9 1131785724.5 1136022982.1 1135390406.6 1126603951.8 1.13309e+09 1128503945.3 1136469317.9 1136805949.7 1132434424.1 1134163419.0 1130122972.3 1.13490e+09
1129221906.7 1126496057.4 1126489428.7 1131011849.5 1130427450.0 1135266079.5 1130101672.3 1.13601e+09 1136328237.0 1134022437.1 1126897713.4 1133465979.5 1134175308.0 1126490460.9 1.13602e+09
1136810294.2 1133008595.9 1132931184.2 1130966442.1 1131020239.8 1136328234.8 1136786439.1 1.13659e+09 1136566814.9 1133840610.6 1136217758.4 1136708063.6 1136200357.1 1130961726.7 1.13051e+09
1127837626.4 1133999684.4 1131015531.7 1137080993.1 1131879562.8 1127146736.8 1127890112.1 1.13681e+09 1134673798.6 1136805950.5 1135995092.6 1136200356.9 1130518726.7 1137177965.1 1.12649e+09
1136280499.4 1127665768.7 1126498616.1 1127669867.1 1130393051.1 1135024833.5 1131565313.1 1.12649e+09 1135022771.5 1136628543.7 1128660620.9 1134513545.0 1133194605.6 1130488827.0 1.13156e+09
1133636253.5 1133013654.7 1130645613.1 1126126463.5 1131858017.6 1130448691.5 1131037782.6 1.13409e+09 1129860086.6 1133709556.7 1126850474.9 1126490562.3 1132951347.9 1135633886.6 1.13124e+09
1135637192.1 1129821648.6 1134921527.2 1132487083.1 1126893699.3 1137206112.4 1126492971.0 1.13049e+09 1128673630.6 1135065910.5 1136062696.0 1136234288.2 1135995091.5 1129414399.8 1.13381e+09
1130488622.0 1133193032.5 1133458151.3 1135954688.7 1135480809.0 1134334804.5 1131018348.3 1.13102e+09 1137258976.4 1129906801.7 1131532908.3 1131006870.1 1130645202.9 1131243768.3 1.13369e+09
1131035068.8 1131035521.8 1128660841.6 1131098598.9 1136571233.5 1137090286.6 1127150980.3 1.13146e+09 1126708246.6 1134537467.2 1131913113.9 1131217511.1 1126484244.4 1126504155.7 1.13110e+09
1126503193.5 1131128218.0 1135597141.5 1132037097.2 1133515599.5 1128565979.5 1135395868.7 1.12649e+09 1126485102.6 1126485955.5 1126498915.0 1133742562.1 1135111471.3 1132697901.5 1.12999e+09
1128455434.4 1132036970.2 1126486402.9 1126486440.1 1126486503.7 1134926026.3 1126486854.9 1.13178e+09 1126484527.0 1128608709.8 1136301750.4 1136388594.4 1126168550.4 1134396801.7 1.13676e+09
1126485311.6 1126485536.3 1129821466.0 1134244116.1 1128502561.4 1127151344.4 1135483389.2 1.13504e+09 1133514844.7 1127276022.9 1133496590.0 1130388621.5 1132444628.1 1132444339.1 1.13647e+09
1136066583.9 1132444337.5 1126487000.1 1131246942.7 1126485698.9 1126486230.8 1126488184.9 1.12649e+09 1126486757.8 1131091354.6 1133619500.7 1126488248.0 1126486579.9 1126169330.8 1.12648e+09
1126490713.8 1127138207.9 1129891168.8 1129891160.2 1136303756.0 1126502248.0 1133515086.2 1.13352e+09 1131043763.8 1137124748.3 1131911741.5 1131150394.6 1130977886.8 1132373247.2 1.13372e+09
1128684610.3 1132466153.5 1126167562.5 1132527074.6 1127276734.6 1136780787.8 1134949374.6 1.13617e+09 1126707339.2 1136636275.5 1134174114.6 1136066879.8 1136642590.5 1130921647.7 1.13458e+09
1126452624.1 1126487116.0 1136760053.0 1134516675.5 1131084251.9 1132994951.7 1133515083.5 1.13443e+09 1126453084.9 1135958655.6 1131091356.7 1136749619.2 1134891212.2 1132518931.3 1.13112e+09
1127278037.7 1134678535.2 1131326309.9 1126946155.9 1126502678.8 1131853175.1 1133973268.3 1.13650e+09 1135148337.9 1133704619.4 1133516247.7 1131051893.4 1126502264.3 1129617391.0 1.13319e+09
1134741181.5 1136861721.8 1134593240.1 1133523150.8 1133517330.8 1134593239.7 1132348400.1 1.13341e+09 1131487614.7 1130473288.4 1126503041.8 1134226403.2 1133711616.9 1131386531.1 1.13469e+09
1133303565.7 1131321307.7 1136172371.3 1126508851.4 1126488515.4 1131030845.8 1133011826.8 1.12884e+09 1136123622.4 1126489512.2 1131117942.8 1126900756.4 1133321383.3 1134531322.9 1.13092e+09
1134241688.7 1129601025.3 1136066585.5 1131907410.4 1126502869.1 1126504462.9 1137012517.6 1.13483e+09 1129607709.2 1131604390.8 1137210918.4 1129590921.1 1134098018.5 1131907410.3 1.13401e+09
1136503749.2 1136469066.8 1135903245.6 1133396442.7 1133139186.0 1133746513.2 1129904969.5 1.13600e+09 1130933762.2 1131434933.6 1136083088.3 1131730472.4 1134932769.9 1133242689.9 1.12789e+09
1135513626.1 1136326954.2 1131805721.9 1136123621.6 1136326957.6 1135483388.9 1136960599.6 1.13667e+09 1135513623.7 1134030209.4 1133799818.0 1134636798.0 1134644380.6 1126430304.3 1.13649e+09
1127575936.9 1135361174.4 1137214034.7 1133493198.3 1131458931.0 1133754268.5 1126166537.7 1.12884e+09 1136284609.7 1137027805.1 1132990726.0 1126491175.3 1134949374.9 1129224726.0 1.13152e+09
1131671943.7 1133703963.1 1133697689.5 1136097215.2 1135656083.3 1137282079.1 1137001378.3 1.13173e+09 1133312192.5 1136570899.0 1130943058.2 1128509978.4 1131715921.4 1126630970.6 1.13657e+09
1130472925.5 1131572979.4 1136070782.0 1133791611.7 1137165093.0 1136669680.2 1126493080.5 1.13671e+09 1134932767.7 1127150465.6 1131436647.6 1129896299.2 1136704175.1 1131889025.9 1.13702e+09
1131682276.8 1137185932.7 1126449171.4 1131251332.5 1136664189.1 1133705882.4 1129414688.0 1.13392e+09 1131250040.2 1130919927.3 1132863364.3 1133471632.1 1136636370.1 1135106613.1 1.13370e+09
1136784307.5 1129575689.3 1132410957.7 1133729128.3 1136781779.2 1136780788.4 1136258772.4 1.13560e+09 1127886168.5 1134012168.2 1137085815.0 1136255649.1 1131248684.2 1126490740.3 1.12651e+09
1136487922.0 1128102921.4 1133705922.9 1131122169.1 1133029357.8 1131261547.7 1135371265.9 1.13256e+09 1135353910.6 1137103078.7 1134480008.8 1136000087.5 1131068798.1 1126504839.3 1.13442e+09
1130489286.1 1132863154.0 1133720129.0 1131821734.0 1135353906.5 1136590948.7 1128659868.6 1.13676e+09 1136642594.8 1133707680.3 1134752984.5 1137057112.0 1128676581.4 1126490216.5 1.13240e+09
1133566272.0 1135149229.6 1126503658.1 1131789318.4 1136027319.2 1135394210.2 1126607640.9 1.13309e+09 1128509981.3 1136472970.5 1136809163.5 1132438576.8 1134164479.6 1130124387.8 1.13491e+09
1129225025.3 1126499712.6 1126493040.2 1131017292.1 1130430841.2 1135269250.2 1130105267.1 1.13601e+09 1136333527.7 1134025097.4 1126901960.9 1133472058.6 1134178340.7 1126494130.2 1.13603e+09
1136815665.6 1133013105.9 1132934671.3 1130971970.7 1131025493.1 1136333528.8 1136789614.4 1.13660e+09 1136571230.1 1133846191.7 1136221844.4 1136712195.7 1136204613.0 1130965851.9 1.13051e+09
1127842233.9 1134003467.7 1131016716.7 1137084282.5 1131885126.6 1127150135.8 1127893729.8 1.13682e+09 1134678534.6 1136809164.2 1135996382.8 1136204616.9 1130523500.1 1137181632.5 1.12649e+09
1136284608.2 1127671539.8 1126502279.6 1127670965.4 1130397488.1 1135028656.8 1131568527.1 1.12649e+09 1135027137.2 1136636271.7 1128662708.3 1134517891.8 1133197826.4 1130490017.8 1.13156e+09
1133640763.3 1133016662.1 1130650584.3 1126130439.7 1131861235.9 1130452484.5 1131043032.4 1.13410e+09 1129863952.2 1133714196.7 1126854144.9 1126494215.7 1132957838.1 1135637770.2 1.13125e+09
1135643600.0 1129825477.0 1134925431.4 1132491552.6 1126897386.1 1137209916.6 1126496628.4 1.13049e+09 1128678099.5 1135069633.4 1136066882.4 1136236439.0 1135996383.3 1129418117.4 1.13381e+09
1130489814.9 1133197022.2 1133461635.6 1135958656.6 1135484051.9 1134338131.2 1131019535.8 1.13102e+09 1137262853.5 1129909926.8 1131535472.6 1131009976.4 1130650181.8 1131247330.8 1.13370e+09
1131032237.5 1131034215.3 1128658727.7 1131095765.0 1136568778.0 1137088258.9 1127148513.6 1.13146e+09 1126706150.1 1134536182.6 1131910944.8 1131215543.5 1126482121.0 1126502038.6 1.13110e+09
1126501072.6 1131126326.3 1135596068.3 1132035279.2 1133513357.0 1128563555.8 1135394580.6 1.12648e+09 1126482986.0 1126483841.4 1126496802.6 1133738540.8 1135109171.1 1132695903.7 1.12998e+09
1128453308.3 1132035152.7 1126484313.1 1126484327.1 1126484385.7 1134924595.9 1126484730.8 1.13178e+09 1126482403.4 1128607351.3 1136298840.6 1136386614.3 1126167999.8 1134394512.5 1.13676e+09
1126483210.6 1126483415.0 1129820704.4 1134241043.7 1128500385.6 1127149235.1 1135482430.5 1.13504e+09 1133512720.6 1127273911.3 1133494664.3 1130387045.6 1132442932.1 1132442631.7 1.13647e+09
1136064233.7 1132442631.1 1126484903.7 1131244865.3 1126483573.2 1126484126.2 1126486062.0 1.12649e+09 1126484635.9 1131088524.5 1133617393.7 1126486125.7 1126484462.0 1126168781.7 1.12648e+09
1126488604.3 1127138014.0 1129888867.7 1129888858.3 1136301951.6 1126500133.1 1133512831.2 1.13351e+09 1131040941.3 1137123765.8 1131909573.0 1131149570.4 1130975385.9 1132371167.8 1.13372e+09
1128682408.6 1132464385.3 1126167008.8 1132524666.4 1127274627.3 1136779228.8 1134947464.2 1.13617e+09 1126705204.3 1136632355.3 1134171920.1 1136064528.6 1136640134.3 1130919536.2 1.13458e+09
1126450393.4 1126485001.4 1136757935.2 1134514700.1 1131082260.2 1132992825.7 1133512829.2 1.13443e+09 1126450856.6 1135956399.1 1131088526.4 1136747622.8 1134889929.4 1132516423.0 1.13112e+09
1127275820.7 1134675937.4 1131323689.7 1126944030.9 1126500565.2 1131850590.4 1133971076.9 1.13650e+09 1135146318.1 1133702063.9 1133513999.5 1131049069.6 1126500147.0 1129613484.2 1.13319e+09
1134739239.1 1136858680.3 1134591132.6 1133520907.0 1133515163.5 1134591132.3 1132347585.1 1.13341e+09 1131485683.2 1130471307.0 1126500934.0 1134224256.0 1133709063.3 1131385676.1 1.13469e+09
1133300218.3 1131318817.2 1136171513.6 1126506728.0 1126486406.4 1131028016.8 1133009728.4 1.12884e+09 1136122735.3 1126487388.7 1131115684.5 1126898645.3 1133319340.9 1134529157.5 1.13092e+09
1134238617.3 1129598561.5 1136064233.7 1131904425.0 1126500748.5 1126502356.6 1137009591.8 1.13483e+09 1129604243.8 1131602308.5 1137208014.4 1129590730.3 1134095463.9 1131904425.1 1.13401e+09
1136501659.7 1136466526.5 1135900800.0 1133394367.7 1133136983.5 1133744317.5 1129902983.6 1.13600e+09 1130931653.2 1131432765.3 1136081344.1 1131728386.7 1134929408.6 1133240837.6 1.12789e+09
1135511614.8 1136326248.8 1131803218.5 1136122734.9 1136326252.1 1135482429.8 1136957845.7 1.13667e+09 1135511612.9 1134027610.9 1133797763.2 1134634642.3 1134642052.6 1126427806.3 1.13648e+09
1127575171.5 1135358606.2 1137211851.0 1133490990.0 1131457030.0 1133751710.9 1126165987.3 1.12884e+09 1136282311.2 1137025216.9 1132988546.4 1126489055.8 1134947463.7 1129222843.0 1.13152e+09
1131670935.2 1133701408.0 1133695133.5 1136094788.7 1135652986.3 1137279587.1 1137000229.5 1.13173e+09 1133308303.0 1136569357.0 1130941362.5 1128507012.5 1131712134.6 1126629354.5 1.13657e+09
1130471894.8 1131571053.8 1136068907.1 1133788491.7 1137162848.1 1136667381.5 1126490957.0 1.13670e+09 1134929407.2 1127148308.8 1131435044.1 1129893326.5 1136702291.2 1131886938.4 1.13702e+09
1131681266.4 1137183444.6 1126447022.0 1131249255.4 1136661087.0 1133703832.3 1129411997.0 1.13391e+09 1131247964.5 1130917853.5 1132861321.9 1133469523.7 1136632448.7 1135104422.6 1.13370e+09
1136781567.9 1129573799.2 1132409052.8 1133726877.0 1136779793.2 1136779229.3 1136257008.4 1.13560e+09 1127883896.3 1134009714.3 1137083245.9 1136253544.3 1131246606.5 1126488627.8 1.12651e+09
1136485755.3 1128100822.4 1133703370.9 1131121343.7 1133027456.8 1131260203.3 1135368954.4 1.13255e+09 1135351715.4 1137099159.4 1134477615.9 1135998202.7 1131065747.8 1126502724.6 1.13442e+09
1130488456.6 1132861110.8 1133717571.6 1131819530.9 1135351711.5 1136588833.5 1128657754.7 1.13676e+09 1136640139.3 1133705757.2 1134750789.1 1137056052.9 1128673684.9 1126488098.4 1.13239e+09
1133565312.1 1135145365.0 1126501545.6 1131787226.7 1136024898.5 1135392028.2 1126605506.9 1.13309e+09 1128506810.3 1136470853.7 1136807239.9 1132436237.9 1134163733.6 1130123443.8 1.13490e+09
1129223143.6 1126497598.2 1126490943.9 1131014387.3 1130428849.7 1135267345.6 1130103188.6 1.13601e+09 1136330690.9 1134023434.4 1126899579.8 1133468868.0 1134176502.0 1126492008.1 1.13602e+09
1136812785.9 1133010608.6 1132932644.2 1130969021.3 1131022665.9 1136330691.9 1136787721.1 1.13659e+09 1136568775.2 1133843223.4 1136219536.9 1136709873.7 1136202228.4 1130963528.5 1.13051e+09
1127839703.8 1134001292.4 1131015892.9 1137082334.0 1131882172.5 1127148130.4 1127891631.1 1.13682e+09 1134675936.5 1136807240.6 1135995497.3 1136202230.4 1130520896.4 1137179508.0 1.12649e+09
1136282310.3 1127668492.5 1126500159.4 1127670196.4 1130395028.2 1135026463.8 1131566603.4 1.12649e+09 1135024704.2 1136632353.2 1128661443.8 1134515466.8 1133195900.3 1130489189.6 1.13156e+09
1133638266.0 1133014840.7 1130647882.3 1126128178.7 1131859312.5 1130450304.5 1131040206.7 1.13410e+09 1129861790.9 1133711641.7 1126852022.2 1126492101.6 1132954462.7 1135635552.6 1.13124e+09
1135640261.0 1129823281.7 1134923202.5 1132489086.8 1126895256.5 1137207734.1 1126494508.7 1.13049e+09 1128675622.0 1135067496.4 1136064530.5 1136235152.4 1135995499.0 1129415984.1 1.13381e+09
1130488985.4 1133194769.3 1133459643.1 1135956399.9 1135482115.4 1134336161.0 1131018711.1 1.13102e+09 1137260636.6 1129908053.3 1131533864.1 1131008115.5 1130647477.7 1131245253.1 1.13370e+09
1131031104.9 1131033692.8 1128657882.2 1131094631.5 1136567795.8 1137087447.9 1127147527.0 1.13145e+09 1126705311.5 1134535668.7 1131910077.2 1131214756.5 1126481271.7 1126501191.8 1.13109e+09
1126500224.3 1131125569.6 1135595639.1 1132034552.0 1133512460.0 1128562586.3 1135394065.3 1.12648e+09 1126482139.3 1126482995.8 1126495957.7 1133736932.3 1135108251.0 1132695104.6 1.12998e+09
1128452457.9 1132034425.8 1126483477.2 1126483481.9 1126483538.5 1134924023.7 1126483881.1 1.13178e+09 1126481554.0 1128606807.9 1136297676.7 1136385822.3 1126167779.5 1134393596.8 1.13675e+09
1126482370.2 1126482566.4 1129820399.8 1134239814.8 1128499515.3 1127148391.4 1135482047.1 1.13504e+09 1133511870.9 1127273066.7 1133493894.0 1130386415.3 1132442253.7 1132441948.7 1.13647e+09
1136063293.6 1132441948.5 1126484065.2 1131244034.4 1126482722.9 1126483284.4 1126485212.9 1.12648e+09 1126483787.1 1131087392.4 1133616550.9 1126485276.7 1126483614.9 1126168562.0 1.12648e+09
1126487760.5 1127137936.5 1129887947.3 1129887937.5 1136301229.9 1126499287.2 1133511929.2 1.13351e+09 1131039812.2 1137123372.8 1131908705.5 1131149240.7 1130974385.6 1132370336.0 1.13371e+09
1128681527.9 1132463678.1 1126166787.3 1132523703.1 1127273784.3 1136778605.1 1134946700.1 1.13617e+09 1126704350.4 1136630787.2 1134171042.4 1136063588.2 1136639151.9 1130918691.6 1.13458e+09
1126449501.1 1126484155.5 1136757088.1 1134513909.9 1131081463.6 1132991975.3 1133511927.5 1.13442e+09 1126449965.3 1135955496.5 1131087394.3 1136746824.2 1134889416.2 1132515419.7 1.13111e+09
1127274933.8 1134674898.2 1131322641.7 1126943180.9 1126499719.7 1131849556.4 1133970200.3 1.13650e+09 1135145510.2 1133701041.7 1133513100.2 1131047940.0 1126499300.0 1129611921.5 1.13319e+09
1134738462.2 1136857463.7 1134590289.6 1133520009.5 1133514296.6 1134590289.4 1132347259.1 1.13341e+09 1131484910.7 1130470514.5 1126500090.8 1134223397.1 1133708041.8 1131385334.1 1.13469e+09
1133298879.3 1131317821.0 1136171170.5 1126505878.7 1126485562.8 1131026885.2 1133008889.0 1.12884e+09 1136122380.5 1126486539.3 1131114781.1 1126897800.9 1133318523.9 1134528291.4 1.13092e+09
1134237388.7 1129597576.0 1136063292.9 1131903230.8 1126499900.3 1126501514.2 1137008421.5 1.13483e+09 1129602857.7 1131601475.6 1137206852.8 1129590654.0 1134094442.0 1131903231.1 1.13401e+09
1136500823.9 1136465510.4 1135899821.7 1133393537.6 1133136102.5 1133743439.2 1129902189.3 1.13600e+09 1130930809.6 1131431897.9 1136080646.4 1131727552.4 1134928064.1 1133240096.6 1.12789e+09
1135510810.2 1136325966.7 1131802217.1 1136122380.2 1136325969.9 1135482046.2 1136956744.2 1.13667e+09 1135510808.5 1134026571.5 1133796941.3 1134633780.0 1134641121.3 1126426807.1 1.13648e+09
1127574865.3 1135357579.0 1137210977.5 1133490106.6 1131456269.6 1133750687.8 1126165767.2 1.12884e+09 1136281391.8 1137024181.7 1132987674.6 1126488208.0 1134946699.3 1129222089.9 1.13152e+09
1131670531.8 1133700386.0 1133694111.1 1136093818.1 1135651747.5 1137278590.2 1136999769.9 1.13173e+09 1133306747.3 1136568740.2 1130940684.3 1128505826.2 1131710619.9 1126628708.0 1.13657e+09
1130471482.5 1131570283.6 1136068157.1 1133787243.7 1137161950.2 1136666462.1 1126490107.6 1.13670e+09 1134928063.0 1127147446.1 1131434402.7 1129892137.5 1136701537.6 1131886103.3 1.13702e+09
1131680862.2 1137182449.4 1126446162.2 1131248424.6 1136659846.2 1133703012.2 1129410920.6 1.13391e+09 1131247134.2 1130917023.9 1132860504.9 1133468680.3 1136630880.2 1135103546.4 1.13370e+09
1136780472.1 1129573043.2 1132408290.8 1133725976.5 1136778998.8 1136778605.7 1136256302.8 1.13560e+09 1127882987.4 1134008732.7 1137082218.3 1136252702.4 1131245775.4 1126487782.8 1.12651e+09
1136484888.7 1128099982.8 1133702350.1 1131121013.5 1133026696.4 1131259665.5 1135368029.9 1.13255e+09 1135350837.4 1137097591.8 1134476658.7 1135997448.8 1131064527.6 1126501878.8 1.13442e+09
1130488124.8 1132860293.5 1133716548.6 1131818649.6 1135350833.5 1136587987.5 1128656909.1 1.13676e+09 1136639157.1 1133704988.0 1134749910.9 1137055629.2 1128672526.2 1126487251.1 1.13239e+09
1133564928.1 1135143819.2 1126500700.6 1131786390.0 1136023930.3 1135391155.4 1126604653.4 1.13309e+09 1128505542.0 1136470007.0 1136806470.4 1132435302.3 1134163435.1 1130123066.1 1.13490e+09
1129222391.0 1126496752.4 1126490105.4 1131013225.4 1130428053.2 1135266583.8 1130102357.3 1.13601e+09 1136329556.1 1134022769.2 1126898627.3 1133467591.8 1134175766.6 1126491159.2 1.13602e+09
1136811634.1 1133009609.7 1132931833.3 1130967841.6 1131021535.0 1136329557.2 1136786963.8 1.13659e+09 1136567793.3 1133842036.2 1136218613.8 1136708945.0 1136201274.5 1130962599.1 1.13051e+09
1127838691.8 1134000422.2 1131015563.4 1137081554.6 1131880990.9 1127147328.2 1127890791.6 1.13681e+09 1134674897.3 1136806471.2 1135995143.1 1136201275.8 1130519854.9 1137178658.2 1.12649e+09
1136281391.2 1127667273.5 1126499311.3 1127669888.9 1130394044.3 1135025586.5 1131565833.9 1.12649e+09 1135023731.0 1136630785.8 1128660938.0 1134514496.8 1133195129.8 1130488858.3 1.13156e+09
1133637267.2 1133014112.1 1130646801.5 1126127274.3 1131858543.1 1130449432.4 1131039076.5 1.13410e+09 1129860926.5 1133710619.7 1126851173.1 1126491256.0 1132953112.6 1135634665.6 1.13124e+09
1135638925.4 1129822403.6 1134922310.9 1132488100.4 1126894404.7 1137206861.2 1126493660.9 1.13049e+09 1128674631.0 1135066641.6 1136063589.7 1136234637.7 1135995145.3 1129415130.7 1.13381e+09
1130488653.7 1133193868.2 1133458846.1 1135955497.2 1135481340.8 1134335372.9 1131018381.3 1.13102e+09 1137259749.9 1129907303.9 1131533220.7 1131007371.2 1130646396.0 1131244422.1 1.13369e+09
0.0 0.0 0.0 0.0 0.0 0.0 0.0 6.94800e-07 0.0 0.0 0.0 0.0 0.0 0.0 4.93396e-07
0.0 0.0 0.0 0.0 0.0 0.0 0.0 1.06720e-06 0.0 0.0 0.0 0.0 0.0 0.0 2.43275e-07
0.0 0.0 0.0 0.0 0.0 0.0 0.0 6.87207e-06 0.0 0.0 0.0 0.0 0.0 0.0 3.19620e-07
0.0 0.0 0.0 0.0 0.0 0.0 0.0 5.97084e-07 0.0 0.0 0.0 0.0 0.0 0.0 1.61438e-07
0.0 0.0 0.0 0.0 0.0 0.0 0.0 2.07645e-07 0.0 0.0 0.0 0.0 0.0 0.0 2.91066e-06
0.0 0.0 0.0 0.0 0.0 0.0 0.0 2.29874e-05 0.0 0.0 0.0 0.0 0.0 0.0 1.10860e-07
0.0 0.0 0.0 0.0 0.0 0.0 0.0 7.15693e-07 0.0 0.0 0.0 0.0 0.0 0.0 3.89854e-07
0.0 0.0 0.0 0.0 0.0 0.0 0.0 1.60622e-08 0.0 0.0 0.0 0.0 0.0 0.0 2.44341e-07
0.0 0.0 0.0 0.0 0.0 0.0 0.0 8.72056e-08 0.0 0.0 0.0 0.0 0.0 0.0 2.17883e-07
0.0 0.0 0.0 0.0 0.0 0.0 0.0 4.46614e-07 0.0 0.0 0.0 0.0 0.0 0.0 1.00296e-07
0.0 0.0 0.0 0.0 0.0 0.0 0.0 5.03546e-07 0.0 0.0 0.0 0.0 0.0 0.0 9.33438e-07
0.0 0.0 0.0 0.0 0.0 0.0 0.0 3.55185e-07 0.0 0.0 0.0 0.0 0.0 0.0 5.74292e-07
0.0 0.0 0.0 0.0 0.0 0.0 0.0 1.93920e-06 0.0 0.0 0.0 0.0 0.0 0.0 1.44964e-06
0.0 0.0 0.0 0.0 0.0 0.0 0.0 2.29317e-07 0.0 0.0 0.0 0.0 0.0 0.0 2.49740e-11
0.0 0.0 0.0 0.0 0.0 0.0 0.0 4.62514e-06 0.0 0.0 0.0 0.0 0.0 0.0 5.53236e-07
0.0 0.0 0.0 0.0 0.0 0.0 0.0 3.24192e-06 0.0 0.0 0.0 0.0 0.0 0.0 5.62460e-06
0.0 0.0 0.0 0.0 0.0 0.0 0.0 1.39237e-07 0.0 0.0 0.0 0.0 0.0 0.0 2.60723e-07
0.0 0.0 0.0 0.0 0.0 0.0 0.0 5.14760e-08 0.0 0.0 0.0 0.0 0.0 0.0 2.14398e-07
0.0 0.0 0.0 0.0 0.0 0.0 0.0 3.64435e-06 0.0 0.0 0.0 0.0 0.0 0.0 3.71284e-07
0.0 0.0 0.0 0.0 0.0 0.0 0.0 3.56093e-06 0.0 0.0 0.0 0.0 0.0 0.0 1.81399e-05
0.0 0.0 0.0 0.0 0.0 0.0 0.0 1.76401e-07 0.0 0.0 0.0 0.0 0.0 0.0 1.31350e-07
0.0 0.0 0.0 0.0 0.0 0.0 0.0 2.74157e-07 0.0 0.0 0.0 0.0 0.0 0.0 1.33999e-07
0.0 0.0 0.0 0.0 0.0 0.0 0.0 5.78807e-08 0.0 0.0 0.0 0.0 0.0 0.0 4.96979e-07
0.0 0.0 0.0 0.0 0.0 0.0 0.0 1.23629e-08 0.0 0.0 0.0 0.0 0.0 0.0 9.33779e-08
0.0 0.0 0.0 0.0 0.0 0.0 0.0 7.05569e-07 0.0 0.0 0.0 0.0 0.0 0.0 2.06302e-07
0.0 0.0 0.0 0.0 0.0 0.0 0.0 1.59976e-06 0.0 0.0 0.0 0.0 0.0 0.0 2.86004e-07
0.0 0.0 0.0 0.0 0.0 0.0 0.0 7.56228e-07 0.0 0.0 0.0 0.0 0.0 0.0 1.47390e-05
0.0 0.0 0.0 0.0 0.0 0.0 0.0 1.88806e-06 0.0 0.0 0.0 0.0 0.0 0.0 3.06063e-09
0.0 0.0 0.0 0.0 0.0 0.0 0.0 5.04400e-07 0.0 0.0 0.0 0.0 0.0 0.0 1.11685e-05
1131029300.0 1131033000.0 1128656600.0 1131092800.0 1136566300.0 1137086300.0 1127146000.0 1.13145e+09 1126704100.0 1134535000.0 1131908800.0 1131213600.0 1126480000.0 1126499900.0 1.13109e+09
1126499000.0 1131124500.0 1135595100.0 1132033500.0 1133511100.0 1128561100.0 1135393400.0 1.12648e+09 1126480900.0 1126481700.0 1126494700.0 1133734300.0 1135106800.0 1132693900.0 1.12998e+09
1128451200.0 1132033400.0 1126482200.0 1126482200.0 1126482300.0 1134923200.0 1126482600.0 1.13178e+09 1126480300.0 1128606100.0 1136295800.0 1136384700.0 1126167500.0 1134392200.0 1.13675e+09
1126481100.0 1126481300.0 1129820000.0 1134237800.0 1128498200.0 1127147100.0 1135481600.0 1.13503e+09 1133510600.0 1127271800.0 1133492800.0 1130385500.0 1132441200.0 1132440900.0 1.13647e+09
1136061900.0 1132440900.0 1126482800.0 1131242800.0 1126481500.0 1126482000.0 1126484000.0 1.12648e+09 1126482500.0 1131085600.0 1133615300.0 1126484000.0 1126482400.0 1126168300.0 1.12648e+09
1126486500.0 1127137800.0 1129886500.0 1129886500.0 1136300200.0 1126498000.0 1133510600.0 1.13351e+09 1131038000.0 1137122900.0 1131907400.0 1131148800.0 1130972800.0 1132369100.0 1.13371e+09
1128680200.0 1132462700.0 1126166500.0 1132522200.0 1127272500.0 1136777700.0 1134945600.0 1.13617e+09 1126703100.0 1136628300.0 1134169700.0 1136062200.0 1136637600.0 1130917400.0 1.13457e+09
1126448200.0 1126482900.0 1136755800.0 1134512700.0 1131080300.0 1132990700.0 1133510600.0 1.13442e+09 1126448600.0 1135954100.0 1131085600.0 1136745700.0 1134888700.0 1132513900.0 1.13111e+09
1127273600.0 1134673300.0 1131321000.0 1126941900.0 1126498500.0 1131847900.0 1133968900.0 1.13650e+09 1135144300.0 1133699500.0 1133511800.0 1131046200.0 1126498000.0 1129609400.0 1.13319e+09
1134737300.0 1136855500.0 1134589000.0 1133518700.0 1133513000.0 1134589000.0 1132346900.0 1.13341e+09 1131483800.0 1130469300.0 1126498800.0 1134222100.0 1133706500.0 1131384900.0 1.13468e+09
1133296700.0 1131316300.0 1136170700.0 1126504600.0 1126484300.0 1131025100.0 1133007600.0 1.12884e+09 1136121900.0 1126485300.0 1131113400.0 1126896600.0 1133317300.0 1134527000.0 1.13092e+09
1134235400.0 1129596100.0 1136061900.0 1131901300.0 1126498600.0 1126500300.0 1137006600.0 1.13483e+09 1129600800.0 1131600200.0 1137205000.0 1129590500.0 1134092900.0 1131901300.0 1.13401e+09
1136499600.0 1136463900.0 1135898300.0 1133392300.0 1133134800.0 1133742100.0 1129901000.0 1.13600e+09 1130929600.0 1131430600.0 1136079700.0 1131726300.0 1134925900.0 1133239000.0 1.12789e+09
1135509600.0 1136325600.0 1131800700.0 1136121900.0 1136325600.0 1135481500.0 1136955000.0 1.13666e+09 1135509600.0 1134025000.0 1133795700.0 1134632500.0 1134639700.0 1126425300.0 1.13648e+09
1127574500.0 1135356000.0 1137209700.0 1133488800.0 1131455200.0 1133749100.0 1126165500.0 1.12884e+09 1136280000.0 1137022600.0 1132986400.0 1126487000.0 1134945600.0 1129221000.0 1.13151e+09
1131670000.0 1133698800.0 1133692500.0 1136092300.0 1135649800.0 1137277000.0 1136999200.0 1.13173e+09 1133304300.0 1136567900.0 1130939700.0 1128503900.0 1131708200.0 1126627800.0 1.13657e+09
1130470900.0 1131569200.0 1136067100.0 1133785200.0 1137160600.0 1136665000.0 1126488900.0 1.13670e+09 1134925900.0 1127146200.0 1131433500.0 1129890200.0 1136700400.0 1131884900.0 1.13702e+09
1131680300.0 1137180900.0 1126444900.0 1131247200.0 1136657900.0 1133701800.0 1129409200.0 1.13391e+09 1131245900.0 1130915800.0 1132859300.0 1133467400.0 1136628400.0 1135102200.0 1.13370e+09
1136778700.0 1129572000.0 1132407100.0 1133724600.0 1136777800.0 1136777700.0 1136255300.0 1.13560e+09 1127881600.0 1134007200.0 1137080600.0 1136251500.0 1131244600.0 1126486500.0 1.12650e+09
1136483600.0 1128098700.0 1133700800.0 1131120600.0 1133025600.0 1131258900.0 1135366600.0 1.13255e+09 1135349500.0 1137095100.0 1134475200.0 1135996400.0 1131062600.0 1126500600.0 1.13442e+09
1130487700.0 1132859100.0 1133715000.0 1131817300.0 1135349500.0 1136586700.0 1128655700.0 1.13676e+09 1136637600.0 1133703800.0 1134748600.0 1137055100.0 1128670700.0 1126486000.0 1.13239e+09
1133564400.0 1135141400.0 1126499400.0 1131785200.0 1136022500.0 1135389900.0 1126603400.0 1.13309e+09 1128503500.0 1136468800.0 1136805400.0 1132433900.0 1134163100.0 1130122600.0 1.13490e+09
1129221300.0 1126495500.0 1126488900.0 1131011400.0 1130426900.0 1135265500.0 1130101100.0 1.13601e+09 1136327800.0 1134021800.0 1126897200.0 1133465500.0 1134174700.0 1126489900.0 1.13602e+09
1136809800.0 1133008100.0 1132930600.0 1130966000.0 1131019800.0 1136327800.0 1136785900.0 1.13659e+09 1136566300.0 1133840100.0 1136217200.0 1136707500.0 1136199800.0 1130961200.0 1.13051e+09
1127837100.0 1133999100.0 1131015200.0 1137080400.0 1131879100.0 1127146200.0 1127889500.0 1.13681e+09 1134673300.0 1136805400.0 1135994700.0 1136199800.0 1130518200.0 1137177400.0 1.12649e+09
1136280000.0 1127665300.0 1126498100.0 1127669500.0 1130392500.0 1135024300.0 1131564700.0 1.12649e+09 1135022200.0 1136628300.0 1128660300.0 1134513000.0 1133194000.0 1130488400.0 1.13156e+09
1133635700.0 1133013100.0 1130645100.0 1126125900.0 1131857400.0 1130448100.0 1131037300.0 1.13409e+09 1129859600.0 1133709000.0 1126849900.0 1126490000.0 1132950900.0 1135633300.0 1.13124e+09
1135636800.0 1129821100.0 1134921000.0 1132486600.0 1126893100.0 1137205600.0 1126492400.0 1.13049e+09 1128673100.0 1135065400.0 1136062200.0 1136233900.0 1135994700.0 1129413900.0 1.13381e+09
1130488200.0 1133192500.0 1133457600.0 1135954100.0 1135480200.0 1134334200.0 1131018000.0 1.13102e+09 1137258400.0 1129906200.0 1131532300.0 1131006300.0 1130644700.0 1131243200.0 1.13369e+09
1131035100.0 1131035600.0 1128660900.0 1131098600.0 1136571300.0 1137090300.0 1127151000.0 1.13146e+09 1126708300.0 1134537500.0 1131913200.0 1131217600.0 1126484300.0 1126504200.0 1.13110e+09
1126503200.0 1131128300.0 1135597200.0 1132037100.0 1133515600.0 1128566000.0 1135395900.0 1.12649e+09 1126485200.0 1126486000.0 1126499000.0 1133742600.0 1135111500.0 1132698000.0 1.12999e+09
1128455500.0 1132037000.0 1126486500.0 1126486500.0 1126486600.0 1134926100.0 1126486900.0 1.13178e+09 1126484600.0 1128608800.0 1136301800.0 1136388600.0 1126168600.0 1134396900.0 1.13676e+09
1126485400.0 1126485600.0 1129821500.0 1134244200.0 1128502600.0 1127151400.0 1135483400.0 1.13504e+09 1133514900.0 1127276100.0 1133496600.0 1130388700.0 1132444700.0 1132444400.0 1.13647e+09
1136066600.0 1132444400.0 1126487100.0 1131247000.0 1126485700.0 1126486300.0 1126488200.0 1.12649e+09 1126486800.0 1131091400.0 1133619600.0 1126488300.0 1126486600.0 1126169400.0 1.12648e+09
1126490800.0 1127138300.0 1129891200.0 1129891200.0 1136303800.0 1126502300.0 1133515100.0 1.13352e+09 1131043800.0 1137124800.0 1131911800.0 1131150400.0 1130977900.0 1132373300.0 1.13372e+09
1128684700.0 1132466200.0 1126167600.0 1132527100.0 1127276800.0 1136780800.0 1134949400.0 1.13617e+09 1126707400.0 1136636300.0 1134174200.0 1136066900.0 1136642600.0 1130921700.0 1.13458e+09
1126452700.0 1126487200.0 1136760100.0 1134516700.0 1131084300.0 1132995000.0 1133515100.0 1.13443e+09 1126453100.0 1135958700.0 1131091400.0 1136749700.0 1134891300.0 1132519000.0 1.13112e+09
1127278100.0 1134678600.0 1131326400.0 1126946200.0 1126502700.0 1131853200.0 1133973300.0 1.13650e+09 1135148400.0 1133704700.0 1133516300.0 1131051900.0 1126502300.0 1129617400.0 1.13319e+09
1134741200.0 1136861800.0 1134593300.0 1133523200.0 1133517400.0 1134593300.0 1132348500.0 1.13342e+09 1131487700.0 1130473300.0 1126503100.0 1134226500.0 1133711700.0 1131386600.0 1.13469e+09
1133303600.0 1131321400.0 1136172400.0 1126508900.0 1126488600.0 1131030900.0 1133011900.0 1.12884e+09 1136123700.0 1126489600.0 1131118000.0 1126900800.0 1133321400.0 1134531400.0 1.13092e+09
1134241700.0 1129601100.0 1136066600.0 1131907500.0 1126502900.0 1126504500.0 1137012600.0 1.13483e+09 1129607800.0 1131604400.0 1137211000.0 1129591000.0 1134098100.0 1131907500.0 1.13401e+09
1136503800.0 1136469100.0 1135903300.0 1133396500.0 1133139200.0 1133746600.0 1129905000.0 1.13600e+09 1130933800.0 1131435000.0 1136083100.0 1131730500.0 1134932800.0 1133242700.0 1.12789e+09
1135513700.0 1136327000.0 1131805800.0 1136123700.0 1136327000.0 1135483400.0 1136960600.0 1.13667e+09 1135513700.0 1134030300.0 1133799900.0 1134636800.0 1134644400.0 1126430400.0 1.13649e+09
1127576000.0 1135361200.0 1137214100.0 1133493200.0 1131459000.0 1133754300.0 1126166600.0 1.12884e+09 1136284700.0 1137027900.0 1132990800.0 1126491200.0 1134949400.0 1129224800.0 1.13152e+09
1131672000.0 1133704000.0 1133697700.0 1136097300.0 1135656100.0 1137282100.0 1137001400.0 1.13173e+09 1133312200.0 1136570900.0 1130943100.0 1128510000.0 1131716000.0 1126631000.0 1.13657e+09
1130473000.0 1131573000.0 1136070800.0 1133791700.0 1137165100.0 1136669700.0 1126493100.0 1.13671e+09 1134932800.0 1127150500.0 1131436700.0 1129896300.0 1136704200.0 1131889100.0 1.13702e+09
1131682300.0 1137186000.0 1126449200.0 1131251400.0 1136664200.0 1133705900.0 1129414700.0 1.13392e+09 1131250100.0 1130920000.0 1132863400.0 1133471700.0 1136636400.0 1135106700.0 1.13370e+09
1136784400.0 1129575700.0 1132411000.0 1133729200.0 1136781800.0 1136780800.0 1136258800.0 1.13560e+09 1127886200.0 1134012200.0 1137085900.0 1136255700.0 1131248700.0 1126490800.0 1.12651e+09
1136488000.0 1128103000.0 1133706000.0 1131122200.0 1133029400.0 1131261600.0 1135371300.0 1.13256e+09 1135354000.0 1137103100.0 1134480100.0 1136000100.0 1131068800.0 1126504900.0 1.13442e+09
1130489300.0 1132863200.0 1133720200.0 1131821800.0 1135354000.0 1136591000.0 1128659900.0 1.13676e+09 1136642600.0 1133707700.0 1134753000.0 1137057200.0 1128676600.0 1126490300.0 1.13240e+09
1133566300.0 1135149300.0 1126503700.0 1131789400.0 1136027400.0 1135394300.0 1126607700.0 1.13309e+09 1128510000.0 1136473000.0 1136809200.0 1132438600.0 1134164500.0 1130124400.0 1.13491e+09
1129225100.0 1126499800.0 1126493100.0 1131017300.0 1130430900.0 1135269300.0 1130105300.0 1.13601e+09 1136333600.0 1134025100.0 1126902000.0 1133472100.0 1134178400.0 1126494200.0 1.13603e+09
1136815700.0 1133013200.0 1132934700.0 1130972000.0 1131025500.0 1136333600.0 1136789700.0 1.13660e+09 1136571300.0 1133846200.0 1136221900.0 1136712200.0 1136204700.0 1130965900.0 1.13051e+09
1127842300.0 1134003500.0 1131016800.0 1137084300.0 1131885200.0 1127150200.0 1127893800.0 1.13682e+09 1134678600.0 1136809200.0 1135996400.0 1136204700.0 1130523600.0 1137181700.0 1.12649e+09
1136284700.0 1127671600.0 1126502300.0 1127671000.0 1130397500.0 1135028700.0 1131568600.0 1.12649e+09 1135027200.0 1136636300.0 1128662800.0 1134517900.0 1133197900.0 1130490100.0 1.13156e+09
1133640800.0 1133016700.0 1130650600.0 1126130500.0 1131861300.0 1130452500.0 1131043100.0 1.13410e+09 1129864000.0 1133714200.0 1126854200.0 1126494300.0 1132957900.0 1135637800.0 1.13125e+09
1135643600.0 1129825500.0 1134925500.0 1132491600.0 1126897400.0 1137210000.0 1126496700.0 1.13049e+09 1128678100.0 1135069700.0 1136066900.0 1136236500.0 1135996400.0 1129418200.0 1.13382e+09
1130489900.0 1133197100.0 1133461700.0 1135958700.0 1135484100.0 1134338200.0 1131019600.0 1.13102e+09 1137262900.0 1129910000.0 1131535500.0 1131010000.0 1130650200.0 1131247400.0 1.13370e+09
6.7 48.4 -31.2 6.4 3.9 -26.4 -0.6 1.73000e+01 -30.5 2.1 -9.0 -22.2 -31.6 -31.4 6.40000e+00
-31.5 18.0 11.2 26.3 38.7 -54.5 6.9 -3.16000e+01 -31.1 -31.2 -31.0 -37.7 36.5 -24.8 -1.66000e+01
-31.7 26.4 -30.0 -31.1 -31.4 45.1 -31.8 3.87000e+01 -31.6 46.7 -30.8 27.7 24.9 17.8 3.27000e+01
-30.2 -31.6 18.3 -56.4 -19.1 -30.7 14.2 -7.20000e+00 -31.4 -30.8 -17.7 41.6 -10.0 -10.5 -3.13000e+01
10.1 -10.5 -30.5 -29.5 -31.6 -30.7 -31.7 -3.14000e+01 -31.8 6.5 -30.8 -31.7 -31.4 25.0 -3.18000e+01
-30.9 50.8 36.5 36.5 -29.1 -31.4 38.2 3.82000e+01 6.9 17.1 -8.9 51.4 1.6 -24.8 -4.00000e+00
34.3 31.4 24.8 31.9 -30.7 42.0 -17.3 5.18000e+01 -32.3 -31.3 -5.4 10.1 3.7 -30.9 -8.40000e+00
-6.0 -31.0 42.2 -17.1 -23.6 -31.6 38.3 4.80000e+01 -6.0 19.1 6.5 -21.5 49.3 1.4 -7.00000e+00
-21.0 3.6 -7.2 -31.4 -31.2 -6.5 -35.0 -1.16000e+01 -36.5 -4.1 38.5 7.0 -31.1 -45.8 2.26000e+01
-18.2 -62.2 -30.6 38.6 41.7 -30.6 17.0 -7.20000e+00 31.0 -18.2 -30.8 -15.6 -4.1 51.5 -6.30000e+00
-54.0 1.6 51.5 -31.8 -30.9 6.8 -30.3 4.90000e+01 15.4 -31.8 -7.0 -31.0 -23.5 -18.4 8.50000e+00
-56.4 29.6 10.1 -6.3 -31.5 -31.0 -0.5 -2.83000e+01 -54.2 -24.8 2.1 50.8 -4.1 -6.3 4.67000e+01
-11.6 -57.7 24.8 43.9 39.3 -35.9 -18.0 3.06000e+01 -30.7 -29.9 41.3 -24.8 -54.2 21.5 -3.75000e+01
-22.0 18.8 1.5 15.4 18.8 14.1 -10.0 3.66000e+01 -21.9 -6.9 -17.0 -28.3 12.9 1.9 -2.08000e+01
17.8 -3.8 -6.8 -30.1 17.3 -4.2 24.9 4.89000e+01 36.6 -3.9 41.4 -31.7 -17.3 -16.2 7.20000e+00
17.8 -4.1 -4.1 -54.5 -50.6 1.4 8.9 4.83000e+01 -47.6 44.5 35.9 -8.0 -26.5 15.3 3.90000e+00
11.9 31.3 22.0 -58.9 -31.3 36.6 -31.7 4.00000e-01 -54.2 -10.2 -8.5 -1.5 -15.2 38.8 -8.50000e+00
52.1 -0.3 24.3 -29.5 -59.2 -16.7 -57.4 -4.76000e+01 -29.5 -29.5 -23.5 -10.6 -31.4 -40.7 -4.30000e+00
-8.6 17.9 18.8 38.4 -19.8 42.0 -13.3 1.12000e+01 -33.0 3.5 -5.4 -30.7 -29.5 -31.1 -3.14000e+01
39.6 -30.3 -4.1 51.6 -14.9 -9.1 -0.5 -9.20000e+00 -5.2 -38.0 -1.3 30.6 -56.0 -31.3 1.58000e+01
51.6 -23.6 -4.1 40.4 -5.2 -23.1 -31.2 3.87000e+01 3.7 -15.2 -4.4 19.7 11.9 -31.4 -3.18000e+01
14.2 -42.0 -30.9 38.6 -54.3 -6.3 -32.4 -6.20000e+00 -60.7 -31.3 -15.6 -0.1 52.8 51.8 -6.90000e+00
-16.1 -30.9 -30.5 0.8 -23.2 -33.0 -11.0 -6.00000e+00 -9.4 55.0 -2.6 -48.2 25.7 -31.6 -5.43000e+01
-53.3 1.0 -24.3 -10.2 6.8 -9.4 -16.2 -7.00000e+00 3.9 -5.0 -41.7 12.2 -1.0 16.5 3.21000e+01
1.3 -41.1 51.5 -21.3 -4.7 -36.2 -30.3 9.70000e+00 3.6 -15.6 15.4 -1.1 -7.0 -21.4 -3.19000e+01
36.6 -56.2 -31.4 18.0 -39.4 -3.7 31.4 -3.17000e+01 -55.8 -31.3 7.5 29.4 -34.0 51.6 6.80000e+00
1.0 -16.4 -8.2 -32.6 31.4 22.8 6.8 -4.10000e+00 -25.2 -4.1 -31.6 -31.1 -8.8 -30.4 -2.95000e+01
-7.2 -29.3 -21.0 4.2 -31.7 22.9 -32.0 5.16000e+01 -40.6 -15.3 10.1 49.4 15.5 -14.9 -5.40000e+00
51.6 -5.7 -18.2 19.2 -34.4 -19.6 51.5 6.90000e+00 -22.9 -18.0 37.9 -17.3 -8.3 -29.6 -4.10000e+00
94.4 154.8 -71.8 94.8 126.9 -70.9 131.3 1.47200e+02 -72.2 -84.4 158.5 -68.7 -71.7 -72.0 9.48000e+01
-71.8 147.0 -86.6 142.7 72.8 -135.7 -76.7 -7.17000e+01 -71.4 -71.8 -71.5 51.3 71.1 -70.6 6.65000e+01
-71.7 142.6 -71.8 -71.7 -71.9 -28.0 -72.0 2.06000e+01 -71.7 152.5 -13.8 129.7 -109.6 120.6 9.16000e+01
-71.2 -71.9 -101.6 -25.7 169.5 -71.4 -91.1 1.29000e+02 -71.3 -71.3 -174.4 142.0 -71.0 -70.9 -7.18000e+01
126.3 -71.0 -72.1 -72.0 -71.4 -71.8 -72.0 -7.18000e+01 -72.2 94.9 -71.8 -72.1 -71.8 -109.7 -7.17000e+01
-71.7 -130.2 70.4 70.7 -111.8 -72.2 72.8 7.28000e+01 94.8 -84.6 158.4 -172.9 126.6 -175.6 1.29500e+02
98.2 140.1 -109.5 49.5 -71.6 142.8 -173.7 -1.75400e+02 -72.1 58.2 153.1 126.2 127.0 -71.5 1.07000e+02
151.5 -71.5 84.3 -179.0 -69.0 -71.5 72.8 1.46900e+02 151.6 121.1 94.9 -174.0 155.6 126.3 1.50800e+02
169.0 117.6 128.9 -71.3 -71.9 130.3 -71.9 1.66400e+02 -99.5 129.6 73.3 94.5 -71.3 37.2 1.21400e+02
-174.9 155.8 -71.3 73.2 74.6 -71.3 -98.9 1.55000e+02 128.9 -177.8 -71.7 167.3 129.6 -175.1 1.54700e+02
-2.4 127.3 -175.3 -72.1 -71.7 94.5 -71.6 1.56200e+02 -95.2 -72.1 150.8 -71.8 -64.6 169.4 -7.14000e+01
-25.8 70.3 126.2 103.7 -71.7 -72.1 99.3 -1.76400e+02 6.2 -175.8 96.7 -130.0 129.5 103.7 1.52600e+02
166.4 -147.9 93.7 85.3 40.3 -73.3 -178.4 1.32700e+02 -71.4 -64.5 129.0 -176.0 -1.4 145.7 -7.37000e+01
-174.5 -107.2 126.5 -95.2 -107.1 -91.1 123.6 7.10000e+01 -174.5 129.9 175.3 -176.3 124.4 126.4 -1.78400e+02
-102.3 128.4 155.2 -177.6 147.2 129.5 -109.7 1.56200e+02 70.9 127.2 73.3 -72.2 -173.7 -173.3 -3.43000e+01
-81.8 129.6 129.5 -136.8 139.4 127.3 -84.2 1.54200e+02 85.1 141.1 140.0 107.4 67.8 -46.0 1.26900e+02
-88.9 128.9 143.7 -23.9 -178.7 71.0 -71.9 9.23000e+01 -1.5 160.5 -75.9 97.1 -174.9 20.6 1.56500e+02
173.6 129.5 121.8 -72.1 -25.8 175.2 -65.9 8.52000e+01 -72.1 -72.3 -64.6 164.1 58.1 -86.4 1.29700e+02
122.9 147.2 145.3 72.9 -63.3 142.8 -70.7 -8.66000e+01 -178.3 127.4 130.2 -71.7 -71.9 -71.8 -7.20000e+01
34.3 -71.5 129.7 -173.1 -176.6 -108.6 -20.0 -7.13000e+01 152.8 77.9 -15.8 132.8 -27.3 -71.9 -9.36000e+01
-173.3 -64.7 129.5 73.2 152.8 179.1 -71.8 7.32000e+01 127.1 -177.8 152.0 -76.1 57.8 -71.9 -7.22000e+01
-90.9 84.5 -71.4 20.6 -136.3 154.8 -72.2 1.54700e+02 -20.8 -71.8 -177.2 -17.8 -167.9 178.5 1.55100e+02
-173.3 -71.3 -72.1 98.9 -68.4 -108.8 166.4 1.30600e+02 117.7 111.6 138.7 -10.1 141.9 -71.8 -1.36100e+02
159.8 127.5 -67.2 111.2 94.6 117.7 -174.1 1.28000e+02 126.9 103.0 -74.1 125.6 -16.0 119.8 6.96000e+01
125.0 -90.1 -172.9 -68.8 103.6 -101.0 -71.6 1.26300e+02 117.6 -177.2 -95.4 -16.0 129.7 176.1 -7.21000e+01
71.0 -27.7 -71.7 -101.3 175.9 151.3 128.8 -7.20000e+01 -123.1 58.1 -77.5 81.7 -109.3 -173.2 9.45000e+01
127.5 -71.1 124.9 -178.0 129.0 121.7 94.6 1.29500e+02 178.7 129.5 -71.7 -71.7 67.7 -178.0 -7.20000e+01
67.8 -177.8 168.3 125.8 -71.4 121.3 -72.9 -1.73300e+02 176.3 167.6 126.2 155.3 -95.2 167.3 1.29400e+02
-173.3 149.8 -178.7 121.0 -109.4 -174.9 -173.0 9.45000e+01 171.5 -69.5 143.9 -69.4 124.9 -72.1 1.29500e+02
13212740.0 6096695.0 9864565.0 13224660.0 11458850.0 9462391.0 11511130.0 8.87009e+06 9783671.0 5994812.0 10122140.0 9181916.0 9909068.0 9879356.0 1.32222e+07
9897493.0 8828193.0 5007973.0 8484045.0 10465000.0 11310570.0 6011445.0 9.90933e+06 9877715.0 9865679.0 9857922.0 18765730.0 10734300.0 9322897.0 1.66268e+07
9921439.0 8481342.0 9752162.0 9860627.0 9883898.0 6675535.0 9912395.0 9.76067e+06 9909940.0 6339831.0 13578730.0 9240562.0 2569759.0 10683090.0 1.06817e+07
9804458.0 9899803.0 3554145.0 14337710.0 10153560.0 9843416.0 4473728.0 1.22212e+07 9912561.0 9854196.0 8986772.0 7354019.0 7914603.0 7968143.0 9.88176e+06
10967920.0 7963373.0 9783159.0 9694506.0 9920125.0 9821286.0 9906751.0 9.88836e+06 9902459.0 13207330.0 9832560.0 9904102.0 9883423.0 2562815.0 9.92266e+06
9844279.0 904880.1 10738530.0 10742440.0 8420377.0 9869224.0 10523250.0 1.05247e+07 13172000.0 4585166.0 10119740.0 3846484.0 11670840.0 9703806.0 1.19193e+07
10274800.0 8251357.0 2584039.0 11238120.0 9834214.0 7275694.0 8915223.0 4.00172e+06 9962451.0 18294060.0 10240760.0 10972130.0 11461980.0 9853684.0 1.38915e+07
10409950.0 9868358.0 9882985.0 9218542.0 9294412.0 9921084.0 10519680.0 6.60485e+06 10398650.0 10530120.0 13207970.0 9316577.0 5986431.0 11705320.0 1.05395e+07
10346190.0 12123130.0 12227320.0 9916754.0 9863626.0 12062320.0 10226560.0 9.75510e+06 9425854.0 11925800.0 10491720.0 13178010.0 9880923.0 18231790.0 1.02027e+07
9064323.0 14193650.0 9835035.0 10471040.0 10114170.0 9834336.0 3803147.0 1.02370e+07 9013333.0 9246169.0 9836421.0 10020480.0 11916890.0 3989964.0 1.01878e+07
15621310.0 11622360.0 4002527.0 9908776.0 9842002.0 13202050.0 9792455.0 5.97155e+06 4139517.0 9909412.0 10538740.0 9851749.0 9531209.0 10105060.0 6.22045e+06
14333080.0 11497380.0 10975330.0 13932030.0 9896293.0 9828977.0 13653970.0 1.00750e+07 16171660.0 9717331.0 13551980.0 890266.1 11921910.0 13930790.0 6.33570e+06
9750800.0 11854920.0 11412990.0 9683528.0 10278220.0 10246760.0 9267532.0 8.80250e+06 9842023.0 10118850.0 8139775.0 9733493.0 15685910.0 8644086.0 1.03803e+07
9386233.0 3291780.0 11682610.0 4138302.0 3292397.0 4475672.0 12851280.0 1.07250e+07 9384106.0 12126610.0 9589257.0 10059940.0 10864110.0 11657180.0 9.51612e+06
3571864.0 11984890.0 10190690.0 10305720.0 8871254.0 11935590.0 2568218.0 5.97738e+06 10726310.0 12078170.0 10171190.0 9890784.0 8918955.0 8786864.0 9.07439e+06
4706372.0 11923810.0 11927970.0 11323550.0 14452770.0 11629530.0 5361029.0 6.13204e+06 18150740.0 7196065.0 7912901.0 13840750.0 17671460.0 7542006.0 1.14564e+07
4809982.0 8986161.0 8749664.0 14559910.0 10475860.0 10727010.0 9909634.0 1.39379e+07 15682510.0 10064820.0 7482819.0 13872220.0 8791919.0 9741933.0 1.02311e+07
4715273.0 11611050.0 10030480.0 9692954.0 14476450.0 9567181.0 12557890.0 1.81452e+07 9686536.0 9677763.0 9531372.0 9839292.0 18299700.0 10222170.0 1.19296e+07
12784840.0 8820372.0 8889856.0 10505970.0 9267814.0 7275463.0 8232023.0 5.01092e+06 10603570.0 11451720.0 11989090.0 9822137.0 9695765.0 9858518.0 9.87778e+06
10110890.0 9795174.0 11909310.0 3852122.0 8871344.0 6273995.0 10786890.0 7.81934e+06 10243940.0 18289810.0 11167110.0 8795844.0 14234850.0 9868374.0 4.18030e+06
3871092.0 9535036.0 11934770.0 10281520.0 10243390.0 9870808.0 9864880.0 1.04619e+07 11458960.0 8974342.0 10245290.0 4942507.0 13517270.0 9884490.0 9.90875e+06
4479869.0 18034700.0 9858331.0 9761131.0 11296350.0 10182500.0 9958245.0 1.01850e+07 14797730.0 9878413.0 8977082.0 10914950.0 3481544.0 4405662.0 1.02069e+07
8781032.0 9867192.0 9782717.0 13555610.0 9293388.0 8888180.0 9699544.0 1.19993e+07 13238520.0 7760671.0 11111750.0 14889280.0 8580418.0 9903189.0 1.12999e+07
13438180.0 11654050.0 9459877.0 13763720.0 13193560.0 13238750.0 8835401.0 1.22786e+07 11456300.0 13851770.0 10768680.0 10835690.0 11128330.0 10842760.0 1.12362e+07
11807120.0 10151740.0 3844581.0 9093075.0 13785770.0 9358456.0 9793989.0 1.10037e+07 12124080.0 8976882.0 4132461.0 11136950.0 12150820.0 9914048.0 9.92144e+06
10723570.0 14220960.0 9894302.0 3588389.0 11479260.0 10234280.0 8977374.0 9.90762e+06 11354120.0 18286180.0 5901121.0 11316430.0 8988723.0 3864958.0 1.31932e+07
11653680.0 8500027.0 12609350.0 10551420.0 8976102.0 10173480.0 13186490.0 1.19213e+07 10085680.0 11923380.0 9906000.0 9865596.0 15751570.0 10348670.0 9.69564e+06
15581960.0 10244690.0 10401770.0 11507300.0 9938141.0 10184650.0 9891711.0 3.86739e+06 11561850.0 9972881.0 10975470.0 6004339.0 4126675.0 9955734.0 1.20421e+07
3870680.0 10513350.0 9298623.0 10531410.0 9036821.0 9194158.0 3848352.0 1.31880e+07 10345280.0 8742967.0 7506387.0 8683999.0 12619260.0 9695780.0 1.19312e+07
1131029778.3 1131034701.9 1128660350.8 1131095268.6 1136568648.4 1137087879.6 1127148125.7 1.13146e+09 1126705636.8 1134537085.1 1131909561.8 1131213714.9 1126482615.5 1126501146.0 1.13110e+09
1126501146.0 1131125141.6 1135596690.2 1132035366.8 1133513357.4 1128563534.1 1135395708.5 1.12648e+09 1126482615.5 1126482615.5 1126498119.3 1133736455.5 1135107757.9 1132694000.2 1.12998e+09
1128453413.8 1132035366.8 1126482615.5 1126482615.5 1126482615.5 1134924710.5 1126482615.5 1.13178e+09 1126482615.5 1128608525.9 1136298059.7 1136388174.6 1126168262.3 1134395205.5 1.13675e+09
1126482615.5 1126482615.5 1129821450.2 1134237887.7 1128500370.3 1127148125.7 1135483358.5 1.13504e+09 1133513357.4 1127271864.0 1133493609.3 1130388016.6 1132441799.2 1132441799.2 1.13647e+09
1136064166.7 1132441799.2 1126482835.3 1131245443.8 1126482615.5 1126482615.5 1126484161.5 1.12648e+09 1126482615.5 1131087791.6 1133617986.3 1126484161.5 1126482615.5 1126168311.9 1.12648e+09
1126487487.0 1127138060.4 1129888610.4 1129888610.4 1136300786.1 1126501146.0 1133513357.4 1.13351e+09 1131040042.4 1137124287.5 1131909561.8 1131150320.1 1130973095.3 1132373160.9 1.13372e+09
1128682183.5 1132464833.4 1126167580.4 1132525768.6 1127274020.1 1136779087.3 1134949255.5 1.13617e+09 1126705636.8 1136628620.4 1134170641.7 1136064166.7 1136639834.7 1130919628.0 1.13458e+09
1126450483.2 1126483009.5 1136758552.9 1134513380.5 1131083152.9 1132992865.6 1133513357.4 1.13443e+09 1126450483.2 1135955631.6 1131087791.6 1136746503.5 1134891290.0 1132515708.8 1.13112e+09
1127274020.1 1134674558.1 1131322877.0 1126941967.9 1126501146.0 1131849551.7 1133969988.2 1.13650e+09 1135148001.6 1133703696.3 1133513357.4 1131049374.2 1126501146.0 1129611770.3 1.13319e+09
1134738667.9 1136855885.0 1134590518.7 1133518703.8 1133513357.4 1134590518.7 1132347850.8 1.13341e+09 1131486369.8 1130470470.6 1126501146.0 1134223513.8 1133708016.6 1131386002.1 1.13469e+09
1133302733.0 1131316344.6 1136172159.2 1126504680.1 1126484464.1 1131029778.3 1133008597.7 1.12884e+09 1136123031.4 1126486457.8 1131116455.6 1126898228.4 1133318314.9 1134528788.6 1.13092e+09
1134235804.5 1129598997.3 1136064166.7 1131907483.3 1126501146.0 1126501146.0 1137007118.9 1.13483e+09 1129604245.9 1131603523.1 1137205573.2 1129590780.0 1134095229.9 1131907483.3 1.13401e+09
1136502892.4 1136465773.5 1135900869.6 1133394879.5 1133137561.1 1133745907.4 1129902551.4 1.13600e+09 1130933738.0 1131433888.9 1136081949.2 1131726893.2 1134931987.1 1133242504.0 1.12789e+09
1135510823.8 1136326679.4 1131805591.0 1136123031.4 1136326679.4 1135483358.5 1136959462.0 1.13667e+09 1135510823.8 1134026157.7 1133799235.6 1134634495.3 1134641223.6 1126427683.9 1.13648e+09
1127575397.1 1135360720.2 1137213196.5 1133489995.3 1131457254.2 1133749748.0 1126166236.4 1.12884e+09 1136280780.4 1137026505.8 1132987439.6 1126487487.0 1134949255.5 1129222878.9 1.13152e+09
1131670164.2 1133699475.1 1133694952.5 1136093945.0 1135652544.9 1137281994.7 1137000762.9 1.13173e+09 1133309364.4 1136568648.4 1130940411.7 1128505522.4 1131708240.7 1126629768.1 1.13657e+09
1130472408.2 1131571922.5 1136070634.5 1133786444.2 1137163689.3 1136669466.8 1126489238.5 1.13670e+09 1134931987.1 1127148125.7 1131436209.6 1129890202.0 1136704195.0 1131888783.8 1.13702e+09
1131681495.4 1137183627.7 1126448998.0 1131248504.4 1136658769.8 1133703696.3 1129413903.5 1.13391e+09 1131246563.2 1130919628.0 1132862293.3 1133469892.9 1136628620.4 1135104893.5 1.13370e+09
1136779087.3 1129575167.2 1132408811.9 1133726452.0 1136779087.3 1136779087.3 1136257019.6 1.13560e+09 1127884221.6 1134011698.0 1137083424.7 1136254093.0 1131245443.8 1126487487.0 1.12650e+09
1136486139.5 1128100916.1 1133703696.3 1131121557.5 1133028370.4 1131260217.7 1135367945.3 1.13255e+09 1135353235.0 1137095560.3 1134478518.4 1135998790.5 1131064733.8 1126501146.0 1.13442e+09
1130488653.3 1132862293.3 1133716872.2 1131819466.8 1135353235.0 1136588993.2 1128659707.6 1.13676e+09 1136639834.7 1133703907.2 1134752872.6 1137055271.0 1128676469.3 1126486457.8 1.13240e+09
1133565686.3 1135148001.6 1126501146.0 1131786957.4 1136024697.5 1135392248.4 1126606256.7 1.13309e+09 1128505522.4 1136470715.9 1136807256.6 1132434289.8 1134163725.2 1130124149.9 1.13490e+09
1129222878.9 1126499750.1 1126489238.5 1131012749.9 1130430346.1 1135267759.4 1130101170.5 1.13601e+09 1136328728.3 1134023297.3 1126898228.4 1133472030.9 1134175048.3 1126490066.9 1.13602e+09
1136810632.9 1133012130.1 1132933616.2 1130971452.7 1131024525.8 1136328728.3 1136787626.6 1.13659e+09 1136568648.4 1133840662.0 1136218531.6 1136711114.7 1136200141.2 1130965437.7 1.13051e+09
1127841420.5 1134001188.6 1131016391.2 1137083424.7 1131880789.7 1127148125.7 1127891726.6 1.13682e+09 1134674558.1 1136807256.6 1135995529.0 1136200141.2 1130518236.6 1137179913.0 1.12649e+09
1136280780.4 1127670390.1 1126501146.0 1127670390.1 1130395458.5 1135024480.6 1131565263.0 1.12649e+09 1135024480.6 1136628620.4 1128661918.2 1134513380.5 1133197587.0 1130488653.3 1.13156e+09
1133640349.4 1133016146.9 1130647079.5 1126128363.3 1131859395.0 1130449701.0 1131040042.4 1.13410e+09 1129860744.7 1133711994.1 1126852113.3 1126490066.9 1132951524.0 1135634602.1 1.13125e+09
1135637966.9 1129824796.6 1134921587.9 1132488377.7 1126895342.2 1137209141.6 1126492929.4 1.13049e+09 1128676469.3 1135065904.2 1136064166.7 1136234299.7 1135995529.0 1129415619.4 1.13381e+09
1130488653.3 1133196973.3 1133459545.2 1135955631.6 1135483358.5 1134335823.7 1131019163.5 1.13102e+09 1137260188.1 1129909384.7 1131532618.9 1131009105.0 1130647079.5 1131245443.8 1.13369e+09
0.0 0.0 0.0 0.0 0.0 0.0 0.0 4.11206e-06 0.0 0.0 0.0 0.0 0.0 0.0 2.24464e-06
0.0 0.0 0.0 0.0 0.0 0.0 0.0 3.39297e-04 0.0 0.0 0.0 0.0 0.0 0.0 1.34718e-06
0.0 0.0 0.0 0.0 0.0 0.0 0.0 1.14331e-05 0.0 0.0 0.0 0.0 0.0 0.0 2.01856e-06
0.0 0.0 0.0 0.0 0.0 0.0 0.0 2.26401e-06 0.0 0.0 0.0 0.0 0.0 0.0 1.85918e-06
0.0 0.0 0.0 0.0 0.0 0.0 0.0 9.22921e-05 0.0 0.0 0.0 0.0 0.0 0.0 3.39227e-04
0.0 0.0 0.0 0.0 0.0 0.0 0.0 1.05458e-04 0.0 0.0 0.0 0.0 0.0 0.0 2.83261e-06
0.0 0.0 0.0 0.0 0.0 0.0 0.0 2.12331e-06 0.0 0.0 0.0 0.0 0.0 0.0 2.59140e-06
0.0 0.0 0.0 0.0 0.0 0.0 0.0 1.66503e-06 0.0 0.0 0.0 0.0 0.0 0.0 1.95356e-06
0.0 0.0 0.0 0.0 0.0 0.0 0.0 1.69800e-06 0.0 0.0 0.0 0.0 0.0 0.0 2.84683e-06
0.0 0.0 0.0 0.0 0.0 0.0 0.0 3.83892e-06 0.0 0.0 0.0 0.0 0.0 0.0 2.93724e-06
0.0 0.0 0.0 0.0 0.0 0.0 0.0 2.34010e-06 0.0 0.0 0.0 0.0 0.0 0.0 7.06087e-06
0.0 0.0 0.0 0.0 0.0 0.0 0.0 2.33498e-06 0.0 0.0 0.0 0.0 0.0 0.0 3.42318e-06
0.0 0.0 0.0 0.0 0.0 0.0 0.0 1.70991e-06 0.0 0.0 0.0 0.0 0.0 0.0 1.46184e-06
0.0 0.0 0.0 0.0 0.0 0.0 0.0 1.90866e-06 0.0 0.0 0.0 0.0 0.0 0.0 1.71467e-06
0.0 0.0 0.0 0.0 0.0 0.0 0.0 2.34221e-06 0.0 0.0 0.0 0.0 0.0 0.0 3.70440e-06
0.0 0.0 0.0 0.0 0.0 0.0 0.0 1.87384e-06 0.0 0.0 0.0 0.0 0.0 0.0 9.19379e-06
0.0 0.0 0.0 0.0 0.0 0.0 0.0 2.88189e-06 0.0 0.0 0.0 0.0 0.0 0.0 3.45825e-06
0.0 0.0 0.0 0.0 0.0 0.0 0.0 5.16970e-06 0.0 0.0 0.0 0.0 0.0 0.0 4.71412e-06
0.0 0.0 0.0 0.0 0.0 0.0 0.0 2.73896e-06 0.0 0.0 0.0 0.0 0.0 0.0 2.33398e-06
0.0 0.0 0.0 0.0 0.0 0.0 0.0 4.54210e-06 0.0 0.0 0.0 0.0 0.0 0.0 1.24845e-05
0.0 0.0 0.0 0.0 0.0 0.0 0.0 2.17627e-06 0.0 0.0 0.0 0.0 0.0 0.0 1.47348e-06
0.0 0.0 0.0 0.0 0.0 0.0 0.0 1.52246e-06 0.0 0.0 0.0 0.0 0.0 0.0 3.79202e-06
0.0 0.0 0.0 0.0 0.0 0.0 0.0 1.74628e-06 0.0 0.0 0.0 0.0 0.0 0.0 2.06843e-06
0.0 0.0 0.0 0.0 0.0 0.0 0.0 2.64808e-06 0.0 0.0 0.0 0.0 0.0 0.0 1.77448e-06
0.0 0.0 0.0 0.0 0.0 0.0 0.0 1.68576e-06 0.0 0.0 0.0 0.0 0.0 0.0 7.35267e-06
0.0 0.0 0.0 0.0 0.0 0.0 0.0 8.30025e-06 0.0 0.0 0.0 0.0 0.0 0.0 3.10550e-06
0.0 0.0 0.0 0.0 0.0 0.0 0.0 2.86448e-06 0.0 0.0 0.0 0.0 0.0 0.0 2.47891e-05
0.0 0.0 0.0 0.0 0.0 0.0 0.0 2.22616e-06 0.0 0.0 0.0 0.0 0.0 0.0 4.30867e-06
0.0 0.0 0.0 0.0 0.0 0.0 0.0 3.08056e-06 0.0 0.0 0.0 0.0 0.0 0.0 1.33446e-05
