983857598.2 9.1 983858330.3 983858870.1 983862088.3 983860164.0 983859394.2 7.37678e-04 983858300 983862100 38.3 142.5 8.980129e+06 19.7 983860965.7 6.11239e-05 -1.0 -1.00000e+00 -1.0 -1.00000e+00
983859352.6 7.9 983860090.8 983860625.1 983863915.7 983861960.1 983861177.8 9.30284e-05 983860000 983864000 36.2 141.1 9.126346e+06 25.4 983860965.7 6.06827e-05 -1.0 -1.00000e+00 -1.0 -1.00000e+00
972052957.2 7.8 972053748.9 972054249.6 972058125.3 972055910.4 972055024.4 6.85714e-05 972053700 972058200 -3.5 100.1 1.033617e+07 20.0 972056770.4 5.11108e-05 -1.0 -1.00000e+00 -1.0 -1.00000e+00
963960688.0 7.7 963961446.9 963961873.1 963966197.7 963963836.4 963962891.9 3.62128e-05 963961400 963966200 6.4 123.6 1.101935e+07 584.7 963962236.6 2.43060e-05 -1.0 -1.00000e+00 -1.0 -1.00000e+00
983859965.7 7.6 983860703.0 983861239.2 983864509.8 983862562.3 983861783.4 5.54301e-05 983860700 983864600 38.1 144.6 9.088095e+06 19.8 983860965.7 6.02293e-05 -1.0 -1.00000e+00 -1.0 -1.00000e+00
963962124.8 7.5 963962877.6 963963300.3 963967612.1 963965260.4 963964319.7 2.20643e-05 963962800 963967700 6.7 123.3 1.097462e+07 633.7 963963034.0 1.50841e-05 -1.0 -1.00000e+00 -1.0 -1.00000e+00
976987196.2 7.4 976987981.7 976988487.7 976992276.7 976990099.3 976989228.4 3.46045e-05 976987900 976992300 26.9 143.7 1.016105e+07 13.8 976990820.2 5.72100e-05 -1.0 -1.00000e+00 -1.0 -1.00000e+00
983673934.6 7.3 983674666.0 983675204.8 983678427.1 983676501.7 983675731.6 3.26743e-05 983674600 983678500 38.4 143.0 8.985003e+06 26.2 983676996.8 6.02747e-05 -1.0 -1.00000e+00 -1.0 -1.00000e+00
977318213.2 7.3 977319230.0 977319600.0 977326184.5 977322768.2 977321401.7 1.73984e-05 977319200 977326200 -19.8 167.9 1.594269e+07 15.7 977323520.8 3.48521e-05 -1.0 -1.00000e+00 -1.0 -1.00000e+00
965453041.4 7.3 965454046.1 965454419.9 965460896.4 965457529.9 965456183.4 1.73493e-05 965454000 965460900 -17.5 168.0 1.570998e+07 33.5 965457726.6 1.82104e-05 -1.0 -1.00000e+00 -1.0 -1.00000e+00
963958106.2 7.3 963958861.6 963959286.2 963963599.9 963961245.5 963960303.7 1.37285e-05 963958800 963963600 6.7 123.5 1.098734e+07 610.2 963962236.6 2.43024e-05 -1.0 -1.00000e+00 -1.0 -1.00000e+00
963495315.9 7.3 963496241.8 963496660.4 963502197.8 963499248.4 963498068.7 1.99517e-05 963496200 963502200 -6.0 150.7 1.376379e+07 43.1 963499748.3 3.04183e-05 -1.0 -1.00000e+00 -1.0 -1.00000e+00
979417420.6 7.2 979417916.9 979418237.3 979419985.7 979418886.4 979418446.6 4.69470e-05 979417900 979420000 28.7 64.0 5.130331e+06 79.9 979418850.9 5.41178e-05 -1.0 -1.00000e+00 -1.0 -1.00000e+00
986221979.1 7.1 986222705.6 986223242.4 986226455.9 986224537.3 986223769.8 2.19574e-05 986222700 986226500 38.3 141.7 8.953691e+06 53.2 986225025.6 5.38319e-05 -1.0 -1.00000e+00 -1.0 -1.00000e+00
978034833.2 7.1 978035725.1 978036166.6 978041257.7 978038504.3 978037403.0 1.52018e-05 978035700 978041300 -38.4 -73.4 1.284906e+07 24.4 978038706.6 4.29475e-05 -1.0 -1.00000e+00 -1.0 -1.00000e+00
965649270.0 7.1 965650022.7 965650514.0 965654233.6 965652106.4 965651255.5 1.58102e-05 965650000 965654300 -1.3 -77.4 9.927204e+06 206.5 965650087.0 1.82351e-05 -1.0 -1.00000e+00 -1.0 -1.00000e+00
969815500.0 7.0 969816386.5 969816831.9 969821849.6 969819128.3 969818039.8 1.28461e-05 969816300 969821900 -5.0 133.8 1.269930e+07 20.5 969820282.3 1.08220e-05 -1.0 -1.00000e+00 -1.0 -1.00000e+00
967566961.5 7.0 967568166.4 967568378.8 967576139.0 967572205.8 967570632.5 8.52181e-06 967568100 967576200 -43.4 171.9 1.835502e+07 4.0 967572927.4 2.13369e-05 -1.0 -1.00000e+00 -1.0 -1.00000e+00
978970617.7 6.9 978971689.6 978972006.3 978978641.1 978975202.5 978973827.1 8.12588e-06 978971600 978978700 -20.6 168.6 1.604697e+07 14.8 978971797.3 5.16098e-05 -1.0 -1.00000e+00 -1.0 -1.00000e+00
965769589.2 6.9 965770427.8 965770901.5 965775330.4 965772869.9 965771885.7 1.20406e-05 965770400 965775400 12.5 141.6 1.148241e+07 16.4 965773592.9 3.95592e-05 -1.0 -1.00000e+00 -1.0 -1.00000e+00
964994519.0 6.9 964995443.9 964995862.6 965001393.1 964998447.0 964997268.6 9.25760e-06 964995400 965001400 -5.8 150.8 1.374819e+07 46.0 964999021.4 4.12850e-06 -1.0 -1.00000e+00 -1.0 -1.00000e+00
963493466.5 6.9 963494391.5 963494810.2 963500341.6 963497395.2 963496216.6 9.25926e-06 963494300 963500400 -6.0 150.5 1.375018e+07 45.8 963499748.3 3.04328e-05 -1.0 -1.00000e+00 -1.0 -1.00000e+00
989052927.5 6.8 989053944.1 989054310.4 989060931.0 989057501.0 989056128.9 6.46618e-06 989053900 989061000 -20.3 168.3 1.600709e+07 33.4 989054103.7 2.39804e-05 -1.0 -1.00000e+00 -1.0 -1.00000e+00
987567430.3 6.8 987568388.5 987568771.9 987574779.0 987571629.6 987570369.8 6.47760e-06 987568300 987574800 -10.4 161.2 1.469742e+07 85.6 987571765.5 1.10874e-05 -1.0 -1.00000e+00 -1.0 -1.00000e+00
985010128.4 6.8 985010823.8 985011391.7 985014242.5 985012479.3 985011774.0 1.47388e-05 985010800 985014300 20.6 99.9 8.228219e+06 12.8 985013008.5 5.47916e-05 -1.0 -1.00000e+00 -1.0 -1.00000e+00
983857895.5 6.8 983858629.8 983859165.1 983862429.1 983860486.1 983859708.9 1.26814e-05 983858600 983862500 37.3 142.2 9.067144e+06 33.0 983860965.7 6.08193e-05 -1.0 -1.00000e+00 -1.0 -1.00000e+00
981489943.9 6.8 981490830.7 981491277.7 981496281.8 981493565.6 981492479.1 8.92669e-06 981490800 981496300 -36.5 -73.2 1.267591e+07 12.8 981493791.8 2.81234e-05 -1.0 -1.00000e+00 -1.0 -1.00000e+00
975122696.2 6.8 975123415.2 975123880.7 975127602.3 975125499.7 975124658.7 4.76661e-06 975123400 975127700 28.4 139.2 9.812162e+06 485.0 975126118.7 5.74472e-06 -1.0 -1.00000e+00 -1.0 -1.00000e+00
986544987.7 6.7 986545723.4 986546262.3 986549504.7 986547568.9 986546794.5 1.09731e-05 986545700 986549600 37.0 140.6 9.034102e+06 13.3 986548314.3 3.00685e-05 -1.0 -1.00000e+00 -1.0 -1.00000e+00
986217098.4 6.7 986217833.9 986218343.9 986221809.7 986219790.6 986218983.0 7.47878e-06 986217800 986221900 17.3 -94.1 9.422623e+06 165.1 986217837.7 8.25668e-06 -1.0 -1.00000e+00 -1.0 -1.00000e+00
985896418.3 6.7 985897251.2 985897724.9 985902118.0 985899675.3 985898698.2 8.01651e-06 985897200 985902200 -9.7 107.8 1.139956e+07 31.9 985897512.1 4.98574e-06 -1.0 -1.00000e+00 -1.0 -1.00000e+00
983858927.5 6.7 983859658.2 983860198.9 983863402.6 983861484.7 983860717.5 1.09301e-05 983859600 983863500 39.0 143.5 8.950047e+06 20.0 983860965.7 6.05394e-05 -1.0 -1.00000e+00 -1.0 -1.00000e+00
971718808.8 6.7 971719571.7 971720092.0 971723623.5 971721560.0 971720734.7 1.01752e-05 971719500 971723700 24.8 -109.2 9.629474e+06 13.9 971721858.7 3.22057e-05 -1.0 -1.00000e+00 -1.0 -1.00000e+00
963467820.8 6.7 963468522.0 963469083.5 963472003.8 963470211.1 963469494.0 1.17757e-05 963468500 963472100 52.8 -169.8 8.365845e+06 21.5 963471013.1 8.48442e-06 -1.0 -1.00000e+00 -1.0 -1.00000e+00
983859546.1 6.6 983860287.4 983860820.1 983864138.8 983862170.5 983861383.2 8.69050e-06 983860200 983864200 36.1 142.1 9.185495e+06 23.0 983860965.7 6.00262e-05 -1.0 -1.00000e+00 -1.0 -1.00000e+00
983812132.3 6.6 983812926.8 983813342.1 983818011.5 983815491.8 983814484.0 1.90042e-06 983812900 983818100 -6.9 116.7 1.175828e+07 518.6 983813706.4 6.11901e-06 -1.0 -1.00000e+00 -1.0 -1.00000e+00
981690024.2 6.6 981690907.0 981691355.4 981696320.3 981693622.0 981692542.7 6.04123e-06 981690900 981696400 -35.5 -73.1 1.259205e+07 17.0 981693941.1 1.07664e-05 -1.0 -1.00000e+00 -1.0 -1.00000e+00
975294744.4 6.6 975295670.6 975296091.3 975301610.0 975298667.6 975297490.7 5.24744e-06 975295600 975301700 -6.1 149.9 1.373121e+07 30.7 975299141.4 1.10170e-05 -1.0 -1.00000e+00 -1.0 -1.00000e+00
964423931.7 6.6 964424686.8 964425110.7 964429428.3 964427072.6 964426130.3 1.62101e-06 964424600 964429500 6.6 123.4 1.099326e+07 615.8 964424951.5 2.05309e-06 -1.0 -1.00000e+00 -1.0 -1.00000e+00
963984916.8 6.6 963985678.4 963986106.0 963990437.4 963988071.5 963987125.1 1.82972e-06 963985600 963990500 6.2 123.6 1.104122e+07 564.7 963987283.5 8.84522e-07 -1.0 -1.00000e+00 -1.0 -1.00000e+00
963131556.9 6.6 963132447.6 963132889.6 963137969.9 963135221.5 963134122.1 5.78035e-06 963132400 963138000 -38.1 -73.5 1.282618e+07 25.7 963135423.8 7.51677e-06 -1.0 -1.00000e+00 -1.0 -1.00000e+00
989519845.9 6.5 989520778.9 989521192.8 989526822.8 989523832.7 989522636.7 4.00048e-06 989520700 989526900 -6.1 154.4 1.395384e+07 46.9 989523963.2 2.11067e-06 -1.0 -1.00000e+00 -1.0 -1.00000e+00
987166999.4 6.5 987168187.0 987168390.0 987175929.7 987172102.4 987170571.5 2.51502e-06 987168100 987176000 -34.3 179.9 1.786074e+07 98.1 987171762.2 2.44893e-06 -1.0 -1.00000e+00 -1.0 -1.00000e+00
983929651.2 6.5 983930386.3 983930922.8 983934181.2 983932239.8 983931463.2 7.23013e-06 983930300 983934200 37.6 142.8 9.060089e+06 24.8 983932811.1 3.78131e-05 -1.0 -1.00000e+00 -1.0 -1.00000e+00
983878615.0 6.5 983879342.9 983879885.8 983883060.1 983881155.0 983880393.0 7.51649e-06 983879300 983883100 39.2 142.5 8.890049e+06 18.9 983881652.9 5.25665e-05 -1.0 -1.00000e+00 -1.0 -1.00000e+00
983866782.5 6.5 983867521.9 983868055.2 983871359.6 983869398.0 983868613.3 7.11780e-06 983867500 983871400 36.2 141.7 9.154357e+06 26.0 983867958.9 5.08327e-05 -1.0 -1.00000e+00 -1.0 -1.00000e+00
983859617.4 6.5 983860358.0 983860891.1 983864201.8 983862237.0 983861451.1 7.16389e-06 983860300 983864300 36.1 141.7 9.168751e+06 23.0 983860965.7 6.05137e-05 -1.0 -1.00000e+00 -1.0 -1.00000e+00
983741056.8 6.5 983741790.8 983742330.5 983745557.0 983743628.4 983742856.9 7.49399e-06 983741700 983745600 38.2 142.9 9.000380e+06 14.7 983744123.7 4.83737e-05 -1.0 -1.00000e+00 -1.0 -1.00000e+00
983457171.9 6.5 983458041.9 983458484.0 983463425.1 983460745.2 983459673.2 4.05256e-06 983458000 983463500 -56.4 -27.0 1.250637e+07 92.0 983458913.1 6.91206e-06 -1.0 -1.00000e+00 -1.0 -1.00000e+00
981143637.9 6.5 981144535.7 981144907.6 981150687.2 981147666.0 981146457.6 1.42287e-06 981144500 981150700 -7.1 155.3 1.409864e+07 414.8 981145722.4 2.15147e-06 -1.0 -1.00000e+00 -1.0 -1.00000e+00
978903189.5 6.5 978903912.1 978904369.3 978908183.4 978906043.2 978905187.1 1.60849e-06 978903900 978908200 27.0 140.0 9.987752e+06 524.5 978906757.1 3.26482e-06 -1.0 -1.00000e+00 -1.0 -1.00000e+00
978602638.6 6.5 978603653.0 978604023.4 978610589.8 978607182.2 978605819.1 3.63483e-06 978603600 978610600 -19.3 168.4 1.590240e+07 20.7 978607053.5 5.09258e-06 -1.0 -1.00000e+00 -1.0 -1.00000e+00
976905734.9 6.5 976906217.2 976906556.1 976908150.6 976907115.3 976906701.2 1.53340e-05 976906200 976908200 28.4 59.1 4.831270e+06 14.5 976907797.7 2.62668e-05 -1.0 -1.00000e+00 -1.0 -1.00000e+00
973397140.1 6.5 973398064.0 973398489.3 973403947.2 973401029.9 973399863.0 4.50588e-06 973398000 973404000 -45.6 96.4 1.361409e+07 15.3 973401834.5 4.44481e-06 -1.0 -1.00000e+00 -1.0 -1.00000e+00
967547783.1 6.5 967548486.9 967549041.3 967552022.3 967550205.5 967549478.8 7.37883e-06 967548400 967552100 51.6 -176.0 8.478389e+06 45.8 967551078.5 6.48874e-06 -1.0 -1.00000e+00 -1.0 -1.00000e+00
964941348.4 6.5 964942243.7 964942649.5 964948104.3 964945208.9 964944050.8 2.58032e-06 964942200 964948200 -5.5 146.9 1.351181e+07 219.7 964942556.6 1.29115e-06 -1.0 -1.00000e+00 -1.0 -1.00000e+00
985874844.0 6.4 985875919.1 985876120.2 985882890.1 985879441.7 985878062.4 5.62469e-07 985875900 985882900 -17.6 -178.5 1.609216e+07 547.2 985875962.9 4.34867e-06 -1.0 -1.00000e+00 -1.0 -1.00000e+00
985565533.9 6.4 985566552.1 985566920.4 985573530.5 985570103.4 985568732.5 2.93187e-06 985566500 985573600 -16.5 -177.4 1.599333e+07 19.4 985570640.0 3.61022e-06 -1.0 -1.00000e+00 -1.0 -1.00000e+00
984813541.5 6.4 984814282.2 984814816.8 984818115.9 984816155.4 984815371.2 6.01237e-06 984814200 984818200 37.2 144.1 9.148813e+06 16.4 984816910.0 1.62907e-05 -1.0 -1.00000e+00 -1.0 -1.00000e+00
983858855.1 6.4 983859593.7 983860126.9 983863428.5 983861468.5 983860684.5 5.77900e-06 983859500 983863500 36.4 142.0 9.146897e+06 29.2 983860965.7 6.07006e-05 -1.0 -1.00000e+00 -1.0 -1.00000e+00
983858160.2 6.4 983858896.5 983859429.9 983862717.8 983860764.5 983859983.2 5.69925e-06 983858800 983862800 37.3 143.4 9.115265e+06 35.0 983860965.7 6.09280e-05 -1.0 -1.00000e+00 -1.0 -1.00000e+00
983491793.1 6.4 983492755.2 983493143.2 983499129.5 983495985.4 983494727.7 3.04395e-06 983492700 983499200 -10.3 160.7 1.467273e+07 44.1 983496575.6 6.20106e-06 -1.0 -1.00000e+00 -1.0 -1.00000e+00
977148048.5 6.4 977148740.9 977149307.0 977152154.3 977150394.7 977149690.8 6.63552e-06 977148700 977152200 53.0 171.1 8.211784e+06 26.4 977151165.1 8.21603e-06 -1.0 -1.00000e+00 -1.0 -1.00000e+00
977089797.0 6.4 977090580.1 977091083.7 977094881.6 977092702.5 977091830.9 5.03611e-06 977090500 977094900 26.8 143.6 1.016918e+07 31.9 977093256.1 5.68469e-06 -1.0 -1.00000e+00 -1.0 -1.00000e+00
970543589.2 6.4 970544297.5 970544853.1 970547845.4 970546021.3 970545291.7 6.39626e-06 970544200 970547900 51.3 -175.3 8.512493e+06 24.4 970546697.5 9.04121e-06 -1.0 -1.00000e+00 -1.0 -1.00000e+00
964961920.4 6.4 964962626.4 964963181.7 964966166.4 964964346.7 964963618.8 6.23958e-06 964962600 964966200 51.4 -178.5 8.491883e+06 33.3 964964287.6 1.99477e-06 -1.0 -1.00000e+00 -1.0 -1.00000e+00
990968136.0 6.3 990969028.5 990969472.9 990974539.2 990971795.0 990970697.3 3.28892e-06 990969000 990974600 -37.6 -73.8 1.280636e+07 10.0 990972168.8 4.49865e-06 -1.0 -1.00000e+00 -1.0 -1.00000e+00
984822285.0 6.3 984823011.6 984823555.3 984826717.9 984824818.1 984824058.1 5.06999e-06 984823000 984826800 39.9 143.5 8.865788e+06 19.2 984825359.1 1.49505e-05 -1.0 -1.00000e+00 -1.0 -1.00000e+00
983905172.6 6.3 983905903.8 983906445.5 983909644.1 983907727.7 983906961.2 5.09781e-06 983905900 983909700 37.0 138.5 8.942829e+06 14.6 983908392.8 1.86549e-05 -1.0 -1.00000e+00 -1.0 -1.00000e+00
983891609.5 6.3 983892351.3 983892884.5 983896200.5 983894232.9 983893445.9 4.85648e-06 983892300 983896300 36.0 141.9 9.181954e+06 19.2 983894938.4 2.12615e-05 -1.0 -1.00000e+00 -1.0 -1.00000e+00
983863755.3 6.3 983864482.0 983865022.4 983868209.8 983866300.7 983865537.1 4.78934e-06 983864400 983868300 39.0 142.5 8.908899e+06 33.8 983864679.0 5.47952e-05 -1.0 -1.00000e+00 -1.0 -1.00000e+00
983862913.6 6.3 983863651.8 983864186.2 983867476.1 983865520.7 983864738.6 4.79556e-06 983863600 983867500 36.6 141.9 9.124965e+06 25.0 983863777.2 5.78535e-05 -1.0 -1.00000e+00 -1.0 -1.00000e+00
983861954.4 6.3 983862693.5 983863226.1 983866534.7 983864571.7 983863786.5 4.69011e-06 983862600 983866600 37.4 144.8 9.160648e+06 30.0 983862635.2 6.00725e-05 -1.0 -1.00000e+00 -1.0 -1.00000e+00
983859337.8 6.3 983860072.2 983860607.0 983863875.6 983861930.8 983861152.9 4.66213e-06 983860000 983863900 37.9 143.9 9.075579e+06 35.0 983860965.7 6.06949e-05 -1.0 -1.00000e+00 -1.0 -1.00000e+00
983858785.0 6.3 983859513.6 983860055.9 983863238.4 983861329.8 983860566.4 5.03604e-06 983859500 983863300 39.0 142.4 8.906791e+06 19.5 983860965.7 6.07341e-05 -1.0 -1.00000e+00 -1.0 -1.00000e+00
983858297.3 6.3 983859033.2 983859572.9 983862809.2 983860875.5 983860102.1 5.13229e-06 983859000 983862900 37.7 142.0 9.023696e+06 9.5 983860965.7 6.09612e-05 -1.0 -1.00000e+00 -1.0 -1.00000e+00
983858086.5 6.3 983858817.9 983859354.7 983862592.3 983860661.2 983859888.8 4.70263e-06 983858800 983862600 37.5 141.4 9.011655e+06 35.0 983860965.7 6.09762e-05 -1.0 -1.00000e+00 -1.0 -1.00000e+00
983741107.1 6.3 983742030.5 983742449.2 983747970.1 983745028.8 983743852.3 2.60115e-06 983742000 983748000 -6.1 149.8 1.372594e+07 51.0 983744123.7 4.83661e-05 -1.0 -1.00000e+00 -1.0 -1.00000e+00
983449933.5 6.3 983450736.0 983451213.1 983455375.6 983453043.3 983452110.3 2.81518e-06 983450700 983455400 -18.2 -69.5 1.088419e+07 114.5 983451501.4 1.90188e-06 -1.0 -1.00000e+00 -1.0 -1.00000e+00
980862841.3 6.3 980863490.5 980864022.8 980866615.0 980864997.7 980864350.8 4.87036e-06 980863400 980866700 24.6 94.7 7.547295e+06 86.5 980865530.0 7.37744e-06 -1.0 -1.00000e+00 -1.0 -1.00000e+00
977640877.3 6.3 977641891.2 977642258.9 977648849.8 977645433.0 977644066.3 2.24713e-06 977641800 977648900 -19.8 168.1 1.594504e+07 34.9 977642060.0 3.67675e-06 -1.0 -1.00000e+00 -1.0 -1.00000e+00
977560472.1 6.3 977561594.6 977561755.9 977568823.6 977565244.4 977563812.7 3.47614e-07 977561500 977568900 -23.4 -179.7 1.670306e+07 550.9 977561731.4 1.75751e-06 -1.0 -1.00000e+00 -1.0 -1.00000e+00
975821090.1 6.3 975821966.5 975822416.0 975827328.9 975824655.1 975823585.6 3.18409e-06 975821900 975827400 -56.4 -25.6 1.247746e+07 29.0 975825107.9 4.24078e-06 -1.0 -1.00000e+00 -1.0 -1.00000e+00
972487131.0 6.3 972488333.2 972488545.1 972496209.6 972492318.8 972490762.4 2.04397e-06 972488300 972496300 -57.1 -142.4 1.815710e+07 10.0 972492877.3 2.27077e-06 -1.0 -1.00000e+00 -1.0 -1.00000e+00
972070665.5 6.3 972071455.7 972071956.8 972075820.0 972073610.9 972072727.3 4.15566e-06 972071400 972075900 -3.0 100.4 1.030910e+07 22.6 972074372.0 2.93105e-06 -1.0 -1.00000e+00 -1.0 -1.00000e+00
970234133.9 6.3 970234887.6 970235409.8 970238877.1 970236844.3 970236031.2 4.44841e-06 970234800 970238900 24.2 125.2 9.486328e+06 32.8 970237413.9 1.78910e-05 -1.0 -1.00000e+00 -1.0 -1.00000e+00
967981072.7 6.3 967982236.7 967982453.4 967989130.9 967985677.4 967984296.0 2.10052e-06 967982200 967989200 -20.8 170.0 1.611635e+07 50.0 967985912.1 4.37343e-06 -1.0 -1.00000e+00 -1.0 -1.00000e+00
967911228.5 6.3 967912243.5 967912614.9 967919175.1 967915769.4 967914407.1 2.42217e-06 967912200 967919200 -15.9 -179.2 1.589320e+07 14.7 967915995.8 2.24983e-06 -1.0 -1.00000e+00 -1.0 -1.00000e+00
965964669.2 6.3 965965423.6 965965949.4 965969389.5 965967366.5 965966557.3 4.76703e-06 965965400 965969400 -17.8 65.6 9.440517e+06 14.7 965967201.8 1.21299e-06 -1.0 -1.00000e+00 -1.0 -1.00000e+00
965920184.6 6.3 965921088.6 965921496.1 965926994.0 965924075.6 965922908.3 1.67038e-06 965921000 965927000 -5.8 148.4 1.361877e+07 180.8 965921403.5 2.76577e-06 -1.0 -1.00000e+00 -1.0 -1.00000e+00
965862081.0 6.3 965862918.6 965863390.4 965867833.5 965865368.1 965864382.0 3.54323e-06 965862900 965867900 12.2 141.5 1.150508e+07 28.4 965865924.8 7.49172e-06 -1.0 -1.00000e+00 -1.0 -1.00000e+00
964872522.5 6.3 964873363.4 964873829.2 964878350.6 964875852.9 964874853.8 3.22445e-06 964873300 964878400 1.3 126.3 1.165614e+07 50.6 964876370.5 1.93165e-06 -1.0 -1.00000e+00 -1.0 -1.00000e+00
964497389.6 6.3 964498074.1 964498637.5 964501425.9 964499696.1 964499004.2 5.46621e-06 964498000 964501500 52.4 159.9 8.072534e+06 30.3 964500305.7 7.73298e-06 -1.0 -1.00000e+00 -1.0 -1.00000e+00
963688717.8 6.3 963689643.8 963690062.7 963695598.9 963692649.8 963691470.2 2.68322e-06 963689600 963695600 -6.0 150.7 1.376218e+07 41.1 963693148.6 2.34131e-06 -1.0 -1.00000e+00 -1.0 -1.00000e+00
962797428.0 6.3 962798280.6 962798746.1 962803345.8 962800809.6 962799795.1 3.55667e-06 962798200 962803400 11.2 146.1 1.183553e+07 16.9 962801441.6 1.67297e-06 -1.0 -1.00000e+00 -1.0 -1.00000e+00
988186771.7 6.2 988187532.2 988188055.1 988191550.7 988189502.6 988188683.3 3.90285e-06 988187500 988191600 6.9 -82.4 9.557988e+06 10.0 988189734.9 1.80307e-06 -1.0 -1.00000e+00 -1.0 -1.00000e+00
987428238.1 6.2 987428975.6 987429506.6 987432818.7 987430855.6 987430070.3 3.61198e-06 987428900 987432900 35.6 140.6 9.161199e+06 43.4 987431582.1 2.76404e-06 -1.0 -1.00000e+00 -1.0 -1.00000e+00
986598512.1 6.2 986599254.5 986599787.9 986603105.9 986601137.1 986600349.6 3.99590e-06 986599200 986603200 35.4 140.7 9.187588e+06 16.7 986601735.1 1.48175e-05 -1.0 -1.00000e+00 -1.0 -1.00000e+00
985431289.0 6.2 985432024.9 985432562.0 985435818.3 985433877.2 985433100.7 4.01826e-06 985432000 985435900 37.4 142.3 9.058613e+06 19.8 985434482.2 1.87607e-05 -1.0 -1.00000e+00 -1.0 -1.00000e+00
985299853.7 6.2 985300584.9 985301125.3 985304334.0 985302413.9 985301645.8 4.07329e-06 985300500 985304400 38.4 142.2 8.960618e+06 19.8 985302906.1 1.33495e-05 -1.0 -1.00000e+00 -1.0 -1.00000e+00
984820760.3 6.2 984821494.2 984822030.8 984825281.8 984823344.0 984822568.9 3.89355e-06 984821400 984825300 37.4 141.8 9.042868e+06 28.4 984825172.7 1.11725e-05 -1.0 -1.00000e+00 -1.0 -1.00000e+00
984365296.9 6.2 984366300.9 984366676.3 984373131.4 984369773.8 984368430.7 1.88754e-06 984366300 984373200 -17.2 167.8 1.566912e+07 27.5 984370366.5 2.68519e-06 -1.0 -1.00000e+00 -1.0 -1.00000e+00
984014781.7 6.2 984015523.8 984016055.7 984019383.1 984017411.1 984016622.3 3.87511e-06 984015500 984019400 35.7 141.7 9.202819e+06 24.0 984018007.7 1.70678e-05 -1.0 -1.00000e+00 -1.0 -1.00000e+00
983970956.1 6.2 983971688.9 983972225.1 983975474.0 983973537.8 983972763.3 3.81576e-06 983971600 983975500 37.2 141.3 9.035773e+06 33.8 983972735.5 6.49231e-06 -1.0 -1.00000e+00 -1.0 -1.00000e+00
983908025.0 6.2 983908741.8 983909294.5 983912344.1 983910493.1 983909752.7 4.40979e-06 983908700 983912400 40.4 139.2 8.638006e+06 11.2 983911132.9 1.94223e-05 -1.0 -1.00000e+00 -1.0 -1.00000e+00
983905393.6 6.2 983906121.1 983906663.1 983909842.7 983907936.0 983907173.3 4.03867e-06 983906100 983909900 39.3 143.0 8.898089e+06 24.2 983908392.8 1.86695e-05 -1.0 -1.00000e+00 -1.0 -1.00000e+00
983866341.6 6.2 983867077.8 983867611.5 983870896.9 983868944.7 983868163.7 3.77050e-06 983867000 983870900 36.6 141.6 9.110645e+06 34.2 983867174.7 5.38459e-05 -1.0 -1.00000e+00 -1.0 -1.00000e+00
983861340.8 6.2 983862075.8 983862614.9 983865851.3 983863918.2 983863145.0 4.13194e-06 983862000 983865900 38.0 142.7 9.021069e+06 14.0 983862635.2 6.00994e-05 -1.0 -1.00000e+00 -1.0 -1.00000e+00
983860952.5 6.2 983861690.7 983862228.9 983865487.9 983863544.2 983862766.7 4.18489e-06 983861600 983865500 37.4 142.6 9.070813e+06 9.0 983861906.9 6.03988e-05 -1.0 -1.00000e+00 -1.0 -1.00000e+00
983859800.3 6.2 983860528.4 983861070.2 983864254.0 983862345.3 983861581.8 4.05093e-06 983860500 983864300 39.0 142.5 8.907302e+06 23.1 983860965.7 6.03496e-05 -1.0 -1.00000e+00 -1.0 -1.00000e+00
983859704.2 6.2 983860436.3 983860975.4 983864199.0 983862272.7 983861502.1 4.00631e-06 983860400 983864200 38.4 142.9 8.989480e+06 23.0 983860965.7 6.03406e-05 -1.0 -1.00000e+00 -1.0 -1.00000e+00
983859194.3 6.2 983859928.7 983860465.0 983863721.2 983861781.1 983861005.1 3.89081e-06 983859900 983863800 37.2 141.7 9.053661e+06 28.2 983860965.7 6.05715e-05 -1.0 -1.00000e+00 -1.0 -1.00000e+00
983859172.6 6.2 983859908.0 983860442.1 983863719.9 983861771.1 983860991.5 3.76715e-06 983859900 983863800 37.9 144.4 9.094496e+06 35.0 983860965.7 6.05715e-05 -1.0 -1.00000e+00 -1.0 -1.00000e+00
983858948.9 6.2 983859689.2 983860221.9 983863534.7 983861569.4 983860783.2 3.86130e-06 983859600 983863600 36.1 141.8 9.171695e+06 26.0 983860965.7 6.05526e-05 -1.0 -1.00000e+00 -1.0 -1.00000e+00
983858450.6 6.2 983859184.5 983859724.4 983862948.9 983861021.1 983860249.9 4.14596e-06 983859100 983863000 38.1 142.5 8.996604e+06 14.0 983860965.7 6.08864e-05 -1.0 -1.00000e+00 -1.0 -1.00000e+00
982273419.9 6.2 982274086.1 982274633.1 982277299.1 982275636.6 982274971.6 4.51198e-06 982274000 982277300 55.8 162.2 7.758375e+06 39.1 982276198.7 2.58983e-06 -1.0 -1.00000e+00 -1.0 -1.00000e+00
980319341.3 6.2 980319616.0 980319843.4 980320460.8 980319981.0 980319789.1 2.12021e-05 980319600 980320500 70.9 -6.9 2.238905e+06 6.4 980320306.1 2.03241e-05 -1.0 -1.00000e+00 -1.0 -1.00000e+00
980152725.0 6.2 980153207.5 980153545.4 980155146.3 980154108.6 980153693.5 8.54511e-06 980153200 980155200 28.2 59.1 4.842494e+06 18.5 980154862.9 9.29896e-06 -1.0 -1.00000e+00 -1.0 -1.00000e+00
978628929.0 6.2 978629942.0 978630311.3 978636881.6 978633473.4 978632110.0 1.83004e-06 978629900 978636900 -19.4 168.2 1.590538e+07 30.0 978630111.9 2.85136e-06 -1.0 -1.00000e+00 -1.0 -1.00000e+00
976238097.8 6.2 976239023.6 976239424.8 976245127.8 976242115.0 976240909.8 1.38583e-06 976239000 976245200 -6.5 155.7 1.406000e+07 144.8 976239484.6 1.86556e-06 -1.0 -1.00000e+00 -1.0 -1.00000e+00
970551805.0 6.2 970552634.8 970553091.5 970557626.8 970555131.8 970554133.7 1.81298e-06 970552600 970557700 2.8 128.2 1.164359e+07 140.8 970553348.8 2.32246e-06 -1.0 -1.00000e+00 -1.0 -1.00000e+00
969815467.1 6.2 969816353.8 969816799.6 969821814.6 969819094.3 969818006.1 2.61255e-06 969816300 969821900 -4.9 133.8 1.269510e+07 18.3 969820282.3 1.08220e-05 -1.0 -1.00000e+00 -1.0 -1.00000e+00
968786490.2 6.2 968786964.4 968787272.7 968788993.9 968787920.9 968787491.7 3.80014e-06 968786900 968789000 36.5 71.0 5.007499e+06 215.4 968787150.9 1.11041e-05 -1.0 -1.00000e+00 -1.0 -1.00000e+00
968052496.9 6.2 968053385.6 968053830.2 968058870.7 968056139.0 968055046.4 2.59511e-06 968053300 968058900 -37.1 -73.5 1.274762e+07 18.6 968056399.9 3.25926e-06 -1.0 -1.00000e+00 -1.0 -1.00000e+00
966651134.9 6.2 966651915.2 966652420.9 966656182.7 966654019.4 966653154.0 3.36642e-06 966651900 966656200 18.6 -107.2 1.009557e+07 30.0 966654448.2 1.85074e-06 -1.0 -1.00000e+00 -1.0 -1.00000e+00
966184112.1 6.2 966184951.1 966185424.1 966189863.2 966187398.4 966186412.5 2.97728e-06 966184900 966189900 12.2 141.5 1.150231e+07 18.3 966187936.8 2.15498e-06 -1.0 -1.00000e+00 -1.0 -1.00000e+00
966022563.5 6.2 966023677.3 966023834.6 966030784.3 966027261.1 966025851.8 1.86472e-07 966023600 966030800 -20.8 -178.8 1.644176e+07 600.8 966023685.8 4.06825e-06 -1.0 -1.00000e+00 -1.0 -1.00000e+00
962928695.1 6.2 962929509.4 962929980.5 962934278.0 962931885.3 962930928.2 2.16585e-06 962929500 962934300 -22.3 -68.3 1.116589e+07 109.4 962929757.1 4.40687e-07 -1.0 -1.00000e+00 -1.0 -1.00000e+00
991094716.7 6.1 991095456.3 991095990.9 991099285.0 991097327.2 991096544.0 3.23062e-06 991095400 991099300 37.3 144.0 9.136592e+06 19.6 991097916.1 7.02033e-06 -1.0 -1.00000e+00 -1.0 -1.00000e+00
989500110.4 6.1 989500712.5 989500999.4 989503420.3 989502001.8 989501434.4 4.83959e-06 989500700 989503500 0.5 -25.6 6.619755e+06 18.9 989502271.4 2.49001e-06 -1.0 -1.00000e+00 -1.0 -1.00000e+00
989364967.9 6.1 989365699.6 989366235.6 989369481.1 989367546.9 989366773.2 3.01824e-06 989365600 989369500 37.4 141.5 9.026267e+06 38.6 989368208.8 3.51917e-06 -1.0 -1.00000e+00 -1.0 -1.00000e+00
988642714.8 6.1 988643450.5 988643987.7 988647242.2 988645301.9 988644525.7 3.26664e-06 988643400 988647300 38.2 144.2 9.054754e+06 19.7 988645757.0 3.53182e-06 -1.0 -1.00000e+00 -1.0 -1.00000e+00
987721689.7 6.1 987722545.4 987723006.8 987727668.1 987725105.9 987724081.0 2.18240e-06 987722500 987727700 -4.5 122.9 1.195672e+07 28.3 987725478.2 2.03375e-06 -1.0 -1.00000e+00 -1.0 -1.00000e+00
985699766.5 6.1 985700036.7 985700261.2 985700897.5 985700412.8 985700218.9 1.28995e-05 985700000 985700900 35.7 26.5 2.261967e+06 75.5 985700523.0 1.93445e-05 -1.0 -1.00000e+00 -1.0 -1.00000e+00
984370452.6 6.1 984371173.0 984371717.1 984374847.9 984372964.2 984372210.7 3.13403e-06 984371100 984374900 40.2 142.4 8.790553e+06 37.7 984373446.8 6.96239e-06 -1.0 -1.00000e+00 -1.0 -1.00000e+00
984230891.7 6.1 984231625.2 984232161.5 984235413.6 984233475.6 984232700.5 3.11451e-06 984231600 984235500 37.6 142.3 9.043738e+06 30.9 984234385.7 7.03303e-06 -1.0 -1.00000e+00 -1.0 -1.00000e+00
983909498.5 6.1 983910228.6 983910771.0 983913958.8 983912047.2 983911282.6 3.40344e-06 983910200 983914000 39.0 142.8 8.920533e+06 14.7 983911132.9 1.94399e-05 -1.0 -1.00000e+00 -1.0 -1.00000e+00
983867212.8 6.1 983867949.5 983868485.1 983871758.2 983869810.1 983869030.9 3.18918e-06 983867900 983871800 37.4 143.0 9.090809e+06 24.0 983867958.9 5.09433e-05 -1.0 -1.00000e+00 -1.0 -1.00000e+00
983866554.6 6.1 983867295.7 983867828.0 983871147.8 983869179.3 983868391.9 3.12885e-06 983867200 983871200 37.1 144.6 9.186429e+06 25.3 983867958.9 5.10440e-05 -1.0 -1.00000e+00 -1.0 -1.00000e+00
983863706.7 6.1 983864443.6 983864978.8 983868255.2 983866305.8 983865526.1 3.16823e-06 983864400 983868300 36.9 141.9 9.096974e+06 25.3 983864679.0 5.47952e-05 -1.0 -1.00000e+00 -1.0 -1.00000e+00
983863550.0 6.1 983864286.2 983864821.2 983868095.9 983866147.7 983865368.4 3.12625e-06 983864200 983868100 38.0 144.6 9.091816e+06 28.5 983864318.1 5.53426e-05 -1.0 -1.00000e+00 -1.0 -1.00000e+00
983861370.2 6.1 983862108.0 983862640.4 983865944.1 983863983.9 983863199.8 3.01441e-06 983862100 983866000 37.3 144.2 9.147829e+06 35.0 983862635.2 5.99175e-05 -1.0 -1.00000e+00 -1.0 -1.00000e+00
983860170.4 6.1 983860905.5 983861439.8 983864715.6 983862767.7 983861988.5 3.03875e-06 983860900 983864800 37.9 144.2 9.090480e+06 35.0 983860965.7 6.03429e-05 -1.0 -1.00000e+00 -1.0 -1.00000e+00
983729791.1 6.1 983730522.9 983731061.7 983734286.0 983732359.7 983731589.1 3.22078e-06 983730500 983734300 38.3 142.7 8.989830e+06 25.0 983732850.8 1.22040e-05 -1.0 -1.00000e+00 -1.0 -1.00000e+00
982976040.4 6.1 982977009.5 982977402.0 982983390.0 982980240.1 982978980.2 1.82382e-06 982977000 982983400 -29.6 -112.1 1.469925e+07 3.8 982980379.0 1.31250e-06 -1.0 -1.00000e+00 -1.0 -1.00000e+00
982367517.3 6.1 982368722.5 982368934.8 982376723.7 982372778.1 982371199.9 1.30210e-06 982368700 982376800 -43.5 172.7 1.841279e+07 4.8 982373186.9 2.90221e-06 -1.0 -1.00000e+00 -1.0 -1.00000e+00
981568691.2 6.1 981569863.2 981570069.1 981576935.7 981573402.3 981571989.0 1.07587e-06 981569800 981577000 -20.9 -175.6 1.648905e+07 85.9 981570255.1 4.46621e-06 -1.0 -1.00000e+00 -1.0 -1.00000e+00
979872345.5 6.1 979872830.5 979873152.6 979874846.5 979873774.6 979873345.9 4.68944e-06 979872800 979874900 38.4 72.8 5.001982e+06 101.9 979873474.4 5.32059e-06 -1.0 -1.00000e+00 -1.0 -1.00000e+00
978245190.4 6.1 978246355.6 978246558.0 978253359.4 978249858.4 978248458.0 9.25597e-07 978246300 978253400 -22.3 171.7 1.633811e+07 123.2 978246360.1 1.89229e-06 -1.0 -1.00000e+00 -1.0 -1.00000e+00
974538082.2 6.1 974539000.9 974539418.5 974544918.8 974541988.8 974540816.8 1.49039e-06 974539000 974545000 -6.0 149.0 1.367333e+07 73.0 974542499.4 1.21750e-06 -1.0 -1.00000e+00 -1.0 -1.00000e+00
972862499.6 6.1 972863677.9 972863889.1 972870732.6 972867204.2 972865792.8 1.35979e-06 972863600 972870800 -20.5 -174.2 1.646593e+07 33.1 972863684.4 2.96526e-06 -1.0 -1.00000e+00 -1.0 -1.00000e+00
966362190.1 6.1 966363127.7 966363543.4 966369185.6 966366187.6 966364988.3 1.79392e-06 966363100 966369200 -6.5 154.2 1.399096e+07 23.5 966366955.8 3.27830e-06 -1.0 -1.00000e+00 -1.0 -1.00000e+00
965806233.4 6.1 965807071.5 965807544.3 965811979.8 965809517.0 965808531.9 2.37088e-06 965807000 965812000 12.3 141.5 1.149288e+07 21.6 965810139.4 2.95762e-06 -1.0 -1.00000e+00 -1.0 -1.00000e+00
963738980.0 6.1 963739812.2 963740272.4 963744789.5 963742299.7 963741303.8 1.57078e-06 963739800 963744800 3.0 128.2 1.161901e+07 111.9 963740079.0 7.93754e-07 -1.0 -1.00000e+00 -1.0 -1.00000e+00
989442456.8 6.0 989442931.1 989443240.7 989444956.1 989443885.0 989443456.5 2.18376e-06 989442900 989445000 36.4 70.7 4.998627e+06 207.6 989443111.4 3.68966e-06 -1.0 -1.00000e+00 -1.0 -1.00000e+00
989362090.3 6.0 989362834.9 989363355.0 989366789.0 989364775.3 989363969.8 1.89807e-06 989362800 989366800 10.1 -84.2 9.397334e+06 76.8 989362837.0 1.02573e-06 -1.0 -1.00000e+00 -1.0 -1.00000e+00
987588781.9 6.0 987589509.0 987590049.6 987593237.5 987591328.0 987590564.2 2.54176e-06 987589500 987593300 39.2 142.9 8.911226e+06 31.7 987591839.5 5.08240e-06 -1.0 -1.00000e+00 -1.0 -1.00000e+00
986389085.0 6.0 986389831.2 986390359.9 986393734.2 986391741.7 986390944.7 2.47044e-06 986389800 986393800 30.0 131.8 9.298209e+06 26.2 986392449.3 3.77210e-06 -1.0 -1.00000e+00 -1.0 -1.00000e+00
985214998.3 6.0 985216012.2 985216382.6 985222946.6 985219540.2 985218177.6 1.18782e-06 985216000 985223000 -15.9 -179.2 1.589661e+07 22.0 985220005.5 1.61350e-06 -1.0 -1.00000e+00 -1.0 -1.00000e+00
984644786.1 6.0 984645549.5 984646064.0 984649649.7 984647565.3 984646731.5 2.17553e-06 984645500 984649700 19.1 121.3 9.727087e+06 39.9 984648091.6 3.06628e-06 -1.0 -1.00000e+00 -1.0 -1.00000e+00
984237849.6 6.0 984238573.1 984239118.2 984242255.4 984240367.2 984239611.9 2.69369e-06 984238500 984242300 40.4 143.4 8.811574e+06 22.9 984240850.7 6.81415e-06 -1.0 -1.00000e+00 -1.0 -1.00000e+00
984231122.5 6.0 984231861.8 984232397.7 984235679.9 984233726.7 984232945.4 2.68108e-06 984231800 984235700 35.3 138.7 9.114814e+06 14.9 984234385.7 7.03433e-06 -1.0 -1.00000e+00 -1.0 -1.00000e+00
984118371.7 6.0 984119106.4 984119644.6 984122887.3 984120952.0 984120177.9 2.66196e-06 984119100 984122900 37.8 142.5 9.031177e+06 18.8 984121451.4 1.34520e-05 -1.0 -1.00000e+00 -1.0 -1.00000e+00
983892019.0 6.0 983892759.3 983893293.6 983896593.4 983894633.0 983893848.8 2.61473e-06 983892700 983896600 36.4 142.0 9.148798e+06 19.0 983894938.4 2.12315e-05 -1.0 -1.00000e+00 -1.0 -1.00000e+00
983873449.5 6.0 983874176.2 983874717.9 983877896.0 983875990.3 983875228.1 2.59421e-06 983874100 983877900 39.2 142.6 8.892828e+06 28.1 983877258.0 2.01839e-05 -1.0 -1.00000e+00 -1.0 -1.00000e+00
983867592.2 6.0 983868323.8 983868867.8 983872051.0 983870140.1 983869375.7 2.90833e-06 983868300 983872100 39.1 143.0 8.917692e+06 4.2 983870783.4 4.56036e-05 -1.0 -1.00000e+00 -1.0 -1.00000e+00
983867482.7 6.0 983868215.1 983868752.6 983871990.2 983870058.4 983869285.7 2.53727e-06 983868200 983872000 37.5 141.3 9.014843e+06 29.0 983870783.4 4.57020e-05 -1.0 -1.00000e+00 -1.0 -1.00000e+00
983867283.9 6.0 983868017.3 983868555.4 983871792.6 983869860.3 983869087.4 2.61252e-06 983868000 983871800 38.0 142.7 9.017445e+06 23.0 983870783.4 4.57007e-05 -1.0 -1.00000e+00 -1.0 -1.00000e+00
983863830.3 6.0 983864563.4 983865100.8 983868341.9 983866408.3 983865634.9 2.55808e-06 983864500 983868400 37.4 141.3 9.023260e+06 27.1 983864679.0 5.49394e-05 -1.0 -1.00000e+00 -1.0 -1.00000e+00
983861849.9 6.0 983862588.7 983863120.8 983866431.7 983864468.1 983863682.6 2.43028e-06 983862500 983866500 35.8 141.0 9.163647e+06 33.4 983862635.2 5.99175e-05 -1.0 -1.00000e+00 -1.0 -1.00000e+00
983740952.8 6.0 983741684.1 983742222.3 983745449.1 983743522.1 983742751.3 2.54048e-06 983741600 983745500 38.3 142.8 8.992558e+06 29.4 983744123.7 4.83701e-05 -1.0 -1.00000e+00 -1.0 -1.00000e+00
982674462.0 6.0 982675202.1 982675715.3 982679181.1 982677158.6 982676349.6 1.44729e-06 982675200 982679200 17.8 -95.2 9.438174e+06 130.6 982676816.3 2.55339e-06 -1.0 -1.00000e+00 -1.0 -1.00000e+00
981508635.7 6.0 981509524.8 981509971.1 981514996.1 981512270.2 981511179.9 1.74586e-06 981509500 981515000 -37.0 -73.2 1.272070e+07 10.0 981512853.0 4.14008e-06 -1.0 -1.00000e+00 -1.0 -1.00000e+00
980489021.3 6.0 980490197.3 980490404.6 980497329.3 980493768.7 980492344.5 8.79368e-07 980490100 980497400 -22.0 -175.5 1.661584e+07 69.3 980494332.1 1.80266e-06 -1.0 -1.00000e+00 -1.0 -1.00000e+00
979385640.0 6.0 979386397.8 979386919.2 979390414.7 979388368.4 979387549.9 2.41468e-06 979386300 979390500 2.6 96.4 9.549440e+06 23.7 979388821.1 1.51815e-06 -1.0 -1.00000e+00 -1.0 -1.00000e+00
979327271.9 6.0 979328073.6 979328564.4 979332594.1 979330313.2 979329400.8 1.93558e-06 979328000 979332600 -5.1 102.6 1.064440e+07 39.1 979331196.8 2.06490e-06 -1.0 -1.00000e+00 -1.0 -1.00000e+00
978972205.8 6.0 978973278.5 978973590.3 978980230.4 978976791.2 978975415.6 1.12715e-06 978973200 978980300 -20.7 168.5 1.604924e+07 29.7 978976059.8 2.11452e-05 -1.0 -1.00000e+00 -1.0 -1.00000e+00
977204949.0 6.0 977206155.5 977206366.9 977214315.0 977210301.0 977208695.4 9.76750e-07 977206100 977214400 -63.6 -167.4 1.873201e+07 10.0 977211053.8 1.68016e-06 -1.0 -1.00000e+00 -1.0 -1.00000e+00
976447785.9 6.0 976448653.6 976449088.7 976454081.8 976451383.6 976450304.3 9.30884e-07 976448600 976454100 -7.3 128.8 1.259177e+07 140.4 976448946.8 9.44757e-07 -1.0 -1.00000e+00 -1.0 -1.00000e+00
975254502.1 6.0 975255517.1 975255888.5 975262449.0 975259043.2 975257680.9 1.22990e-06 975255500 975262500 -15.8 -178.8 1.589373e+07 15.0 975257885.9 1.37211e-06 -1.0 -1.00000e+00 -1.0 -1.00000e+00
974349408.5 6.0 974350601.6 974350812.7 974358143.8 974354400.1 974352902.6 1.02356e-06 974350600 974358200 -54.8 -131.6 1.747059e+07 22.8 974356043.2 1.02654e-06 -1.0 -1.00000e+00 -1.0 -1.00000e+00
972818312.3 6.0 972819197.8 972819643.0 972824656.7 972821937.7 972820850.1 1.63031e-06 972819100 972824700 -4.6 134.1 1.268876e+07 24.6 972821584.0 2.39201e-06 -1.0 -1.00000e+00 -1.0 -1.00000e+00
970544966.2 6.0 970545672.9 970546227.9 970549218.4 970547396.0 970546667.1 2.69123e-06 970545600 970549300 51.4 -175.2 8.504483e+06 32.4 970546697.5 9.04629e-06 -1.0 -1.00000e+00 -1.0 -1.00000e+00
969538375.1 6.0 969539263.0 969539707.7 969544742.9 969542013.8 969540922.2 1.65579e-06 969539200 969544800 -5.3 133.9 1.273563e+07 20.4 969543185.4 9.65402e-07 -1.0 -1.00000e+00 -1.0 -1.00000e+00
967625538.7 6.0 967626707.2 967626916.3 967633603.5 967630147.2 967628764.6 9.40310e-07 967626700 967633700 -17.5 -173.9 1.612963e+07 64.9 967626710.3 2.07512e-06 -1.0 -1.00000e+00 -1.0 -1.00000e+00
966404589.1 6.0 966405348.1 966405866.7 966409392.0 966407333.6 966406510.3 2.28637e-06 966405300 966409400 2.2 96.7 9.605660e+06 33.2 966408159.7 1.44346e-06 -1.0 -1.00000e+00 -1.0 -1.00000e+00
965000897.6 6.0 965001607.9 965002160.4 965005184.7 965003347.3 965002612.4 2.66820e-06 965001600 965005200 46.0 153.3 8.574127e+06 32.0 965002050.9 1.66849e-06 -1.0 -1.00000e+00 -1.0 -1.00000e+00
963517703.7 6.0 963518402.5 963518962.6 963521882.9 963520091.8 963519375.4 2.70882e-06 963518400 963521900 52.8 -169.6 8.358346e+06 35.6 963520837.3 7.18405e-07 -1.0 -1.00000e+00 -1.0 -1.00000e+00
