983857598.2 9.1 983858330.3 983858870.1 983862088.3 983860164.0 983859394.2 7.37678e-04 983858300.0 983862100.0 38.3 142.5 8980129.0 19.7 983860965.7 6.11239e-05 -1.0 -1.00000e+00 -1.0 -1.00000e+00
983858785.0 6.3 983859513.6 983860055.9 983863238.4 983861329.8 983860566.4 5.03604e-06 983859500.0 983863300.0 39.0 142.4 8906791.0 19.5 983860965.7 6.07341e-05 -1.0 -1.00000e+00 -1.0 -1.00000e+00
983860952.5 6.2 983861690.7 983862228.9 983865487.9 983863544.2 983862766.7 4.18489e-06 983861600.0 983865500.0 37.4 142.6 9070813.0 9.0 983861906.9 6.03988e-05 -1.0 -1.00000e+00 -1.0 -1.00000e+00
983673934.6 7.3 983674666.0 983675204.8 983678427.1 983676501.7 983675731.6 3.26743e-05 983674600.0 983678500.0 38.4 143.0 8985003.0 26.2 983676996.8 6.02747e-05 -1.0 -1.00000e+00 -1.0 -1.00000e+00
983862913.6 6.3 983863651.8 983864186.2 983867476.1 983865520.7 983864738.6 4.79556e-06 983863600.0 983867500.0 36.6 141.9 9124965.0 25.0 983863777.2 5.78535e-05 -1.0 -1.00000e+00 -1.0 -1.00000e+00
976987196.2 7.4 976987981.7 976988487.7 976992276.7 976990099.3 976989228.4 3.46045e-05 976987900.0 976992300.0 26.9 143.7 10161050.0 13.8 976990820.2 5.72100e-05 -1.0 -1.00000e+00 -1.0 -1.00000e+00
985010128.4 6.8 985010823.8 985011391.7 985014242.5 985012479.3 985011774.0 1.47388e-05 985010800.0 985014300.0 20.6 99.9 8228219.0 12.8 985013008.5 5.47916e-05 -1.0 -1.00000e+00 -1.0 -1.00000e+00
979417420.6 7.2 979417916.9 979418237.3 979419985.7 979418886.4 979418446.6 4.69470e-05 979417900.0 979420000.0 28.7 64.0 5130331.0 79.9 979418850.9 5.41178e-05 -1.0 -1.00000e+00 -1.0 -1.00000e+00
983866341.6 6.2 983867077.8 983867611.5 983870896.9 983868944.7 983868163.7 3.77050e-06 983867000.0 983870900.0 36.6 141.6 9110645.0 34.2 983867174.7 5.38459e-05 -1.0 -1.00000e+00 -1.0 -1.00000e+00
986221979.1 7.1 986222705.6 986223242.4 986226455.9 986224537.3 986223769.8 2.19574e-05 986222700.0 986226500.0 38.3 141.7 8953691.0 53.2 986225025.6 5.38319e-05 -1.0 -1.00000e+00 -1.0 -1.00000e+00
983878615.0 6.5 983879342.9 983879885.8 983883060.1 983881155.0 983880393.0 7.51649e-06 983879300.0 983883100.0 39.2 142.5 8890049.0 18.9 983881652.9 5.25665e-05 -1.0 -1.00000e+00 -1.0 -1.00000e+00
978970617.7 6.9 978971689.6 978972006.3 978978641.1 978975202.5 978973827.1 8.12588e-06 978971600.0 978978700.0 -20.6 168.6 16046970.0 14.8 978971797.3 5.16098e-05 -1.0 -1.00000e+00 -1.0 -1.00000e+00
972052957.2 7.8 972053748.9 972054249.6 972058125.3 972055910.4 972055024.4 6.85714e-05 972053700.0 972058200.0 -3.5 100.1 10336170.0 20.0 972056770.4 5.11108e-05 -1.0 -1.00000e+00 -1.0 -1.00000e+00
983741056.8 6.5 983741790.8 983742330.5 983745557.0 983743628.4 983742856.9 7.49399e-06 983741700.0 983745600.0 38.2 142.9 9000380.0 14.7 983744123.7 4.83737e-05 -1.0 -1.00000e+00 -1.0 -1.00000e+00
983867482.7 6.0 983868215.1 983868752.6 983871990.2 983870058.4 983869285.7 2.53727e-06 983868200.0 983872000.0 37.5 141.3 9014843.0 29.0 983870783.4 4.57020e-05 -1.0 -1.00000e+00 -1.0 -1.00000e+00
978034833.2 7.1 978035725.1 978036166.6 978041257.7 978038504.3 978037403.0 1.52018e-05 978035700.0 978041300.0 -38.4 -73.4 12849060.0 24.4 978038706.6 4.29475e-05 -1.0 -1.00000e+00 -1.0 -1.00000e+00
965769589.2 6.9 965770427.8 965770901.5 965775330.4 965772869.9 965771885.7 1.20406e-05 965770400.0 965775400.0 12.5 141.6 11482410.0 16.4 965773592.9 3.95592e-05 -1.0 -1.00000e+00 -1.0 -1.00000e+00
983929651.2 6.5 983930386.3 983930922.8 983934181.2 983932239.8 983931463.2 7.23013e-06 983930300.0 983934200.0 37.6 142.8 9060089.0 24.8 983932811.1 3.78131e-05 -1.0 -1.00000e+00 -1.0 -1.00000e+00
977318213.2 7.3 977319230.0 977319600.0 977326184.5 977322768.2 977321401.7 1.73984e-05 977319200.0 977326200.0 -19.8 167.9 15942690.0 15.7 977323520.8 3.48521e-05 -1.0 -1.00000e+00 -1.0 -1.00000e+00
971718808.8 6.7 971719571.7 971720092.0 971723623.5 971721560.0 971720734.7 1.01752e-05 971719500.0 971723700.0 24.8 -109.2 9629474.0 13.9 971721858.7 3.22057e-05 -1.0 -1.00000e+00 -1.0 -1.00000e+00
963493466.5 6.9 963494391.5 963494810.2 963500341.6 963497395.2 963496216.6 9.25926e-06 963494300.0 963500400.0 -6.0 150.5 13750180.0 45.8 963499748.3 3.04328e-05 -1.0 -1.00000e+00 -1.0 -1.00000e+00
963495315.9 7.3 963496241.8 963496660.4 963502197.8 963499248.4 963498068.7 1.99517e-05 963496200.0 963502200.0 -6.0 150.7 13763790.0 43.1 963499748.3 3.04183e-05 -1.0 -1.00000e+00 -1.0 -1.00000e+00
986544987.7 6.7 986545723.4 986546262.3 986549504.7 986547568.9 986546794.5 1.09731e-05 986545700.0 986549600.0 37.0 140.6 9034102.0 13.3 986548314.3 3.00685e-05 -1.0 -1.00000e+00 -1.0 -1.00000e+00
981489943.9 6.8 981490830.7 981491277.7 981496281.8 981493565.6 981492479.1 8.92669e-06 981490800.0 981496300.0 -36.5 -73.2 12675910.0 12.8 981493791.8 2.81234e-05 -1.0 -1.00000e+00 -1.0 -1.00000e+00
976905734.9 6.5 976906217.2 976906556.1 976908150.6 976907115.3 976906701.2 1.53340e-05 976906200.0 976908200.0 28.4 59.1 4831270.0 14.5 976907797.7 2.62668e-05 -1.0 -1.00000e+00 -1.0 -1.00000e+00
963960688.0 7.7 963961446.9 963961873.1 963966197.7 963963836.4 963962891.9 3.62128e-05 963961400.0 963966200.0 6.4 123.6 11019350.0 584.7 963962236.6 2.43060e-05 -1.0 -1.00000e+00 -1.0 -1.00000e+00
963958106.2 7.3 963958861.6 963959286.2 963963599.9 963961245.5 963960303.7 1.37285e-05 963958800.0 963963600.0 6.7 123.5 10987340.0 610.2 963962236.6 2.43024e-05 -1.0 -1.00000e+00 -1.0 -1.00000e+00
989052927.5 6.8 989053944.1 989054310.4 989060931.0 989057501.0 989056128.9 6.46618e-06 989053900.0 989061000.0 -20.3 168.3 16007090.0 33.4 989054103.7 2.39804e-05 -1.0 -1.00000e+00 -1.0 -1.00000e+00
967566961.5 7.0 967568166.4 967568378.8 967576139.0 967572205.8 967570632.5 8.52181e-06 967568100.0 967576200.0 -43.4 171.9 18355020.0 4.0 967572927.4 2.13369e-05 -1.0 -1.00000e+00 -1.0 -1.00000e+00
983891609.5 6.3 983892351.3 983892884.5 983896200.5 983894232.9 983893445.9 4.85648e-06 983892300.0 983896300.0 36.0 141.9 9181954.0 19.2 983894938.4 2.12615e-05 -1.0 -1.00000e+00 -1.0 -1.00000e+00
980319341.3 6.2 980319616.0 980319843.4 980320460.8 980319981.0 980319789.1 2.12021e-05 980319600.0 980320500.0 70.9 -6.9 2238905.0 6.4 980320306.1 2.03241e-05 -1.0 -1.00000e+00 -1.0 -1.00000e+00
983873449.5 6.0 983874176.2 983874717.9 983877896.0 983875990.3 983875228.1 2.59421e-06 983874100.0 983877900.0 39.2 142.6 8892828.0 28.1 983877258.0 2.01839e-05 -1.0 -1.00000e+00 -1.0 -1.00000e+00
983909498.5 6.1 983910228.6 983910771.0 983913958.8 983912047.2 983911282.6 3.40344e-06 983910200.0 983914000.0 39.0 142.8 8920533.0 14.7 983911132.9 1.94399e-05 -1.0 -1.00000e+00 -1.0 -1.00000e+00
983908025.0 6.2 983908741.8 983909294.5 983912344.1 983910493.1 983909752.7 4.40979e-06 983908700.0 983912400.0 40.4 139.2 8638006.0 11.2 983911132.9 1.94223e-05 -1.0 -1.00000e+00 -1.0 -1.00000e+00
985699766.5 6.1 985700036.7 985700261.2 985700897.5 985700412.8 985700218.9 1.28995e-05 985700000.0 985700900.0 35.7 26.5 2261967.0 75.5 985700523.0 1.93445e-05 -1.0 -1.00000e+00 -1.0 -1.00000e+00
985431289.0 6.2 985432024.9 985432562.0 985435818.3 985433877.2 985433100.7 4.01826e-06 985432000.0 985435900.0 37.4 142.3 9058613.0 19.8 985434482.2 1.87607e-05 -1.0 -1.00000e+00 -1.0 -1.00000e+00
983905393.6 6.2 983906121.1 983906663.1 983909842.7 983907936.0 983907173.3 4.03867e-06 983906100.0 983909900.0 39.3 143.0 8898089.0 24.2 983908392.8 1.86695e-05 -1.0 -1.00000e+00 -1.0 -1.00000e+00
965649270.0 7.1 965650022.7 965650514.0 965654233.6 965652106.4 965651255.5 1.58102e-05 965650000.0 965654300.0 -1.3 -77.4 9927204.0 206.5 965650087.0 1.82351e-05 -1.0 -1.00000e+00 -1.0 -1.00000e+00
965453041.4 7.3 965454046.1 965454419.9 965460896.4 965457529.9 965456183.4 1.73493e-05 965454000.0 965460900.0 -17.5 168.0 15709980.0 33.5 965457726.6 1.82104e-05 -1.0 -1.00000e+00 -1.0 -1.00000e+00
970234133.9 6.3 970234887.6 970235409.8 970238877.1 970236844.3 970236031.2 4.44841e-06 970234800.0 970238900.0 24.2 125.2 9486328.0 32.8 970237413.9 1.78910e-05 -1.0 -1.00000e+00 -1.0 -1.00000e+00
984014781.7 6.2 984015523.8 984016055.7 984019383.1 984017411.1 984016622.3 3.87511e-06 984015500.0 984019400.0 35.7 141.7 9202819.0 24.0 984018007.7 1.70678e-05 -1.0 -1.00000e+00 -1.0 -1.00000e+00
984813541.5 6.4 984814282.2 984814816.8 984818115.9 984816155.4 984815371.2 6.01237e-06 984814200.0 984818200.0 37.2 144.1 9148813.0 16.4 984816910.0 1.62907e-05 -1.0 -1.00000e+00 -1.0 -1.00000e+00
984822285.0 6.3 984823011.6 984823555.3 984826717.9 984824818.1 984824058.1 5.06999e-06 984823000.0 984826800.0 39.9 143.5 8865788.0 19.2 984825359.1 1.49505e-05 -1.0 -1.00000e+00 -1.0 -1.00000e+00
986598512.1 6.2 986599254.5 986599787.9 986603105.9 986601137.1 986600349.6 3.99590e-06 986599200.0 986603200.0 35.4 140.7 9187588.0 16.7 986601735.1 1.48175e-05 -1.0 -1.00000e+00 -1.0 -1.00000e+00
984118371.7 6.0 984119106.4 984119644.6 984122887.3 984120952.0 984120177.9 2.66196e-06 984119100.0 984122900.0 37.8 142.5 9031177.0 18.8 984121451.4 1.34520e-05 -1.0 -1.00000e+00 -1.0 -1.00000e+00
985299853.7 6.2 985300584.9 985301125.3 985304334.0 985302413.9 985301645.8 4.07329e-06 985300500.0 985304400.0 38.4 142.2 8960618.0 19.8 985302906.1 1.33495e-05 -1.0 -1.00000e+00 -1.0 -1.00000e+00
983729791.1 6.1 983730522.9 983731061.7 983734286.0 983732359.7 983731589.1 3.22078e-06 983730500.0 983734300.0 38.3 142.7 8989830.0 25.0 983732850.8 1.22040e-05 -1.0 -1.00000e+00 -1.0 -1.00000e+00
984820760.3 6.2 984821494.2 984822030.8 984825281.8 984823344.0 984822568.9 3.89355e-06 984821400.0 984825300.0 37.4 141.8 9042868.0 28.4 984825172.7 1.11725e-05 -1.0 -1.00000e+00 -1.0 -1.00000e+00
968786490.2 6.2 968786964.4 968787272.7 968788993.9 968787920.9 968787491.7 3.80014e-06 968786900.0 968789000.0 36.5 71.0 5007499.0 215.4 968787150.9 1.11041e-05 -1.0 -1.00000e+00 -1.0 -1.00000e+00
987567430.3 6.8 987568388.5 987568771.9 987574779.0 987571629.6 987570369.8 6.47760e-06 987568300.0 987574800.0 -10.4 161.2 14697420.0 85.6 987571765.5 1.10874e-05 -1.0 -1.00000e+00 -1.0 -1.00000e+00
975294744.4 6.6 975295670.6 975296091.3 975301610.0 975298667.6 975297490.7 5.24744e-06 975295600.0 975301700.0 -6.1 149.9 13731210.0 30.7 975299141.4 1.10170e-05 -1.0 -1.00000e+00 -1.0 -1.00000e+00
969815500.0 7.0 969816386.5 969816831.9 969821849.6 969819128.3 969818039.8 1.28461e-05 969816300.0 969821900.0 -5.0 133.8 12699300.0 20.5 969820282.3 1.08220e-05 -1.0 -1.00000e+00 -1.0 -1.00000e+00
981690024.2 6.6 981690907.0 981691355.4 981696320.3 981693622.0 981692542.7 6.04123e-06 981690900.0 981696400.0 -35.5 -73.1 12592050.0 17.0 981693941.1 1.07664e-05 -1.0 -1.00000e+00 -1.0 -1.00000e+00
980152725.0 6.2 980153207.5 980153545.4 980155146.3 980154108.6 980153693.5 8.54511e-06 980153200.0 980155200.0 28.2 59.1 4842494.0 18.5 980154862.9 9.29896e-06 -1.0 -1.00000e+00 -1.0 -1.00000e+00
970544966.2 6.0 970545672.9 970546227.9 970549218.4 970547396.0 970546667.1 2.69123e-06 970545600.0 970549300.0 51.4 -175.2 8504483.0 32.4 970546697.5 9.04629e-06 -1.0 -1.00000e+00 -1.0 -1.00000e+00
970543589.2 6.4 970544297.5 970544853.1 970547845.4 970546021.3 970545291.7 6.39626e-06 970544200.0 970547900.0 51.3 -175.3 8512493.0 24.4 970546697.5 9.04121e-06 -1.0 -1.00000e+00 -1.0 -1.00000e+00
963467820.8 6.7 963468522.0 963469083.5 963472003.8 963470211.1 963469494.0 1.17757e-05 963468500.0 963472100.0 52.8 -169.8 8365845.0 21.5 963471013.1 8.48442e-06 -1.0 -1.00000e+00 -1.0 -1.00000e+00
986217098.4 6.7 986217833.9 986218343.9 986221809.7 986219790.6 986218983.0 7.47878e-06 986217800.0 986221900.0 17.3 -94.1 9422623.0 165.1 986217837.7 8.25668e-06 -1.0 -1.00000e+00 -1.0 -1.00000e+00
977148048.5 6.4 977148740.9 977149307.0 977152154.3 977150394.7 977149690.8 6.63552e-06 977148700.0 977152200.0 53.0 171.1 8211784.0 26.4 977151165.1 8.21603e-06 -1.0 -1.00000e+00 -1.0 -1.00000e+00
964497389.6 6.3 964498074.1 964498637.5 964501425.9 964499696.1 964499004.2 5.46621e-06 964498000.0 964501500.0 52.4 159.9 8072534.0 30.3 964500305.7 7.73298e-06 -1.0 -1.00000e+00 -1.0 -1.00000e+00
963131556.9 6.6 963132447.6 963132889.6 963137969.9 963135221.5 963134122.1 5.78035e-06 963132400.0 963138000.0 -38.1 -73.5 12826180.0 25.7 963135423.8 7.51677e-06 -1.0 -1.00000e+00 -1.0 -1.00000e+00
965862081.0 6.3 965862918.6 965863390.4 965867833.5 965865368.1 965864382.0 3.54323e-06 965862900.0 965867900.0 12.2 141.5 11505080.0 28.4 965865924.8 7.49172e-06 -1.0 -1.00000e+00 -1.0 -1.00000e+00
980862841.3 6.3 980863490.5 980864022.8 980866615.0 980864997.7 980864350.8 4.87036e-06 980863400.0 980866700.0 24.6 94.7 7547295.0 86.5 980865530.0 7.37744e-06 -1.0 -1.00000e+00 -1.0 -1.00000e+00
984231122.5 6.0 984231861.8 984232397.7 984235679.9 984233726.7 984232945.4 2.68108e-06 984231800.0 984235700.0 35.3 138.7 9114814.0 14.9 984234385.7 7.03433e-06 -1.0 -1.00000e+00 -1.0 -1.00000e+00
991094716.7 6.1 991095456.3 991095990.9 991099285.0 991097327.2 991096544.0 3.23062e-06 991095400.0 991099300.0 37.3 144.0 9136592.0 19.6 991097916.1 7.02033e-06 -1.0 -1.00000e+00 -1.0 -1.00000e+00
984370452.6 6.1 984371173.0 984371717.1 984374847.9 984372964.2 984372210.7 3.13403e-06 984371100.0 984374900.0 40.2 142.4 8790553.0 37.7 984373446.8 6.96239e-06 -1.0 -1.00000e+00 -1.0 -1.00000e+00
983457171.9 6.5 983458041.9 983458484.0 983463425.1 983460745.2 983459673.2 4.05256e-06 983458000.0 983463500.0 -56.4 -27.0 12506370.0 92.0 983458913.1 6.91206e-06 -1.0 -1.00000e+00 -1.0 -1.00000e+00
984237849.6 6.0 984238573.1 984239118.2 984242255.4 984240367.2 984239611.9 2.69369e-06 984238500.0 984242300.0 40.4 143.4 8811574.0 22.9 984240850.7 6.81415e-06 -1.0 -1.00000e+00 -1.0 -1.00000e+00
983970956.1 6.2 983971688.9 983972225.1 983975474.0 983973537.8 983972763.3 3.81576e-06 983971600.0 983975500.0 37.2 141.3 9035773.0 33.8 983972735.5 6.49231e-06 -1.0 -1.00000e+00 -1.0 -1.00000e+00
967547783.1 6.5 967548486.9 967549041.3 967552022.3 967550205.5 967549478.8 7.37883e-06 967548400.0 967552100.0 51.6 -176.0 8478389.0 45.8 967551078.5 6.48874e-06 -1.0 -1.00000e+00 -1.0 -1.00000e+00
983491793.1 6.4 983492755.2 983493143.2 983499129.5 983495985.4 983494727.7 3.04395e-06 983492700.0 983499200.0 -10.3 160.7 14672730.0 44.1 983496575.6 6.20106e-06 -1.0 -1.00000e+00 -1.0 -1.00000e+00
983812132.3 6.6 983812926.8 983813342.1 983818011.5 983815491.8 983814484.0 1.90042e-06 983812900.0 983818100.0 -6.9 116.7 11758280.0 518.6 983813706.4 6.11901e-06 -1.0 -1.00000e+00 -1.0 -1.00000e+00
975122696.2 6.8 975123415.2 975123880.7 975127602.3 975125499.7 975124658.7 4.76661e-06 975123400.0 975127700.0 28.4 139.2 9812162.0 485.0 975126118.7 5.74472e-06 -1.0 -1.00000e+00 -1.0 -1.00000e+00
977089797.0 6.4 977090580.1 977091083.7 977094881.6 977092702.5 977091830.9 5.03611e-06 977090500.0 977094900.0 26.8 143.6 10169180.0 31.9 977093256.1 5.68469e-06 -1.0 -1.00000e+00 -1.0 -1.00000e+00
979872345.5 6.1 979872830.5 979873152.6 979874846.5 979873774.6 979873345.9 4.68944e-06 979872800.0 979874900.0 38.4 72.8 5001982.0 101.9 979873474.4 5.32059e-06 -1.0 -1.00000e+00 -1.0 -1.00000e+00
978602638.6 6.5 978603653.0 978604023.4 978610589.8 978607182.2 978605819.1 3.63483e-06 978603600.0 978610600.0 -19.3 168.4 15902400.0 20.7 978607053.5 5.09258e-06 -1.0 -1.00000e+00 -1.0 -1.00000e+00
987588781.9 6.0 987589509.0 987590049.6 987593237.5 987591328.0 987590564.2 2.54176e-06 987589500.0 987593300.0 39.2 142.9 8911226.0 31.7 987591839.5 5.08240e-06 -1.0 -1.00000e+00 -1.0 -1.00000e+00
985896418.3 6.7 985897251.2 985897724.9 985902118.0 985899675.3 985898698.2 8.01651e-06 985897200.0 985902200.0 -9.7 107.8 11399560.0 31.9 985897512.1 4.98574e-06 -1.0 -1.00000e+00 -1.0 -1.00000e+00
990968136.0 6.3 990969028.5 990969472.9 990974539.2 990971795.0 990970697.3 3.28892e-06 990969000.0 990974600.0 -37.6 -73.8 12806360.0 10.0 990972168.8 4.49865e-06 -1.0 -1.00000e+00 -1.0 -1.00000e+00
981568691.2 6.1 981569863.2 981570069.1 981576935.7 981573402.3 981571989.0 1.07587e-06 981569800.0 981577000.0 -20.9 -175.6 16489050.0 85.9 981570255.1 4.46621e-06 -1.0 -1.00000e+00 -1.0 -1.00000e+00
973397140.1 6.5 973398064.0 973398489.3 973403947.2 973401029.9 973399863.0 4.50588e-06 973398000.0 973404000.0 -45.6 96.4 13614090.0 15.3 973401834.5 4.44481e-06 -1.0 -1.00000e+00 -1.0 -1.00000e+00
967981072.7 6.3 967982236.7 967982453.4 967989130.9 967985677.4 967984296.0 2.10052e-06 967982200.0 967989200.0 -20.8 170.0 16116350.0 50.0 967985912.1 4.37343e-06 -1.0 -1.00000e+00 -1.0 -1.00000e+00
985874844.0 6.4 985875919.1 985876120.2 985882890.1 985879441.7 985878062.4 5.62469e-07 985875900.0 985882900.0 -17.6 -178.5 16092160.0 547.2 985875962.9 4.34867e-06 -1.0 -1.00000e+00 -1.0 -1.00000e+00
975821090.1 6.3 975821966.5 975822416.0 975827328.9 975824655.1 975823585.6 3.18409e-06 975821900.0 975827400.0 -56.4 -25.6 12477460.0 29.0 975825107.9 4.24078e-06 -1.0 -1.00000e+00 -1.0 -1.00000e+00
981508635.7 6.0 981509524.8 981509971.1 981514996.1 981512270.2 981511179.9 1.74586e-06 981509500.0 981515000.0 -37.0 -73.2 12720700.0 10.0 981512853.0 4.14008e-06 -1.0 -1.00000e+00 -1.0 -1.00000e+00
964994519.0 6.9 964995443.9 964995862.6 965001393.1 964998447.0 964997268.6 9.25760e-06 964995400.0 965001400.0 -5.8 150.8 13748190.0 46.0 964999021.4 4.12850e-06 -1.0 -1.00000e+00 -1.0 -1.00000e+00
966022563.5 6.2 966023677.3 966023834.6 966030784.3 966027261.1 966025851.8 1.86472e-07 966023600.0 966030800.0 -20.8 -178.8 16441760.0 600.8 966023685.8 4.06825e-06 -1.0 -1.00000e+00 -1.0 -1.00000e+00
986389085.0 6.0 986389831.2 986390359.9 986393734.2 986391741.7 986390944.7 2.47044e-06 986389800.0 986393800.0 30.0 131.8 9298209.0 26.2 986392449.3 3.77210e-06 -1.0 -1.00000e+00 -1.0 -1.00000e+00
989442456.8 6.0 989442931.1 989443240.7 989444956.1 989443885.0 989443456.5 2.18376e-06 989442900.0 989445000.0 36.4 70.7 4998627.0 207.6 989443111.4 3.68966e-06 -1.0 -1.00000e+00 -1.0 -1.00000e+00
977640877.3 6.3 977641891.2 977642258.9 977648849.8 977645433.0 977644066.3 2.24713e-06 977641800.0 977648900.0 -19.8 168.1 15945040.0 34.9 977642060.0 3.67675e-06 -1.0 -1.00000e+00 -1.0 -1.00000e+00
985565533.9 6.4 985566552.1 985566920.4 985573530.5 985570103.4 985568732.5 2.93187e-06 985566500.0 985573600.0 -16.5 -177.4 15993330.0 19.4 985570640.0 3.61022e-06 -1.0 -1.00000e+00 -1.0 -1.00000e+00
988642714.8 6.1 988643450.5 988643987.7 988647242.2 988645301.9 988644525.7 3.26664e-06 988643400.0 988647300.0 38.2 144.2 9054754.0 19.7 988645757.0 3.53182e-06 -1.0 -1.00000e+00 -1.0 -1.00000e+00
989364967.9 6.1 989365699.6 989366235.6 989369481.1 989367546.9 989366773.2 3.01824e-06 989365600.0 989369500.0 37.4 141.5 9026267.0 38.6 989368208.8 3.51917e-06 -1.0 -1.00000e+00 -1.0 -1.00000e+00
966362190.1 6.1 966363127.7 966363543.4 966369185.6 966366187.6 966364988.3 1.79392e-06 966363100.0 966369200.0 -6.5 154.2 13990960.0 23.5 966366955.8 3.27830e-06 -1.0 -1.00000e+00 -1.0 -1.00000e+00
978903189.5 6.5 978903912.1 978904369.3 978908183.4 978906043.2 978905187.1 1.60849e-06 978903900.0 978908200.0 27.0 140.0 9987752.0 524.5 978906757.1 3.26482e-06 -1.0 -1.00000e+00 -1.0 -1.00000e+00
968052496.9 6.2 968053385.6 968053830.2 968058870.7 968056139.0 968055046.4 2.59511e-06 968053300.0 968058900.0 -37.1 -73.5 12747620.0 18.6 968056399.9 3.25926e-06 -1.0 -1.00000e+00 -1.0 -1.00000e+00
984644786.1 6.0 984645549.5 984646064.0 984649649.7 984647565.3 984646731.5 2.17553e-06 984645500.0 984649700.0 19.1 121.3 9727087.0 39.9 984648091.6 3.06628e-06 -1.0 -1.00000e+00 -1.0 -1.00000e+00
972862499.6 6.1 972863677.9 972863889.1 972870732.6 972867204.2 972865792.8 1.35979e-06 972863600.0 972870800.0 -20.5 -174.2 16465930.0 33.1 972863684.4 2.96526e-06 -1.0 -1.00000e+00 -1.0 -1.00000e+00
965806233.4 6.1 965807071.5 965807544.3 965811979.8 965809517.0 965808531.9 2.37088e-06 965807000.0 965812000.0 12.3 141.5 11492880.0 21.6 965810139.4 2.95762e-06 -1.0 -1.00000e+00 -1.0 -1.00000e+00
972070665.5 6.3 972071455.7 972071956.8 972075820.0 972073610.9 972072727.3 4.15566e-06 972071400.0 972075900.0 -3.0 100.4 10309100.0 22.6 972074372.0 2.93105e-06 -1.0 -1.00000e+00 -1.0 -1.00000e+00
982367517.3 6.1 982368722.5 982368934.8 982376723.7 982372778.1 982371199.9 1.30210e-06 982368700.0 982376800.0 -43.5 172.7 18412790.0 4.8 982373186.9 2.90221e-06 -1.0 -1.00000e+00 -1.0 -1.00000e+00
978628929.0 6.2 978629942.0 978630311.3 978636881.6 978633473.4 978632110.0 1.83004e-06 978629900.0 978636900.0 -19.4 168.2 15905380.0 30.0 978630111.9 2.85136e-06 -1.0 -1.00000e+00 -1.0 -1.00000e+00
965920184.6 6.3 965921088.6 965921496.1 965926994.0 965924075.6 965922908.3 1.67038e-06 965921000.0 965927000.0 -5.8 148.4 13618770.0 180.8 965921403.5 2.76577e-06 -1.0 -1.00000e+00 -1.0 -1.00000e+00
987428238.1 6.2 987428975.6 987429506.6 987432818.7 987430855.6 987430070.3 3.61198e-06 987428900.0 987432900.0 35.6 140.6 9161199.0 43.4 987431582.1 2.76404e-06 -1.0 -1.00000e+00 -1.0 -1.00000e+00
984365296.9 6.2 984366300.9 984366676.3 984373131.4 984369773.8 984368430.7 1.88754e-06 984366300.0 984373200.0 -17.2 167.8 15669120.0 27.5 984370366.5 2.68519e-06 -1.0 -1.00000e+00 -1.0 -1.00000e+00
982273419.9 6.2 982274086.1 982274633.1 982277299.1 982275636.6 982274971.6 4.51198e-06 982274000.0 982277300.0 55.8 162.2 7758375.0 39.1 982276198.7 2.58983e-06 -1.0 -1.00000e+00 -1.0 -1.00000e+00
982674462.0 6.0 982675202.1 982675715.3 982679181.1 982677158.6 982676349.6 1.44729e-06 982675200.0 982679200.0 17.8 -95.2 9438174.0 130.6 982676816.3 2.55339e-06 -1.0 -1.00000e+00 -1.0 -1.00000e+00
989500110.4 6.1 989500712.5 989500999.4 989503420.3 989502001.8 989501434.4 4.83959e-06 989500700.0 989503500.0 0.5 -25.6 6619755.0 18.9 989502271.4 2.49001e-06 -1.0 -1.00000e+00 -1.0 -1.00000e+00
987166999.4 6.5 987168187.0 987168390.0 987175929.7 987172102.4 987170571.5 2.51502e-06 987168100.0 987176000.0 -34.3 179.9 17860740.0 98.1 987171762.2 2.44893e-06 -1.0 -1.00000e+00 -1.0 -1.00000e+00
972818312.3 6.0 972819197.8 972819643.0 972824656.7 972821937.7 972820850.1 1.63031e-06 972819100.0 972824700.0 -4.6 134.1 12688760.0 24.6 972821584.0 2.39201e-06 -1.0 -1.00000e+00 -1.0 -1.00000e+00
963688717.8 6.3 963689643.8 963690062.7 963695598.9 963692649.8 963691470.2 2.68322e-06 963689600.0 963695600.0 -6.0 150.7 13762180.0 41.1 963693148.6 2.34131e-06 -1.0 -1.00000e+00 -1.0 -1.00000e+00
970551805.0 6.2 970552634.8 970553091.5 970557626.8 970555131.8 970554133.7 1.81298e-06 970552600.0 970557700.0 2.8 128.2 11643590.0 140.8 970553348.8 2.32246e-06 -1.0 -1.00000e+00 -1.0 -1.00000e+00
972487131.0 6.3 972488333.2 972488545.1 972496209.6 972492318.8 972490762.4 2.04397e-06 972488300.0 972496300.0 -57.1 -142.4 18157100.0 10.0 972492877.3 2.27077e-06 -1.0 -1.00000e+00 -1.0 -1.00000e+00
967911228.5 6.3 967912243.5 967912614.9 967919175.1 967915769.4 967914407.1 2.42217e-06 967912200.0 967919200.0 -15.9 -179.2 15893200.0 14.7 967915995.8 2.24983e-06 -1.0 -1.00000e+00 -1.0 -1.00000e+00
966184112.1 6.2 966184951.1 966185424.1 966189863.2 966187398.4 966186412.5 2.97728e-06 966184900.0 966189900.0 12.2 141.5 11502310.0 18.3 966187936.8 2.15498e-06 -1.0 -1.00000e+00 -1.0 -1.00000e+00
981143637.9 6.5 981144535.7 981144907.6 981150687.2 981147666.0 981146457.6 1.42287e-06 981144500.0 981150700.0 -7.1 155.3 14098640.0 414.8 981145722.4 2.15147e-06 -1.0 -1.00000e+00 -1.0 -1.00000e+00
989519845.9 6.5 989520778.9 989521192.8 989526822.8 989523832.7 989522636.7 4.00048e-06 989520700.0 989526900.0 -6.1 154.4 13953840.0 46.9 989523963.2 2.11067e-06 -1.0 -1.00000e+00 -1.0 -1.00000e+00
967625538.7 6.0 967626707.2 967626916.3 967633603.5 967630147.2 967628764.6 9.40310e-07 967626700.0 967633700.0 -17.5 -173.9 16129630.0 64.9 967626710.3 2.07512e-06 -1.0 -1.00000e+00 -1.0 -1.00000e+00
979327271.9 6.0 979328073.6 979328564.4 979332594.1 979330313.2 979329400.8 1.93558e-06 979328000.0 979332600.0 -5.1 102.6 10644400.0 39.1 979331196.8 2.06490e-06 -1.0 -1.00000e+00 -1.0 -1.00000e+00
964423931.7 6.6 964424686.8 964425110.7 964429428.3 964427072.6 964426130.3 1.62101e-06 964424600.0 964429500.0 6.6 123.4 10993260.0 615.8 964424951.5 2.05309e-06 -1.0 -1.00000e+00 -1.0 -1.00000e+00
987721689.7 6.1 987722545.4 987723006.8 987727668.1 987725105.9 987724081.0 2.18240e-06 987722500.0 987727700.0 -4.5 122.9 11956720.0 28.3 987725478.2 2.03375e-06 -1.0 -1.00000e+00 -1.0 -1.00000e+00
964961920.4 6.4 964962626.4 964963181.7 964966166.4 964964346.7 964963618.8 6.23958e-06 964962600.0 964966200.0 51.4 -178.5 8491883.0 33.3 964964287.6 1.99477e-06 -1.0 -1.00000e+00 -1.0 -1.00000e+00
964872522.5 6.3 964873363.4 964873829.2 964878350.6 964875852.9 964874853.8 3.22445e-06 964873300.0 964878400.0 1.3 126.3 11656140.0 50.6 964876370.5 1.93165e-06 -1.0 -1.00000e+00 -1.0 -1.00000e+00
983449933.5 6.3 983450736.0 983451213.1 983455375.6 983453043.3 983452110.3 2.81518e-06 983450700.0 983455400.0 -18.2 -69.5 10884190.0 114.5 983451501.4 1.90188e-06 -1.0 -1.00000e+00 -1.0 -1.00000e+00
978245190.4 6.1 978246355.6 978246558.0 978253359.4 978249858.4 978248458.0 9.25597e-07 978246300.0 978253400.0 -22.3 171.7 16338110.0 123.2 978246360.1 1.89229e-06 -1.0 -1.00000e+00 -1.0 -1.00000e+00
976238097.8 6.2 976239023.6 976239424.8 976245127.8 976242115.0 976240909.8 1.38583e-06 976239000.0 976245200.0 -6.5 155.7 14060000.0 144.8 976239484.6 1.86556e-06 -1.0 -1.00000e+00 -1.0 -1.00000e+00
966651134.9 6.2 966651915.2 966652420.9 966656182.7 966654019.4 966653154.0 3.36642e-06 966651900.0 966656200.0 18.6 -107.2 10095570.0 30.0 966654448.2 1.85074e-06 -1.0 -1.00000e+00 -1.0 -1.00000e+00
988186771.7 6.2 988187532.2 988188055.1 988191550.7 988189502.6 988188683.3 3.90285e-06 988187500.0 988191600.0 6.9 -82.4 9557988.0 10.0 988189734.9 1.80307e-06 -1.0 -1.00000e+00 -1.0 -1.00000e+00
980489021.3 6.0 980490197.3 980490404.6 980497329.3 980493768.7 980492344.5 8.79368e-07 980490100.0 980497400.0 -22.0 -175.5 16615840.0 69.3 980494332.1 1.80266e-06 -1.0 -1.00000e+00 -1.0 -1.00000e+00
977560472.1 6.3 977561594.6 977561755.9 977568823.6 977565244.4 977563812.7 3.47614e-07 977561500.0 977568900.0 -23.4 -179.7 16703060.0 550.9 977561731.4 1.75751e-06 -1.0 -1.00000e+00 -1.0 -1.00000e+00
977204949.0 6.0 977206155.5 977206366.9 977214315.0 977210301.0 977208695.4 9.76750e-07 977206100.0 977214400.0 -63.6 -167.4 18732010.0 10.0 977211053.8 1.68016e-06 -1.0 -1.00000e+00 -1.0 -1.00000e+00
962797428.0 6.3 962798280.6 962798746.1 962803345.8 962800809.6 962799795.1 3.55667e-06 962798200.0 962803400.0 11.2 146.1 11835530.0 16.9 962801441.6 1.67297e-06 -1.0 -1.00000e+00 -1.0 -1.00000e+00
965000897.6 6.0 965001607.9 965002160.4 965005184.7 965003347.3 965002612.4 2.66820e-06 965001600.0 965005200.0 46.0 153.3 8574127.0 32.0 965002050.9 1.66849e-06 -1.0 -1.00000e+00 -1.0 -1.00000e+00
985214998.3 6.0 985216012.2 985216382.6 985222946.6 985219540.2 985218177.6 1.18782e-06 985216000.0 985223000.0 -15.9 -179.2 15896610.0 22.0 985220005.5 1.61350e-06 -1.0 -1.00000e+00 -1.0 -1.00000e+00
979385640.0 6.0 979386397.8 979386919.2 979390414.7 979388368.4 979387549.9 2.41468e-06 979386300.0 979390500.0 2.6 96.4 9549440.0 23.7 979388821.1 1.51815e-06 -1.0 -1.00000e+00 -1.0 -1.00000e+00
966404589.1 6.0 966405348.1 966405866.7 966409392.0 966407333.6 966406510.3 2.28637e-06 966405300.0 966409400.0 2.2 96.7 9605660.0 33.2 966408159.7 1.44346e-06 -1.0 -1.00000e+00 -1.0 -1.00000e+00
975254502.1 6.0 975255517.1 975255888.5 975262449.0 975259043.2 975257680.9 1.22990e-06 975255500.0 975262500.0 -15.8 -178.8 15893730.0 15.0 975257885.9 1.37211e-06 -1.0 -1.00000e+00 -1.0 -1.00000e+00
982976040.4 6.1 982977009.5 982977402.0 982983390.0 982980240.1 982978980.2 1.82382e-06 982977000.0 982983400.0 -29.6 -112.1 14699250.0 3.8 982980379.0 1.31250e-06 -1.0 -1.00000e+00 -1.0 -1.00000e+00
964941348.4 6.5 964942243.7 964942649.5 964948104.3 964945208.9 964944050.8 2.58032e-06 964942200.0 964948200.0 -5.5 146.9 13511810.0 219.7 964942556.6 1.29115e-06 -1.0 -1.00000e+00 -1.0 -1.00000e+00
974538082.2 6.1 974539000.9 974539418.5 974544918.8 974541988.8 974540816.8 1.49039e-06 974539000.0 974545000.0 -6.0 149.0 13673330.0 73.0 974542499.4 1.21750e-06 -1.0 -1.00000e+00 -1.0 -1.00000e+00
965964669.2 6.3 965965423.6 965965949.4 965969389.5 965967366.5 965966557.3 4.76703e-06 965965400.0 965969400.0 -17.8 65.6 9440517.0 14.7 965967201.8 1.21299e-06 -1.0 -1.00000e+00 -1.0 -1.00000e+00
974349408.5 6.0 974350601.6 974350812.7 974358143.8 974354400.1 974352902.6 1.02356e-06 974350600.0 974358200.0 -54.8 -131.6 17470590.0 22.8 974356043.2 1.02654e-06 -1.0 -1.00000e+00 -1.0 -1.00000e+00
989362090.3 6.0 989362834.9 989363355.0 989366789.0 989364775.3 989363969.8 1.89807e-06 989362800.0 989366800.0 10.1 -84.2 9397334.0 76.8 989362837.0 1.02573e-06 -1.0 -1.00000e+00 -1.0 -1.00000e+00
969538375.1 6.0 969539263.0 969539707.7 969544742.9 969542013.8 969540922.2 1.65579e-06 969539200.0 969544800.0 -5.3 133.9 12735630.0 20.4 969543185.4 9.65402e-07 -1.0 -1.00000e+00 -1.0 -1.00000e+00
976447785.9 6.0 976448653.6 976449088.7 976454081.8 976451383.6 976450304.3 9.30884e-07 976448600.0 976454100.0 -7.3 128.8 12591770.0 140.4 976448946.8 9.44757e-07 -1.0 -1.00000e+00 -1.0 -1.00000e+00
963984916.8 6.6 963985678.4 963986106.0 963990437.4 963988071.5 963987125.1 1.82972e-06 963985600.0 963990500.0 6.2 123.6 11041220.0 564.7 963987283.5 8.84522e-07 -1.0 -1.00000e+00 -1.0 -1.00000e+00
963738980.0 6.1 963739812.2 963740272.4 963744789.5 963742299.7 963741303.8 1.57078e-06 963739800.0 963744800.0 3.0 128.2 11619010.0 111.9 963740079.0 7.93754e-07 -1.0 -1.00000e+00 -1.0 -1.00000e+00
963517703.7 6.0 963518402.5 963518962.6 963521882.9 963520091.8 963519375.4 2.70882e-06 963518400.0 963521900.0 52.8 -169.6 8358346.0 35.6 963520837.3 7.18405e-07 -1.0 -1.00000e+00 -1.0 -1.00000e+00
962928695.1 6.2 962929509.4 962929980.5 962934278.0 962931885.3 962930928.2 2.16585e-06 962929500.0 962934300.0 -22.3 -68.3 11165890.0 109.4 962929757.1 4.40687e-07 -1.0 -1.00000e+00 -1.0 -1.00000e+00
