    1129885799.6         1129886582.9         5.22451e-06               1           
    1133509823.6         1133510622.0         3.87236e-05               1           
    1133509824.5         1133510622.0         3.87236e-05               1           
    1133509823.0         1133510622.2         3.87236e-05               1           
    1133691727.4         1133692581.2         4.48998e-06               1           
    1133691725.5         1133692581.1         4.48998e-06               1           
    1131483108.0         1131483843.0         5.11591e-06               1           
    1136777150.6         1136777788.7         2.15446e-06               1           
    1136777150.0         1136777788.1         2.15446e-06               1           
    1131779424.3         1131780193.4          3.4697e-06               1           
    1130643872.2         1130644755.6         9.72517e-07               1           
    1136565504.1         1136566341.0         2.91956e-06               1           
    1136565502.9         1136566341.0         2.91956e-06               1           
    1136565502.0         1136566340.1         2.91956e-06               1           
    1136567301.0         1136567913.6         2.55963e-06               1           
    1135021460.1         1135022294.3         3.49958e-07               1           
    1132131989.1         1132132847.6         6.73826e-08               1           
    1128560324.2         1128561157.0         9.78866e-07               1           
    1133701098.8         1133701859.6         8.93282e-07               1           
    1132131990.5         1132132847.1         6.73826e-08               1           
    1136777145.3         1136777831.9          2.2423e-06               1           
    1132406512.8         1132407181.9          2.8884e-08               0           
    1129608275.1         1129609478.0         1.43066e-07               0           
    1127338852.4         1127339700.4         2.55459e-07               1           
    1134526270.3         1134527054.2         4.09682e-07               1           
    1136627128.6         1136628331.9         1.20833e-07               0           
    1129885789.0         1129886575.2         5.22451e-06               1           
    1127888832.8         1127889599.3         3.40574e-07               1           
    1136699779.2         1136700474.5         4.12323e-08               1           
    1136627128.4         1136628331.8         1.20833e-07               0           
    1135033875.2         1135034730.5         2.75072e-08               1           
    1134924926.9         1134925934.4         1.51949e-07               0           
    1134588322.5         1134589089.6         1.76968e-07               1           
    1133024922.1         1133025650.6         1.25293e-07               1           
    1131669590.5         1131670064.9         3.26233e-07               1           
    1131320196.2         1131321051.0         2.83517e-08               1           
    1130100417.3         1130101167.8         1.18707e-08               1           
    1129820354.7         1129821144.3         2.04551e-07               1           
    1127887439.1         1127888233.6         3.53475e-07               1           
    1137176675.4         1137177451.7         3.51372e-07               1           
    1136804675.0         1136805408.6         5.31687e-07               1           
    1134924926.5         1134925933.8         1.51949e-07               0           
    1134588322.6         1134589089.6         1.76968e-07               1           
    1136664316.7         1136665098.6         9.58075e-09               1           
    1135743756.7         1135744371.5          2.9466e-08               0           
    1133784331.7         1133785294.3         6.15275e-08               0           
    1132513078.6         1132513923.5         6.27172e-08               0           
    1131010514.3         1131011428.8         6.99226e-07               0           
    1131005634.4         1131006335.6         1.84736e-08               0           
    1129368565.8         1129369247.0         2.53425e-08               0           
    1127137755.5         1127137873.7         5.84467e-06               1           
    1126688846.5         1126689617.6         2.12334e-07               1           
    1136664316.0         1136665097.9         9.58075e-09               1           
    1136463139.4         1136463994.9         2.50262e-07               1           
    1133614584.4         1133615354.4         1.33986e-07               0           
    1133456986.3         1133457677.5         1.34012e-08               0           
    1132724697.1         1132725466.8         1.33482e-07               1           
    1132714284.8         1132714900.9         5.52323e-09               1           
    1132660004.2         1132660472.0         1.36369e-07               0           
    1132346498.5         1132346900.7         8.84524e-07               1           
    1131816593.3         1131817383.1          1.1114e-07               1           
    1131429874.2         1131430655.9         8.69344e-08               1           
    1131258410.7         1131258992.4         6.54115e-07               1           
    1129139556.9         1129140359.2         1.55063e-08               1           
    1128672318.6         1128673159.4         8.03161e-08               0           
    1128654936.2         1128655708.1         9.72066e-08               0           
    1137204824.2         1137205608.6         2.39191e-08               1           
    1137021766.0         1137022630.5         1.44806e-07               1           
    1136812506.2         1136813322.8         7.24493e-08               1           
    1136804675.8         1136805409.3         5.31687e-07               1           
    1134572633.0         1134573566.2         3.63795e-08               1           
    1133998391.9         1133999177.6         5.24455e-08               0           
    1133741389.8         1133742179.5         8.84051e-08               1           
    1132949962.3         1132950972.4         1.87852e-08               1           
    1131091986.6         1131092891.9         5.55381e-08               1           
    1130776375.8         1130777166.4         4.23806e-08               1           
    1129743096.4         1129743857.3         1.19561e-08               0           
    1127965806.5         1127966576.8         5.17375e-08               0           
    1127357790.7         1127358645.5         6.32816e-09               1           
    1136808946.5         1136809864.2         6.07606e-08               1           
    1131091983.0         1131092892.1         5.55381e-08               1           
    1136383974.1         1136384716.0         1.17303e-08               0           
    1135632595.9         1135633387.0         1.53474e-08               0           
    1135140212.2         1135141413.3         1.07975e-08               0           
    1134024146.1         1134025002.7          1.6849e-08               1           
    1133705658.4         1133706515.4         4.76886e-08               1           
    1133488045.5         1133488834.1         6.96033e-08               1           
    1133466712.5         1133467480.8         2.55972e-08               1           
    1132785187.3         1132786023.8         2.93821e-08               0           
    1132757256.3         1132758184.1          1.1255e-08               0           
    1132751515.8         1132752422.1         3.95273e-08               0           
    1132648458.6         1132649298.8          2.6821e-08               1           
    1131452514.0         1131453241.5         5.10816e-08               1           
    1130384944.5         1130385586.9         2.62803e-08               1           
    1129979115.4         1129980299.7         9.94702e-09               0           
    1129336631.5         1129337379.0         9.91813e-09               1           
    1128938865.1         1128939466.5         8.83842e-09               1           
    1128220238.6         1128220789.6         1.02483e-07               1           
    1127060334.9         1127061271.1         6.16857e-09               1           
    1126686701.6         1126687470.4         8.79414e-08               0           
    1137122455.8         1137122920.8         1.04083e-07               1           
    1136586013.3         1136586728.4         1.74982e-08               1           
    1136121552.6         1136121984.1         2.86854e-07               1           
    1136091553.4         1136092385.9         3.40798e-08               1           
    1135264806.1         1135265535.4         3.14905e-08               1           
    1134391460.2         1134392259.8         7.60873e-09               0           
    1134006754.7         1134007334.3          3.3418e-08               1           
    1134006442.4         1134007280.8         3.51471e-08               1           
    1133703193.1         1133703882.9         1.00226e-06               1           
    1133699968.2         1133700822.6         9.33811e-07               1           
    1133191765.5         1133192549.5         1.10761e-08               1           
    1133086126.0         1133086906.8         5.16283e-08               1           
    1132929941.3         1132930676.9         1.20634e-08               1           
    1131293524.3         1131294236.2         1.42935e-08               0           
    1131212920.1         1131213651.0         3.45926e-09               1           
    1131079604.7         1131080341.9         1.15589e-08               0           
    1130807413.5         1130807801.4         2.48563e-07               0           
    1130659950.9         1130660873.0         1.80191e-08               1           
    1130644279.6         1130645164.3         9.46083e-07               1           
    1130122185.0         1130122627.3         1.56269e-08               1           
    1129983338.3         1129984522.0         1.64914e-08               0           
    1129511847.3         1129512771.1         1.97867e-08               1           
    1127693117.8         1127694050.3         1.37593e-08               1           
    1126948969.4         1126949722.2         1.36213e-08               1           
    1126686892.6         1126687690.3         2.42588e-07               0           
    1137257680.8         1137258474.6         3.61516e-08               1           
    1137204142.4         1137205063.6         2.60552e-08               1           
    1136121552.5         1136121983.9         2.86854e-07               1           
    1134944915.5         1134945646.2         1.72091e-08               1           
    1136006927.2         1136007772.4          4.2598e-08               1           
    1135953390.9         1135954191.9         2.48884e-08               1           
    1135162870.0         1135163658.9         9.79641e-09               1           
    1134944917.0         1134945646.3         1.72091e-08               1           
    1134162738.8         1134163114.5         4.52583e-08               1           
    1133698001.2         1133698856.5         9.21438e-07               1           
    1133694946.2         1133695801.2         1.42126e-06               1           
    1133492096.7         1133492830.7         1.88457e-08               1           
    1133146971.5         1133147708.7         9.84474e-09               1           
    1132753180.3         1132754011.5         3.74744e-08               0           
    1131976201.7         1131977055.9         1.01094e-08               0           
    1130972051.4         1130972894.4         1.56078e-08               1           
    1130723979.4         1130724484.3         4.96832e-08               1           
    1130517424.7         1130518278.3         1.09056e-08               0           
    1130468665.3         1130469348.7         2.18221e-08               0           
    1130239620.4         1130240444.0         7.82761e-09               0           
    1129819689.0         1129820070.9         9.10781e-08               1           
    1129509165.4         1129510362.1          2.1359e-08               1           
    1128669822.8         1128670743.7         9.66655e-08               0           
    1128659757.8         1128660315.1         9.93703e-09               0           
    1127836330.3         1127837170.2         7.94527e-09               1           
    1127576133.8         1127576924.7          6.6525e-08               1           
    1127551627.6         1127552274.4         1.83951e-08               0           
    1126619494.0         1126620265.6         1.42227e-08               0           
    1137208939.4         1137209721.5         3.10145e-08               1           
    1137180127.2         1137180972.0         1.09559e-07               1           
    1137079820.5         1137080665.1         5.81457e-08               1           
    1137054640.7         1137055131.8         1.34066e-07               1           
    1137005690.7         1137006610.0         9.73338e-08               1           
    1136998697.7         1136999216.1         7.11861e-08               1           
    1136752515.8         1136753323.4         2.59513e-08               1           
    1136636859.5         1136637698.3         1.38027e-08               0           
    1136627220.2         1136628423.6         1.20956e-07               0           
    1135953390.5         1135954191.9         2.48884e-08               1           
    1136636865.3         1136637697.2         1.38027e-08               0           
    1136199048.9         1136199874.4         2.40395e-08               0           
    1135365872.5         1135366684.3         1.50993e-08               1           
    1135064647.0         1135065411.3         9.55351e-09               0           
    1135023539.7         1135024328.9         7.98076e-06               1           
    1134920230.5         1134921026.8         3.89636e-08               0           
    1134234522.1         1134235475.1          7.5584e-08               1           
    1134021217.0         1134021887.2         2.26772e-08               1           
    1133839265.8         1133840194.6         3.92199e-08               1           
    1133795023.4         1133795784.2         2.29567e-08               0           
    1133188290.1         1133189075.8         1.14566e-08               1           
    1132066257.3         1132067103.8          6.2088e-09               0           
    1131784437.8         1131785207.3         1.88182e-07               1           
    1131454495.4         1131455223.8         5.25732e-08               1           
    1131112673.4         1131113475.6         1.57948e-08               0           
    1131061680.7         1131062621.6         1.67898e-08               0           
    1130660114.8         1130660999.4          1.8033e-08               1           
    1130470520.5         1130470999.3         1.91938e-08               0           
    1130236037.8         1130236884.0         1.03518e-08               0           
    1130210338.9         1130211255.2         1.10086e-08               1           
    1129900335.8         1129901024.1         4.14939e-08               1           
    1129889363.0         1129890296.3         3.18718e-06               1           
    1128826044.8         1128826876.0         6.03042e-09               0           
    1128497484.6         1128498241.1         6.44546e-09               0           
    1127703009.9         1127703942.6         6.78292e-09               1           
    1126764438.2         1126765212.7         2.13463e-08               1           
    1126658931.4         1126659767.8         1.39474e-08               0           
    1137159855.0         1137160643.3          1.2235e-08               1           
    1137093933.8         1137095137.1         3.76746e-08               1           
    1137019103.5         1137019892.5          1.3999e-07               1           
    1136854625.0         1136855572.9         2.05874e-08               1           
    1136785196.7         1136785907.6         3.70141e-08               1           
    1136777915.1         1136778788.4         2.42072e-06               1           
    1136755111.5         1136755886.0         9.49121e-08               1           
    1136744960.9         1136745710.5         3.92027e-08               1           
    1136699267.8         1136700205.5         4.69456e-08               1           
    1136199048.4         1136199874.3         2.40395e-08               0           
    1136170372.7         1136170789.3         2.01209e-08               0           
    1131112673.9         1131113475.5         1.57948e-08               0           
    1127316923.0         1127317759.4         5.14067e-09               0           
    1127234249.0         1127235097.2         3.85757e-09               1           
    1126569317.7         1126570093.1         4.29654e-09               0           
    1136498874.7         1136499636.1         1.58915e-08               1           
    1136468031.3         1136468804.7         1.81907e-08               1           
    1136279246.5         1136280030.7         2.13829e-08               0           
    1136216460.1         1136217268.9         2.26749e-08               1           
    1136170370.0         1136170788.6         2.01209e-08               0           
    1135635754.3         1135636161.8         1.25117e-08               0           
    1135481152.3         1135481600.2         3.43532e-09               0           
    1135479533.5         1135480269.9         1.04814e-08               0           
    1135187905.2         1135188680.3         1.23714e-08               1           
    1134922688.6         1134923295.5         3.65341e-08               0           
    1134900546.8         1134901331.1         1.80049e-08               0           
    1134888219.0         1134888776.9         7.57272e-08               1           
    1134736649.3         1134737364.7          9.5925e-09               0           
    1134684291.9         1134685073.1         4.77468e-08               1           
    1134236947.2         1134237899.2         6.15507e-08               1           
    1134168994.2         1134169779.5         2.33672e-08               0           
    1133808948.9         1133809781.7         2.07553e-08               1           
    1133698656.5         1133699510.9         8.68937e-07               1           
    1133464614.0         1133465589.6         2.85613e-08               1           
    1133193332.1         1133194065.4         7.50967e-09               1           
    1132789674.1         1132790174.7          1.8672e-08               0           
    1132674419.8         1132675334.3         6.62952e-09               0           
    1132659651.3         1132660467.7         1.59917e-07               0           
    1132485799.0         1132486623.3         6.81981e-09               0           
    1132391673.0         1132392444.2         1.70199e-08               0           
    1132241664.9         1132242626.9         7.86997e-09               1           
    1132215092.8         1132215503.7         7.17482e-09               1           
    1131799880.6         1131800728.2         2.30235e-08               1           
    1131707085.6         1131708283.1         1.16726e-08               0           
    1131599532.1         1131600295.7         1.59812e-07               0           
    1131432906.1         1131433548.2         9.13837e-08               1           
    1131148471.4         1131148875.9         2.23399e-08               0           
    1130898640.3         1130899465.5         3.86447e-08               0           
    1130876059.6         1130876474.7         5.70425e-08               1           
    1130781791.0         1130782442.6         7.88183e-09               1           
    1130775870.9         1130776754.0         4.47123e-08               1           
    1130656009.0         1130656802.8         1.23738e-08               1           
    1130506853.2         1130507678.0         1.39287e-08               1           
    1130224718.9         1130225635.8         1.04509e-08               0           
    1130223554.3         1130224358.7         9.46276e-09               0           
    1129986922.0         1129987773.6         1.54764e-08               0           
    1129905555.3         1129906264.5         1.99019e-08               1           
    1129535446.9         1129536643.7         8.71521e-09               0           
    1129370791.0         1129371558.9         1.05429e-08               0           
    1128655909.3         1128656681.4         9.64561e-08               0           
    1128393230.9         1128394189.8         1.14292e-08               1           
    1128225050.4         1128225840.9         8.73193e-09               1           
    1128042592.4         1128043403.6         8.39326e-09               1           
    1127880866.7         1127881671.1         4.38255e-08               1           
    1127574150.9         1127574536.9          3.2982e-07               1           
    1127291309.0         1127292305.2         2.69826e-09               0           
    1127069288.3         1127070102.6          5.714e-09                0           
    1126911975.0         1126912771.6         1.44133e-08               1           
    1126870584.7         1126871538.0         2.97813e-08               0           
    1126753339.0         1126754107.0         1.90016e-08               1           
    1126657701.3         1126658494.2         1.45765e-08               0           
    1126585459.1         1126586233.8         3.04572e-08               0           
    1137276264.3         1137277091.2         1.36003e-08               1           
    1137085555.4         1137086307.5         4.11603e-08               1           
    1137079736.0         1137080464.9         4.76838e-08               1           
    1136954173.9         1136955067.6          1.7258e-08               1           
    1136756274.0         1136757072.1         1.00891e-07               1           
    1136706777.8         1136707582.1         7.19419e-09               1           
    1136656950.9         1136657902.9          1.7075e-08               1           
    1136498873.8         1136499635.2         1.58915e-08               1           
    1136482866.5         1136483650.6         1.44295e-08               1           
    1136468032.8         1136468804.6         1.81907e-08               1           
    1136299545.8         1136300250.8         2.99943e-08               0           
    1136294961.0         1136295884.4         2.32398e-08               0           
    1136279246.5         1136280030.0         2.13829e-08               0           
    1135635809.0         1135636812.3         1.67136e-08               0           
    1135481151.0         1135481599.8         7.23506e-09               0           
    1127060385.0         1127061582.6          5.9402e-09               1           
