1131212920.1 5.3 1131213651.0 1131214174.3 1131217511.1 1131215543.5 1131214756.5 1.81163e-07 1131213600.0 1131217600.0 -22.2 -68.7 9181916.0 109.3 1131213695.4 5.09357e-04 1131213694.5 3.78622e-04 1131213722.4 1.69747e-03 0 -1
1126481526.8 5.3 1126482291.8 1126482806.1 1126486402.9 1126484313.1 1126483477.2 3.72519e-07 1126482200.0 1126486500.0 -30.0 -71.8 9752162.0 35.0 1126482212.6 4.25741e-04 1126482611.5 1.65715e-04 1126482218.6 1.19769e-03 0 -1
1126479289.9 8.3 1126480063.4 1126480575.0 1126484244.4 1126482121.0 1126481271.7 1.70536e-04 1126480000.0 1126484300.0 -31.6 -71.7 9909068.0 22.4 1126482212.7 3.95143e-04 1126482611.5 1.65715e-04 1126482104.9 1.31220e-03 0 -1
1126167265.6 6.7 1126167571.6 1126167824.0 1126168550.4 1126167999.8 1126167779.5 4.43744e-05 1126167500.0 1126168600.0 24.9 -109.6 2569759.0 10.0 1126168311.7 1.08361e-04 1126168268.1 9.04263e-05 1126168126.0 2.36612e-04 0 -1
1126168049.4 5.2 1126168354.8 1126168606.8 1126169330.8 1126168781.7 1126168562.0 2.55640e-06 1126168300.0 1126169400.0 25.0 -109.7 2562815.0 10.0 1126168311.7 1.05486e-04 1126168309.7 8.20810e-05 1126168304.5 2.35841e-04 0 -1
1133512273.7 5.5 1133513056.0 1133513562.3 1133517330.8 1133515163.5 1133514296.6 6.93309e-07 1133513000.0 1133517400.0 41.7 74.6 10114170.0 21.5 1133513275.5 1.04275e-04 1133513369.5 3.55572e-05 1133513280.6 3.48285e-04 0 -1
1133509823.6 7.2 1133510622.0 1133511117.4 1133515083.5 1133512829.2 1133511927.5 2.28860e-05 1133510600.0 1133515100.0 38.3 72.8 10519680.0 26.0 1133513275.5 1.04274e-04 1133513369.5 3.55572e-05 1133513280.6 3.36327e-04 0 -1
1126483231.5 5.0 1126484007.0 1126484520.2 1126488184.9 1126486062.0 1126485212.9 2.06895e-07 1126484000.0 1126488200.0 -31.7 -72.0 9906751.0 10.0 1126484160.7 7.45981e-05 1126484459.4 3.13305e-05 1126484164.7 2.25773e-04 0 -1
1127137755.5 5.7 1127137873.7 1127137966.8 1127138207.9 1127138014.0 1127137936.5 2.21630e-05 1127137800.0 1127138300.0 50.8 -130.2 904880.1 10.0 1127138060.1 4.93229e-05 1127138211.1 3.35173e-05 1127138065.7 8.81588e-05 0 -1
1129885799.6 7.5 1129886582.9 1129887051.1 1129891168.8 1129888867.7 1129887947.3 3.21704e-05 1129886500.0 1129891200.0 36.5 70.4 10738530.0 231.0 1129886907.0 4.33059e-05 1129886904.1 4.47480e-05 1129888611.2 3.28596e-04 0 -1
1132440355.1 7.6 1132440977.3 1132441488.9 1132444339.1 1132442631.7 1132441948.7 4.05586e-05 1132440900.0 1132444400.0 -10.5 -70.9 7968143.0 600.6 1132441836.5 4.08550e-05 1132440984.0 5.16567e-05 1132441801.2 1.26530e-04 0 -1
1131906681.6 7.0 1131907465.5 1131907972.6 1131911741.5 1131909573.0 1131908705.5 1.68472e-05 1131907400.0 1131911800.0 -8.9 158.4 10119740.0 13.4 1131909560.6 3.72087e-05 1131909574.5 1.29784e-05 1131909565.3 1.14017e-04 0 -1
1131908052.8 5.1 1131908837.3 1131909344.8 1131913113.9 1131910944.8 1131910077.2 2.66023e-07 1131908800.0 1131913200.0 -9.0 158.5 10122140.0 10.0 1131909560.6 3.72087e-05 1131909574.5 1.29784e-05 1131909565.3 1.14968e-04 0 -1
1126484557.5 5.2 1126485333.1 1126485846.2 1126489512.2 1126487388.7 1126486539.3 3.65774e-07 1126485300.0 1126489600.0 -31.8 -72.1 9909412.0 10.0 1126485813.9 3.06441e-05 1126485470.6 1.24100e-05 1126488583.0 1.01405e-04 0 -1
1126485811.1 5.1 1126486584.3 1126487098.5 1126490740.3 1126488627.8 1126487782.8 2.73260e-07 1126486500.0 1126490800.0 -31.1 -71.8 9858518.0 11.6 1126487486.4 2.83212e-05 1126487482.8 1.00025e-05 1126488583.0 7.71782e-05 0 -1
1131483108.0 6.7 1131483843.0 1131484382.6 1131487614.7 1131485683.2 1131484910.7 1.10337e-05 1131483800.0 1131487700.0 31.0 128.9 9013333.0 12.0 1131486369.4 2.50049e-05 1131486378.4 1.19687e-05 1131486372.4 6.82168e-05 0 -1
1131242095.5 6.9 1131242861.6 1131243380.3 1131246942.7 1131244865.3 1131244034.4 1.47410e-05 1131242800.0 1131247000.0 -29.5 -72.0 9694506.0 12.0 1131245443.1 2.47222e-05 1131245439.8 1.08468e-05 1131244982.5 6.16853e-05 0 -1
1131243836.3 5.1 1131244602.8 1131245121.7 1131248684.2 1131246606.5 1131245775.4 2.88160e-07 1131244600.0 1131248700.0 -29.5 -71.9 9695765.0 10.0 1131245443.1 2.47222e-05 1131245439.8 1.08468e-05 1131244982.5 6.19561e-05 0 -1
1126166270.5 5.6 1126166577.8 1126166831.0 1126167562.5 1126167008.8 1126166787.3 5.72001e-06 1126166500.0 1126167600.0 24.8 -109.5 2584039.0 10.0 1126167580.2 1.89119e-05 1126167578.9 1.23997e-05 1126167582.6 2.71022e-05 0 -1
1126498244.8 6.7 1126499017.8 1126499529.6 1126503193.5 1126501072.6 1126500224.3 9.65811e-06 1126499000.0 1126503200.0 -31.5 -71.8 9897493.0 23.0 1126501144.8 1.39679e-05 1126501158.0 4.22206e-06 1126501149.6 4.85956e-05 0 -1
1126499905.1 5.2 1126500677.3 1126501190.3 1126504839.3 1126502724.6 1126501878.8 3.26338e-07 1126500600.0 1126504900.0 -31.3 -71.9 9868374.0 19.8 1126501144.8 1.39679e-05 1126501158.0 4.22206e-06 1126501149.6 4.70825e-05 0 -1
1130916720.8 6.8 1130917488.9 1130917999.3 1130921647.7 1130919536.2 1130918691.6 1.12336e-05 1130917400.0 1130921700.0 -30.9 -71.5 9853684.0 46.0 1130919626.8 1.38172e-05 1130917504.7 1.19352e-05 1130919631.6 4.26569e-05 0 -1
1130915088.4 6.2 1130915853.6 1130916372.7 1130919927.3 1130917853.5 1130917023.9 3.79694e-06 1130915800.0 1130920000.0 -29.5 -72.3 9677763.0 13.0 1130919626.8 1.38172e-05 1130917504.7 1.19353e-05 1130919631.6 4.31554e-05 2 1130916520
1133691727.4 6.9 1133692581.2 1133693042.6 1133697693.0 1133695136.3 1133694113.7 1.11685e-05 1133692500.0 1133697700.0 -4.1 129.5 11931190.0 33.9 1133694948.5 1.31453e-05 1133695259.9 4.01817e-06 1133694956.0 6.43352e-05 2 1133692878
1131120243.1 6.5 1131120651.7 1131120981.6 1131122169.1 1131121343.7 1131121013.5 1.96874e-05 1131120600.0 1131122200.0 51.6 -173.1 3852122.0 15.0 1131121573.4 1.31090e-05 1131121706.3 5.99879e-06 1131121544.3 3.35999e-05 2 1131121000
1126488125.7 5.2 1126488901.3 1126489414.4 1126493080.5 1126490957.0 1126490107.6 3.65760e-07 1126488900.0 1126493100.0 -31.7 -71.9 9909634.0 10.0 1126489008.2 1.26292e-05 1126489234.1 4.56548e-06 1126489241.7 4.06103e-05 0 -1
1133303117.1 7.1 1133304315.2 1133304524.2 1133312192.5 1133308303.0 1133306747.3 1.00057e-05 1133304300.0 1133312200.0 -47.6 85.1 18150740.0 35.0 1133309363.7 1.22875e-05 1133304599.2 5.47624e-06 1133308738.8 6.47966e-05 2 1133304360
1134417010.2 6.6 1134417436.2 1134417780.1 1134419100.3 1134418204.5 1134417846.2 1.81399e-05 1134417400.0 1134419200.0 15.8 -93.6 4180302.0 86.0 1134418519.7 1.22850e-05 1134418526.2 7.61760e-06 1134418165.9 2.33781e-05 0 -1
1136777150.6 6.7 1136777788.7 1136778310.4 1136780788.4 1136779229.3 1136778605.7 1.30855e-05 1136777700.0 1136780800.0 42.0 142.8 7275463.0 46.0 1136779086.5 1.12026e-05 1136777808.4 3.57850e-06 1136779094.2 5.03298e-05 0 -1
1136777915.1 5.1 1136778788.4 1136779217.3 1136784307.5 1136781567.9 1136780472.1 2.13292e-08 1136778700.0 1136784400.0 -8.6 122.9 12784840.0 158.2 1136779086.5 1.12026e-05 1136779075.2 2.79513e-06 1136779094.2 5.22711e-05 0 -1
1126892417.1 6.6 1126893190.0 1126893699.3 1126897386.1 1126895256.5 1126894404.7 7.68723e-06 1126893100.0 1126897400.0 -31.7 -71.4 9938141.0 35.0 1126895341.0 1.10329e-05 1126893202.0 4.30788e-06 1126895346.1 3.40970e-05 2 1126893227
1131779424.3 6.5 1131780193.4 1131780710.4 1131784304.6 1131782213.1 1131781376.4 6.87207e-06 1131780100.0 1131784400.0 38.7 20.6 9760668.0 11.0 1131782692.0 1.05785e-05 1131782704.2 4.21510e-06 1131782696.0 3.43014e-05 2 1131780860
1131245196.9 6.9 1131245963.0 1131246482.2 1131250040.2 1131247964.5 1131247134.2 1.48064e-05 1131245900.0 1131250100.0 -29.5 -72.1 9686536.0 10.0 1131246562.8 9.99289e-06 1131246147.0 4.78913e-06 1131246566.2 2.25018e-05 0 -1
1136567301.0 6.2 1136567913.6 1136568414.9 1136570899.0 1136569357.0 1136568740.2 2.25112e-06 1136567900.0 1136570900.0 44.5 141.1 7196065.0 239.9 1136568648.0 9.21870e-06 1136568618.2 3.59138e-06 1136568653.2 2.77001e-05 0 -1
1136565504.1 6.5 1136566341.0 1136566814.7 1136571233.5 1136568778.0 1136567795.8 5.50279e-06 1136566300.0 1136571300.0 3.9 126.9 11458850.0 20.8 1136568648.0 9.21869e-06 1136568618.2 3.59138e-06 1136568653.2 2.81459e-05 2 1136567007
1129413139.6 7.1 1129413901.6 1129414399.8 1129418117.4 1129415984.1 1129415130.7 1.74066e-05 1129413900.0 1129418200.0 -14.9 167.3 9955734.0 135.0 1129415618.0 8.70803e-06 1129413902.6 5.92565e-06 1129415623.4 5.65212e-05 0 -1
1129408409.1 5.6 1129409291.8 1129409741.9 1129414688.0 1129411997.0 1129410920.6 7.00419e-07 1129409200.0 1129414700.0 -57.4 -65.9 12557890.0 9.1 1129413941.4 7.60979e-06 1129413902.6 5.92146e-06 1129414684.9 2.52436e-05 0 -1
1129889363.0 5.1 1129890296.3 1129890714.9 1129896299.2 1129893326.5 1129892137.5 1.20697e-07 1129890200.0 1129896300.0 -1.5 97.1 13872220.0 21.0 1129890200.0 7.22977e-06 1129890221.4 3.84799e-06 1129893632.7 5.61761e-05 0 -1
1135023539.7 5.1 1135024328.9 1135024833.5 1135028656.8 1135026463.8 1135025586.5 2.60573e-07 1135024300.0 1135028700.0 -3.7 151.3 10234280.0 10.0 1135024480.5 7.07335e-06 1135024484.3 8.06618e-06 1135024486.9 7.71342e-06 2 1135024394
1135021460.1 6.2 1135022294.3 1135022771.5 1135027137.2 1135024704.2 1135023731.0 3.10045e-06 1135022200.0 1135027200.0 -55.8 -123.1 11354120.0 12.3 1135024480.5 7.07330e-06 1135024484.3 8.06618e-06 1135024486.9 8.44918e-06 1 -1
1131246486.0 5.1 1131247252.4 1131247771.4 1131251332.5 1131249255.4 1131248424.6 2.88313e-07 1131247200.0 1131251400.0 -29.5 -72.1 9692954.0 10.0 1131248504.0 6.84348e-06 1131248487.6 2.66364e-06 1131247845.7 1.73645e-05 0 -1
1126489602.7 5.0 1126490378.8 1126490891.6 1126494563.4 1126492437.4 1126491587.0 2.06302e-07 1126490300.0 1126494600.0 -31.9 -72.1 9921438.0 10.0 1126490321.1 6.11529e-06 1126490318.3 3.07375e-06 1126492897.1 3.36200e-05 0 -1
1133517915.3 5.4 1133518712.6 1133519210.0 1133523150.8 1133520907.0 1133520009.5 5.12446e-07 1133518700.0 1133523200.0 38.6 73.2 10471040.0 19.9 1133519589.7 5.73153e-06 1133519588.1 4.14303e-06 1133518705.5 1.60414e-05 0 -1
1132551935.3 6.7 1132552549.8 1132553055.8 1132555845.0 1132554169.4 1132553499.2 3.56093e-06 1132552500.0 1132555900.0 -9.2 -71.3 7819342.0 599.4 1132553068.0 5.50812e-06 1132552676.8 7.32221e-06 1132552673.7 8.38062e-06 2 1132552703
1134924926.9 5.8 1134925934.4 1134926311.6 1134932769.9 1134929408.6 1134928064.1 7.96675e-07 1134925900.0 1134932800.0 -54.2 -1.4 15685910.0 10.0 1134931987.0 5.44168e-06 1134931985.4 5.07343e-06 1134931988.6 4.73406e-06 1 -1
1133839265.8 5.1 1133840194.6 1133840610.6 1133846191.7 1133843223.4 1133842036.2 8.28440e-08 1133840100.0 1133846200.0 -5.0 103.0 13851770.0 48.3 1133840661.8 5.34603e-06 1133843370.5 4.54674e-06 1133840663.6 7.07612e-06 0 -1
1133906753.8 5.0 1133907955.9 1133908167.8 1133915826.4 1133911938.2 1133910382.9 5.14760e-08 1133907900.0 1133915900.0 -47.6 85.2 18145210.0 10.0 1133910632.8 5.24677e-06 1133910631.1 4.57434e-06 1133914382.4 5.76088e-06 0 -1
1134944915.5 5.3 1134945646.2 1134946189.3 1134949374.9 1134947463.7 1134946699.3 5.69030e-07 1134945600.0 1134949400.0 -17.3 -173.7 8918955.0 10.0 1134949255.4 5.19049e-06 1134949245.8 4.48199e-06 1134949257.1 5.88622e-06 0 -1
1131900444.9 5.1 1131901378.7 1131901794.6 1131907410.3 1131904425.1 1131903231.1 1.01228e-07 1131901300.0 1131907500.0 -6.3 103.7 13930790.0 33.0 1131907483.0 5.11010e-06 1131907479.1 2.54723e-06 1131907488.3 1.05935e-05 0 -1
1133694946.2 5.2 1133695801.2 1133696263.6 1133700911.0 1133698354.7 1133697332.1 2.14398e-07 1133695800.0 1133701000.0 -4.3 129.7 11929620.0 25.5 1133695859.1 5.02525e-06 1133696191.9 2.63814e-06 1133699273.3 1.40026e-05 0 -1
1137122455.8 5.4 1137122920.8 1137123269.3 1137124748.3 1137123765.8 1137123372.8 1.88005e-06 1137122900.0 1137124800.0 17.1 -84.6 4585166.0 10.0 1137124287.3 4.79255e-06 1137124388.2 3.67737e-06 1137124289.1 5.07381e-06 0 -1
1129220332.5 6.0 1129221056.5 1129221603.9 1129224726.0 1129222843.0 1129222089.9 2.85279e-06 1129221000.0 1129224800.0 -16.2 -173.3 8786864.0 12.0 1129222878.3 4.63800e-06 1129221068.2 2.60494e-06 1129222845.1 1.22926e-05 1 -1
1126494779.0 5.2 1126495547.5 1126496057.4 1126499712.6 1126497598.2 1126496752.4 2.32727e-07 1126495500.0 1126499800.0 -30.9 -71.3 9867192.0 47.1 1126499032.1 4.50291e-06 1126499031.0 3.63582e-06 1126499752.6 1.19221e-05 0 -1
1131454495.4 5.1 1131455223.8 1131455768.6 1131458931.0 1131457030.0 1131456269.6 3.38282e-07 1131455200.0 1131459000.0 17.3 147.2 8871254.0 10.0 1131457254.0 4.47678e-06 1131457252.0 3.78803e-06 1131457256.2 6.46499e-06 0 -1
1134920230.5 5.1 1134921026.8 1134921527.2 1134925431.4 1134923202.5 1134922310.9 2.55040e-07 1134921000.0 1134925500.0 -21.0 168.3 10401770.0 9.3 1134921587.8 4.45901e-06 1134921592.7 3.86257e-06 1134921589.4 5.39863e-06 1 -1
1133808948.9 5.0 1133809781.7 1133810217.2 1133814970.0 1133812389.5 1133811357.4 3.06063e-09 1133809700.0 1133815000.0 -5.4 129.4 12042110.0 254.4 1133814387.4 4.39497e-06 1133814385.9 4.33754e-06 1133809705.0 7.20797e-06 0 -1
1132346498.5 5.6 1132346900.7 1132347225.8 1132348400.1 1132347585.1 1132347259.1 2.99952e-06 1132346900.0 1132348500.0 17.0 -98.9 3803147.0 34.0 1132347850.4 4.35371e-06 1132347625.9 3.89908e-06 1132347852.9 9.42809e-06 1 -1
1133456986.3 5.6 1133457677.5 1133458151.3 1133461635.6 1133459643.1 1133458846.1 1.66210e-08 1133457600.0 1133461700.0 -18.2 -178.7 9298623.0 547.0 1133459545.1 4.28909e-06 1133459543.5 3.79351e-06 1133459539.9 4.92239e-06 1 -1
1135648856.9 6.3 1135649815.2 1135650208.7 1135656083.3 1135652986.3 1135651747.5 2.80157e-06 1135649800.0 1135656100.0 -50.6 139.4 14452770.0 10.0 1135652539.0 4.25080e-06 1135650223.3 1.86640e-06 1135652547.1 1.95283e-05 2 1135651273
1133492096.7 5.2 1133492830.7 1133493371.5 1133496590.0 1133494664.3 1133493894.0 4.33336e-07 1133492800.0 1133496600.0 -17.7 -174.4 8986772.0 10.0 1133493609.2 4.21451e-06 1133493607.5 4.15355e-06 1133493604.2 3.90302e-06 0 -1
1134922688.6 5.0 1134923295.5 1134923582.4 1134926026.3 1134924595.9 1134924023.7 4.20244e-07 1134923200.0 1134926100.0 45.1 -28.0 6675535.0 10.0 1134923326.0 4.19329e-06 1134925343.3 3.72186e-06 1134924712.0 6.65498e-06 1 -1
1131452514.0 5.4 1131453241.5 1131453785.4 1131456949.1 1131455048.4 1131454288.1 6.94800e-07 1131453200.0 1131457000.0 17.3 147.2 8870092.0 16.0 1131456027.8 4.16019e-06 1131453378.7 3.76304e-06 1131456021.8 7.19816e-06 0 -1
1133701098.8 6.1 1133701859.6 1133702382.3 1133705882.4 1133703832.3 1133703012.2 3.17610e-06 1133701800.0 1133705900.0 -16.7 175.2 9567181.0 10.0 1133703696.1 4.05890e-06 1133702772.7 2.56003e-06 1133703516.7 1.07423e-05 0 -1
1133698001.2 5.2 1133698856.5 1133699319.3 1133703963.1 1133701408.0 1133700386.0 2.23748e-07 1133698800.0 1133704000.0 -4.1 129.6 11923810.0 22.2 1133703696.1 4.05890e-06 1133702772.7 2.56003e-06 1133699273.3 1.14094e-05 0 -1
1137093933.8 5.1 1137095137.1 1137095348.9 1137103078.7 1137099159.4 1137097591.8 7.32722e-08 1137095100.0 1137103100.0 -38.0 77.9 18289810.0 10.0 1137095560.2 3.95466e-06 1137096929.2 3.25167e-06 1137103100.0 5.27288e-06 0 -1
1126447419.1 6.1 1126448216.2 1126448716.9 1126452624.1 1126450393.4 1126449501.1 2.89592e-06 1126448200.0 1126452700.0 -6.0 151.5 10409950.0 6.0 1126450482.7 3.93866e-06 1126450459.7 1.64314e-06 1126450468.1 1.13928e-05 0 -1
1133488045.5 5.4 1133488834.1 1133489334.1 1133493198.3 1133490990.0 1133490106.6 4.64763e-07 1133488800.0 1133493200.0 -30.1 -177.6 10305720.0 32.5 1133489995.1 3.91716e-06 1133491302.3 4.11875e-06 1133491299.0 5.61108e-06 0 -1
1137085555.4 5.0 1137086307.5 1137086829.9 1137090286.6 1137088258.9 1137087447.9 1.48681e-07 1137086300.0 1137090300.0 -26.4 -70.9 9462391.0 36.9 1137087879.4 3.91406e-06 1137089178.4 3.40019e-06 1137087881.1 3.75989e-06 0 -1
1133464614.0 5.0 1133465589.6 1133465979.5 1133472058.6 1133468868.0 1133467591.8 8.54546e-08 1133465500.0 1133472100.0 -48.2 -10.1 14889280.0 10.0 1133472030.8 3.88073e-06 1133472035.5 3.80349e-06 1133472032.4 5.00135e-06 1 -1
1130643872.2 6.5 1130644755.6 1130645202.9 1130650181.8 1130647477.7 1130646396.0 4.89324e-06 1130644700.0 1130650200.0 -8.3 124.9 12619260.0 20.0 1130647285.9 3.86305e-06 1130645049.6 1.40136e-06 1130647081.3 2.05540e-05 2 1130645698
1134024146.1 5.4 1134025002.7 1134025455.0 1134030209.4 1134027610.9 1134026571.5 2.28013e-07 1134025000.0 1134030300.0 -6.9 129.9 12126610.0 76.8 1134026157.5 3.85322e-06 1134029256.0 3.45571e-06 1134028751.8 5.39382e-06 0 -1
1133409805.2 5.3 1133410594.3 1133411098.7 1133414923.7 1133412730.0 1133411852.6 4.46614e-07 1133410500.0 1133415000.0 -7.2 155.0 10236970.0 11.1 1133410633.9 3.84743e-06 1133410632.4 3.69400e-06 1133410635.5 3.63037e-06 0 -1
1135897539.1 6.7 1135898369.8 1135898840.7 1135903245.6 1135900800.0 1135899821.7 7.60798e-06 1135898300.0 1135903300.0 24.8 93.7 11412990.0 55.0 1135901138.2 3.80763e-06 1135900733.1 1.89611e-06 1135900648.5 2.34062e-05 2 1135898693
1134900546.8 5.0 1134901331.1 1134901833.5 1134905650.3 1134903463.1 1134902588.2 1.33999e-07 1134901300.0 1134905700.0 -6.9 155.1 10206890.0 34.1 1134904699.7 3.78473e-06 1134904150.2 3.35239e-06 1134904701.4 3.89403e-06 1 -1
1131432906.1 5.0 1131433548.2 1131434074.6 1131436647.6 1131435044.1 1131434402.7 6.47072e-08 1131433500.0 1131436700.0 -8.5 -75.9 7482819.0 117.6 1131436209.4 3.77930e-06 1131436207.5 3.25931e-06 1131436211.4 4.23348e-06 0 -1
1137021766.0 5.6 1137022630.5 1137023092.1 1137027805.1 1137025216.9 1137024181.7 7.75480e-07 1137022600.0 1137027900.0 -3.9 127.2 12078170.0 4.1 1137026505.7 3.67533e-06 1137026504.4 2.59459e-06 1137026507.4 3.89009e-06 0 -1
1133784331.7 5.7 1133785294.3 1133785687.1 1133791611.7 1133788491.7 1133787243.7 7.01342e-07 1133785200.0 1133791700.0 -58.9 -23.9 14559910.0 10.0 1133786444.1 3.65922e-06 1133786442.6 3.77536e-06 1133786439.3 5.75408e-06 1 -1
1131513952.5 5.3 1131514690.8 1131515228.7 1131518489.7 1131516545.2 1131515767.4 5.53236e-07 1131514600.0 1131518500.0 7.2 -34.3 9074391.0 10.0 1131517282.9 3.65691e-06 1131517288.3 3.06768e-06 1131517284.8 3.25602e-06 0 -1
1133193332.1 5.0 1133194065.4 1133194605.6 1133197826.4 1133195900.3 1133195129.8 2.31730e-07 1133194000.0 1133197900.0 -34.0 -109.3 8988723.0 14.7 1133197586.9 3.65390e-06 1133197591.6 3.39504e-06 1133197588.5 5.04288e-06 1 -1
1126491682.5 5.0 1126492457.4 1126492971.0 1126496628.4 1126494508.7 1126493660.9 2.07506e-07 1126492400.0 1126496700.0 -32.0 -72.9 9891711.0 10.0 1126492650.2 3.62641e-06 1126492645.6 1.74613e-06 1126492897.1 3.47736e-05 0 -1
1127145224.7 6.6 1127146064.2 1127146537.0 1127150980.3 1127148513.6 1127147527.0 6.72287e-06 1127146000.0 1127151000.0 -0.6 131.3 11511130.0 18.0 1127148122.5 3.62124e-06 1127147521.9 1.43850e-06 1127148131.1 2.05027e-05 0 -1
1133733179.2 5.3 1133734385.9 1133734597.2 1133742562.1 1133738540.8 1133736932.3 1.37396e-07 1133734300.0 1133742600.0 -37.7 51.3 18765730.0 10.0 1133736455.3 3.54322e-06 1133736453.9 3.29614e-06 1133736457.0 5.11957e-06 0 -1
1136216460.1 5.0 1136217268.9 1136217758.4 1136221844.4 1136219536.9 1136218613.8 1.40552e-07 1136217200.0 1136221900.0 -41.7 -74.1 10768680.0 24.1 1136218531.4 3.54144e-06 1136218529.5 2.80920e-06 1136218525.6 5.05814e-06 2 1136217629
1131429874.2 5.6 1131430655.9 1131431161.3 1131434933.6 1131432765.3 1131431897.9 8.54071e-07 1131430600.0 1131435000.0 -29.9 -64.5 10118850.0 27.0 1131433888.7 3.52372e-06 1131432836.2 2.61462e-06 1131433890.5 5.31209e-06 0 -1
1131036439.2 6.6 1131037346.8 1131037782.6 1131043032.4 1131040206.7 1131039076.5 5.80730e-06 1131037300.0 1131043100.0 6.8 94.6 13186490.0 10.0 1131041183.9 3.52348e-06 1131037717.0 2.45543e-06 1131040044.0 2.31081e-05 0 -1
1133723875.3 5.0 1133724675.7 1133725173.5 1133729128.3 1133726877.0 1133725976.5 1.84166e-07 1133724600.0 1133729200.0 38.4 72.9 10505970.0 10.0 1133726451.9 3.48713e-06 1133726450.3 3.54104e-06 1133726447.1 3.41791e-06 0 -1
1137019103.5 5.1 1137019892.5 1137020397.2 1137024219.0 1137022026.6 1137021149.7 2.60723e-07 1137019800.0 1137024300.0 -8.5 156.5 10231110.0 10.0 1137020375.5 3.45065e-06 1137020279.8 2.67140e-06 1137020377.4 2.80235e-06 0 -1
1134006442.4 5.3 1134007280.8 1134007756.0 1134012168.2 1134009714.3 1134008732.7 3.71536e-07 1134007200.0 1134012200.0 3.5 127.4 11451720.0 10.0 1134011697.9 3.43335e-06 1134010409.1 3.19714e-06 1134008528.0 4.24822e-06 1 -1
1133708235.0 5.4 1133709092.3 1133709556.7 1133714196.7 1133711641.7 1133710619.7 4.53103e-07 1133709000.0 1133714200.0 -4.1 129.5 11923380.0 10.0 1133711994.0 3.41485e-06 1133709910.9 3.12707e-06 1133711995.6 2.38255e-06 0 -1
1131123803.9 5.0 1131124524.9 1131125066.4 1131128218.0 1131126326.3 1131125569.6 1.40695e-07 1131124500.0 1131128300.0 18.0 147.0 8828193.0 48.8 1131125141.3 3.41176e-06 1131125139.0 2.35490e-06 1131124998.6 5.19943e-06 0 -1
1137079820.5 5.2 1137080665.1 1137081114.8 1137085815.0 1137083245.9 1137082218.3 5.68804e-08 1137080600.0 1137085900.0 -5.4 130.2 11989090.0 131.8 1137083424.5 3.39027e-06 1137081915.2 3.69477e-06 1137085900.0 3.45821e-06 0 -1
1128560324.2 6.1 1128561157.0 1128561635.5 1128565979.5 1128563555.8 1128562586.3 2.54898e-06 1128561100.0 1128566000.0 -54.5 -135.7 11310570.0 10.0 1128563533.8 3.37300e-06 1128563562.3 2.10094e-06 1128563536.2 6.72894e-06 0 -1
1133795023.4 5.1 1133795784.2 1133796305.4 1133799818.0 1133797763.2 1133796941.3 2.69588e-07 1133795700.0 1133799900.0 -17.0 175.3 9589257.0 16.2 1133799235.4 3.34801e-06 1133799207.2 3.28447e-06 1133799123.6 5.66072e-06 1 -1
1137053871.7 5.1 1137054362.2 1137054698.0 1137056339.5 1137055281.9 1137054858.8 8.60378e-07 1137054300.0 1137056400.0 19.8 -76.1 4935585.0 10.0 1137055270.9 3.32094e-06 1137055231.6 2.95858e-06 1137055272.7 3.11723e-06 0 -1
1137054640.7 5.2 1137055131.8 1137055467.3 1137057112.0 1137056052.9 1137055629.2 1.08586e-06 1137055100.0 1137057200.0 19.7 -76.1 4942507.0 10.0 1137055270.9 3.32093e-06 1137055231.6 2.95858e-06 1137055272.7 4.17825e-06 0 -1
1127271095.8 6.3 1127271863.9 1127272374.3 1127276022.9 1127273911.3 1127273066.7 4.05196e-06 1127271800.0 1127276100.0 -30.8 -71.3 9854196.0 46.0 1127274019.5 3.31192e-06 1127271863.4 3.09845e-06 1127274004.8 1.00758e-05 2 1127272523
1127272864.6 5.4 1127273657.5 1127274158.6 1127278037.7 1127275820.7 1127274933.8 5.46457e-07 1127273600.0 1127278100.0 -21.0 169.0 10346190.0 15.3 1127274019.5 3.31192e-06 1127274033.6 1.14522e-06 1127274004.8 1.02831e-05 0 -1
1137159855.0 5.1 1137160643.3 1137161132.4 1137165093.0 1137162848.1 1137161950.2 7.64853e-08 1137160600.0 1137165100.0 -31.3 -178.7 10475860.0 95.0 1137163689.1 3.27732e-06 1137161096.2 2.97822e-06 1137161115.0 5.81299e-06 0 -1
1130487350.5 5.8 1130487761.0 1130488092.3 1130489286.1 1130488456.6 1130488124.8 5.19059e-06 1130487700.0 1130489300.0 51.6 -173.3 3871092.0 13.0 1130488652.9 3.23384e-06 1130488489.3 2.15320e-06 1130488656.3 6.52007e-06 0 -1
1130487879.5 5.1 1130488290.4 1130488622.0 1130489814.9 1130488985.4 1130488653.7 1.20872e-06 1130488200.0 1130489900.0 51.6 -173.3 3870680.0 10.0 1130488652.9 3.23384e-06 1130488489.3 2.15320e-06 1130488656.3 7.02546e-06 0 -1
1131531719.4 5.2 1131532373.0 1131532908.3 1131535472.6 1131533864.1 1131533220.7 4.69793e-07 1131532300.0 1131535500.0 37.9 143.9 7506387.0 27.4 1131532618.8 3.23147e-06 1131533153.2 2.84217e-06 1131532620.4 3.77259e-06 0 -1
1135064647.0 5.1 1135065411.3 1135065910.5 1135069633.4 1135067496.4 1135066641.6 5.81472e-08 1135065400.0 1135069700.0 -15.3 167.6 9972881.0 121.4 1135065904.1 3.22271e-06 1135065902.6 2.88479e-06 1135065905.6 3.33280e-06 1 -1
1136586013.3 5.3 1136586728.4 1136587186.0 1136590948.7 1136588833.5 1136587987.5 1.20229e-09 1136586700.0 1136591000.0 -23.1 179.1 9870808.0 552.5 1136588993.0 3.16400e-06 1136589290.7 2.37595e-06 1136588994.7 4.31495e-06 1 -1
1131010514.3 5.7 1131011428.8 1131011849.5 1131017292.1 1131014387.3 1131013225.4 5.22231e-07 1131011400.0 1131017300.0 0.8 98.9 13555610.0 69.0 1131012749.8 3.15954e-06 1131012748.3 2.97015e-06 1131016320.5 4.08416e-06 1 -1
1134021217.0 5.1 1134021887.2 1134022437.1 1134025097.4 1134023434.4 1134022769.2 4.12587e-07 1134021800.0 1134025100.0 55.0 111.6 7760671.0 12.3 1134023297.2 3.15363e-06 1134023295.7 3.49005e-06 1134023292.5 4.73742e-06 0 -1
1131555228.3 5.3 1131556136.3 1131556571.9 1131561824.9 1131558997.8 1131557867.0 2.86004e-07 1131556100.0 1131561900.0 6.8 94.5 13193150.0 10.0 1131561567.0 3.14910e-06 1131561565.4 2.74317e-06 1131561569.0 3.64381e-06 0 -1
1133705658.4 5.4 1133706515.4 1133706980.0 1133711616.9 1133709063.3 1133708041.8 4.53529e-07 1133706500.0 1133711700.0 -4.1 129.6 11916890.0 10.0 1133708016.5 3.11330e-06 1133709910.9 3.12707e-06 1133708018.0 5.03543e-06 0 -1
1131005634.4 5.7 1131006335.6 1131006870.1 1131009976.4 1131008115.5 1131007371.2 5.39673e-07 1131006300.0 1131010000.0 -17.3 -69.4 8683999.0 159.9 1131009104.8 3.06948e-06 1131009103.3 3.06978e-06 1131006304.3 5.64173e-06 1 -1
1136061393.7 5.2 1136062211.5 1136062696.7 1136066879.8 1136064528.6 1136063588.2 2.71785e-07 1136062200.0 1136066900.0 10.1 126.2 10972130.0 19.1 1136064166.6 3.06380e-06 1136064164.9 2.31828e-06 1136064160.4 4.50526e-06 0 -1
1131017611.6 5.7 1131018019.2 1131018348.3 1131019535.8 1131018711.1 1131018381.3 4.07200e-06 1131018000.0 1131019600.0 51.5 -173.0 3848352.0 20.0 1131019163.3 3.05850e-06 1131018714.7 2.58696e-06 1131018924.8 5.17171e-06 0 -1
1131014538.6 5.5 1131015446.7 1131015882.6 1131021132.6 1131018306.6 1131017176.2 5.04400e-07 1131015400.0 1131021200.0 6.9 94.5 13187980.0 8.0 1131019163.3 3.05850e-06 1131017109.9 2.92301e-06 1131018924.8 4.93822e-06 2 1131016006
1133191765.5 5.3 1133192549.5 1133193032.5 1133197022.2 1133194769.3 1133193868.2 9.80647e-08 1133192500.0 1133197100.0 -5.7 149.8 10513350.0 144.2 1133196973.2 3.04488e-06 1133196971.6 3.19355e-06 1133194518.1 2.35098e-06 1 -1
1136121552.6 5.3 1136121984.1 1136122332.0 1136123622.4 1136122735.3 1136122380.5 1.72828e-06 1136121900.0 1136123700.0 15.4 -95.2 4139517.0 10.0 1136123031.2 3.04444e-06 1136123230.3 2.13580e-06 1136123033.4 5.19436e-06 1 -1
1137005690.7 5.2 1137006610.0 1137007029.1 1137012517.6 1137009591.8 1137008421.5 1.04804e-07 1137006600.0 1137012600.0 -0.5 99.3 13653970.0 61.7 1137007118.8 3.03052e-06 1137011916.2 2.56818e-06 1137007120.4 4.75709e-06 0 -1
1134888219.0 5.0 1134888776.9 1134889075.7 1134891212.2 1134889929.4 1134889416.2 2.78106e-07 1134888700.0 1134891300.0 49.3 155.6 5986431.0 47.8 1134891289.9 3.01966e-06 1134891294.4 3.07434e-06 1134891291.4 4.82323e-06 1 -1
1134672472.5 6.1 1134673338.3 1134673798.6 1134678534.6 1134675936.5 1134674897.3 2.35251e-06 1134673300.0 1134678600.0 3.6 117.6 12124080.0 6.9 1134675351.4 3.01755e-06 1134677150.6 3.18090e-06 1134675857.0 8.19242e-06 2 1134673757
1133998391.9 5.5 1133999177.6 1133999684.4 1134003467.7 1134001292.4 1134000422.2 7.62680e-07 1133999100.0 1134003500.0 -41.1 -90.1 10151740.0 10.0 1134001188.5 3.01538e-06 1134001820.0 3.16593e-06 1134002644.7 2.41755e-06 1 -1
1131599532.1 5.0 1131600295.7 1131600810.9 1131604390.8 1131602308.5 1131601475.6 1.45450e-07 1131600200.0 1131604400.0 -24.8 -175.8 9717331.0 35.0 1131603523.0 3.01203e-06 1131603521.9 3.58093e-06 1131603478.7 3.26832e-06 1 -1
1133703193.1 5.3 1133703882.9 1133704381.2 1133707680.3 1133705757.2 1133704988.0 7.46185e-09 1133703800.0 1133707700.0 -15.2 -177.8 8974342.0 401.5 1133703907.0 3.00951e-06 1133704091.4 2.52835e-06 1133703819.7 7.38897e-06 0 -1
1137204142.4 5.3 1137205063.6 1137205490.1 1137210918.4 1137208014.4 1137206852.8 2.52853e-07 1137205000.0 1137211000.0 2.1 96.7 13551980.0 16.5 1137205573.0 3.00499e-06 1137205571.4 2.72271e-06 1137205574.7 2.03488e-06 0 -1
1131568486.3 5.1 1131569220.4 1131569761.2 1131572979.4 1131571053.8 1131570283.6 3.30638e-07 1131569200.0 1131573000.0 31.3 128.9 8986161.0 10.0 1131570362.8 2.98633e-06 1131570361.2 2.87227e-06 1131571924.0 2.74661e-06 0 -1
1136706777.8 5.0 1136707582.1 1136708063.6 1136712195.7 1136709873.7 1136708945.0 5.54194e-08 1136707500.0 1136712200.0 12.2 125.6 10835690.0 83.0 1136711120.9 2.97747e-06 1136711113.1 3.13977e-06 1136707505.3 4.45103e-06 0 -1
1136699267.8 5.1 1136700205.5 1136700624.0 1136706236.7 1136703250.1 1136702055.4 1.39237e-07 1136700200.0 1136706300.0 0.4 92.3 13937890.0 10.0 1136704372.4 2.93469e-06 1136704370.8 3.23734e-06 1136705620.8 3.59705e-06 0 -1
1133295755.1 5.0 1133296759.2 1133297137.5 1133303565.7 1133300218.3 1133298879.3 7.11008e-08 1133296700.0 1133303600.0 -54.0 -2.4 15621310.0 14.2 1133302732.9 2.92892e-06 1133297234.0 2.67101e-06 1133302734.5 3.77653e-06 1 -1
1137176675.4 5.8 1137177451.7 1137177965.1 1137181632.5 1137179508.0 1137178658.2 1.62070e-06 1137177400.0 1137181700.0 -21.4 176.1 9914048.0 7.0 1137179912.9 2.92189e-06 1137180751.6 2.33720e-06 1137179424.6 4.32159e-06 0 -1
1137177925.2 5.0 1137178730.7 1137179212.9 1137183347.7 1137181023.7 1137180094.2 6.26464e-08 1137178700.0 1137183400.0 -34.6 179.9 10845000.0 75.0 1137179912.9 2.92189e-06 1137180751.6 2.33720e-06 1137179424.6 5.84580e-06 0 -1
1130468665.3 5.2 1130469348.7 1130469818.2 1130473288.4 1130471307.0 1130470514.5 2.48462e-10 1130469300.0 1130473300.0 -18.2 -177.8 9246169.0 608.4 1130470470.5 2.91794e-06 1130472406.4 2.68780e-06 1130469304.4 5.43405e-06 1 -1
1133968155.0 5.0 1133968939.6 1133969441.1 1133973268.3 1133971076.9 1133970200.3 1.25839e-07 1133968900.0 1133973300.0 -35.0 -71.9 10226560.0 37.9 1133969988.0 2.91377e-06 1133969986.2 2.67955e-06 1133969989.9 4.24834e-06 1 -1
1133188290.1 5.1 1133189075.8 1133189579.6 1133193391.5 1133191205.2 1133190330.6 2.17883e-07 1133189000.0 1133193400.0 22.6 121.4 10202720.0 23.3 1133191793.9 2.91130e-06 1133191727.0 3.10481e-06 1133191788.3 2.71478e-06 1 -1
1134684291.9 5.0 1134685073.1 1134685574.0 1134689385.8 1134687202.7 1134686329.4 1.00296e-07 1134685000.0 1134689400.0 -6.3 154.7 10187840.0 52.9 1134686080.2 2.90981e-06 1134686866.9 3.12895e-06 1134686081.8 3.15611e-06 0 -1
1133238367.8 5.4 1133239085.1 1133239637.8 1133242689.9 1133240837.6 1133240096.6 7.67206e-07 1133239000.0 1133242700.0 21.5 145.7 8644086.0 10.0 1133242503.9 2.90832e-06 1133241792.6 2.96564e-06 1133242505.7 2.07918e-06 0 -1
1135392863.0 5.0 1135393428.3 1135393731.7 1135395868.7 1135394580.6 1135394065.3 5.32758e-07 1135393400.0 1135395900.0 6.9 -76.7 6011445.0 5.7 1135395708.3 2.90038e-06 1135395706.4 3.17500e-06 1135395641.5 3.67488e-06 0 -1
1134092775.8 5.6 1134093633.0 1134094097.5 1134098736.5 1134096181.9 1134095160.1 7.56228e-07 1134093600.0 1134098800.0 -4.1 129.5 11921320.0 10.0 1134095229.8 2.87017e-06 1134094225.1 3.17737e-06 1134095825.1 3.77481e-06 0 -1
1134736649.3 5.0 1134737364.7 1134737882.2 1134741181.5 1134739239.1 1134738462.2 1.31214e-08 1134737300.0 1134741200.0 -18.2 -174.9 9064323.0 197.7 1134738667.8 2.86158e-06 1134738666.6 2.55601e-06 1134738669.2 4.07021e-06 1 -1
1133391600.9 5.0 1133392366.9 1133392886.2 1133396442.7 1133394367.7 1133393537.6 2.16269e-07 1133392300.0 1133396500.0 43.9 85.3 9683528.0 10.0 1133392589.9 2.85163e-06 1133394883.5 3.01775e-06 1133396228.3 4.20684e-06 0 -1
1131564038.4 5.7 1131564772.0 1131565313.1 1131568527.1 1131566603.4 1131565833.9 1.46335e-06 1131564700.0 1131568600.0 31.4 128.8 8977374.0 10.0 1131567629.5 2.85131e-06 1131567627.8 3.01481e-06 1131567423.8 4.24354e-06 0 -1
1130447397.8 5.5 1130448184.9 1130448691.5 1130452484.5 1130450304.5 1130449432.4 7.80397e-07 1130448100.0 1130452500.0 22.8 121.7 10173480.0 7.0 1130451902.3 2.84493e-06 1130451901.0 2.90720e-06 1130452500.0 4.15284e-06 0 -1
1131024244.8 5.2 1131025153.1 1131025588.5 1131030845.8 1131028016.8 1131026885.2 2.13657e-07 1131025100.0 1131030900.0 6.8 94.5 13202050.0 9.8 1131029778.2 2.82980e-06 1131028968.2 2.48442e-06 1131029779.9 2.88392e-06 0 -1
1131028462.4 5.1 1131029371.1 1131029806.2 1131035068.8 1131032237.5 1131031104.9 1.56268e-07 1131029300.0 1131035100.0 6.7 94.4 13212740.0 10.0 1131029778.2 2.82980e-06 1131029776.7 2.35643e-06 1131034703.4 2.88095e-06 0 -1
1126702357.9 6.2 1126703134.4 1126703645.1 1126707339.2 1126705204.3 1126704350.4 3.58877e-06 1126703100.0 1126707400.0 -32.3 -72.1 9962451.0 18.0 1126705636.3 2.81421e-06 1126703147.9 1.37862e-06 1126705254.4 7.25225e-06 0 -1
1136254656.4 5.0 1136255352.5 1136255920.6 1136258772.4 1136257008.4 1136256302.8 2.92763e-07 1136255300.0 1136258800.0 -13.3 -70.7 8232023.0 10.0 1136257019.4 2.80642e-06 1136257024.9 2.46117e-06 1136257021.2 3.57723e-06 0 -1
1133748300.7 5.2 1133749155.3 1133749616.9 1133754268.5 1133751710.9 1133750687.8 2.02125e-07 1133749100.0 1133754300.0 -4.2 129.5 11935590.0 30.2 1133749754.2 2.79136e-06 1133749752.6 2.90176e-06 1133749749.4 3.60438e-06 0 -1
1133714161.7 5.0 1133715016.7 1133715478.8 1133720129.0 1133717571.6 1133716548.6 1.08826e-07 1133715000.0 1133720200.0 -4.1 129.5 11934770.0 26.8 1133716872.0 2.79063e-06 1133719243.5 2.64753e-06 1133716873.6 1.31975e-06 0 -1
1133712387.4 5.0 1133713241.9 1133713704.5 1133718347.0 1133715792.9 1133714771.2 1.10860e-07 1133713200.0 1133718400.0 -4.0 129.5 11919300.0 25.8 1133716872.0 2.79063e-06 1133713898.0 2.63879e-06 1133716873.6 2.19468e-06 0 -1
1136233436.8 5.2 1136233993.1 1136234288.2 1136236439.0 1136235152.4 1136234637.7 3.63970e-07 1136233900.0 1136236500.0 49.4 155.3 6004339.0 75.6 1136234299.5 2.78143e-06 1136235178.0 2.48236e-06 1136234294.1 4.60830e-06 0 -1
1136079018.5 5.1 1136079710.9 1136080279.7 1136083088.3 1136081344.1 1136080646.4 4.51534e-07 1136079700.0 1136083100.0 41.3 129.0 8139775.0 0.0 1136081949.0 2.77495e-06 1136081947.2 2.35727e-06 1136081071.3 4.43434e-06 0 -1
1126627199.6 6.0 1126627858.0 1126628397.0 1126630970.6 1126629354.5 1126628708.0 3.50323e-06 1126627800.0 1126631000.0 15.3 -46.0 7542006.0 10.0 1126629767.3 2.74547e-06 1126629846.3 1.20028e-06 1126629771.3 6.82900e-06 1 -1
1131816593.3 5.6 1131817383.1 1131817885.5 1131821734.0 1131819530.9 1131818649.6 8.94489e-07 1131817300.0 1131821800.0 40.4 73.2 10281520.0 18.0 1131819466.7 2.73938e-06 1131819465.3 3.20074e-06 1131820347.7 3.12101e-06 0 -1
1137180127.2 5.2 1137180972.0 1137181443.6 1137185932.7 1137183444.6 1137182449.4 2.73693e-07 1137180900.0 1137186000.0 -0.3 129.5 11611050.0 10.0 1137183627.6 2.72392e-06 1137184366.4 2.41441e-06 1137183629.3 4.20939e-06 0 -1
1129590476.0 5.1 1129590592.3 1129590684.1 1129590921.1 1129590730.3 1129590654.0 7.08948e-06 1129590500.0 1129591000.0 50.8 -130.0 890266.1 10.0 1129590779.2 2.71800e-06 1129590917.9 1.98764e-06 1129590782.4 5.12409e-06 0 -1
1136250738.0 5.6 1136251506.6 1136252019.5 1136255649.1 1136253544.3 1136252702.4 8.66407e-07 1136251500.0 1136255700.0 -30.7 -71.7 9822137.0 30.9 1136254092.8 2.71015e-06 1136255077.8 2.28984e-06 1136254094.5 3.85106e-06 0 -1
1136199048.9 5.1 1136199874.4 1136200357.1 1136204613.0 1136202228.4 1136201274.5 2.21867e-07 1136199800.0 1136204700.0 -1.0 -16.0 11128330.0 10.0 1136200141.1 2.69973e-06 1136200139.2 2.19619e-06 1136200143.0 4.57549e-06 1 -1
1131856747.9 5.1 1131857478.7 1131858017.6 1131861235.9 1131859312.5 1131858543.1 2.59752e-07 1131857400.0 1131861300.0 31.4 129.0 8976102.0 27.5 1131859394.9 2.68926e-06 1131860896.5 2.87032e-06 1131859396.3 1.25753e-06 0 -1
1130470520.5 5.1 1130470999.3 1130471337.1 1130472925.5 1130471894.8 1130471482.5 6.91914e-07 1130470900.0 1130473000.0 11.9 -88.9 4809982.0 28.3 1130472408.1 2.67482e-06 1130472406.4 2.68780e-06 1130472409.7 2.42395e-06 1 -1
1131018896.3 5.1 1131019804.3 1131020239.8 1131025493.1 1131022665.9 1131021535.0 1.56472e-07 1131019800.0 1131025500.0 6.8 94.6 13193560.0 10.1 1131024525.6 2.66893e-06 1131024530.3 2.40733e-06 1131020424.0 2.37880e-06 0 -1
1136627128.6 5.9 1136628331.9 1136628543.7 1136636271.7 1136632353.2 1136630785.8 7.94492e-07 1136628300.0 1136636300.0 -31.3 58.1 18286180.0 10.0 1136628620.3 2.66603e-06 1136631575.5 1.93956e-06 1136628622.0 3.03435e-06 1 -1
1131061680.7 5.1 1131062621.6 1131063026.0 1131068798.1 1131065747.8 1131064527.6 5.37936e-08 1131062600.0 1131068800.0 -56.0 -27.3 14234850.0 75.1 1131064733.7 2.65626e-06 1131064732.1 2.59177e-06 1131064735.3 3.64847e-06 1 -1
1133741389.8 5.5 1133742179.5 1133742683.8 1133746513.2 1133744317.5 1133743439.2 7.51571e-07 1133742100.0 1133746600.0 -35.9 -73.3 10246760.0 10.0 1133745907.3 2.65624e-06 1133745925.8 2.83680e-06 1133745908.8 3.69644e-06 1 -1
1131032473.4 5.2 1131033038.4 1131033334.2 1131035521.8 1131034215.3 1131033692.8 4.91478e-07 1131033000.0 1131035600.0 48.4 154.8 6096695.0 49.5 1131034701.8 2.63800e-06 1131034865.0 2.32254e-06 1131034703.4 3.18601e-06 0 -1
1133316617.7 5.3 1133317376.6 1133317900.1 1133321383.3 1133319340.9 1133318523.9 5.01387e-07 1133317300.0 1133321400.0 -23.5 -64.6 9531209.0 11.6 1133318314.8 2.63001e-06 1133318313.4 2.69666e-06 1133320337.2 3.20582e-06 0 -1
1136091553.4 5.3 1136092385.9 1136092863.6 1136097215.2 1136094788.7 1136093818.1 3.60719e-07 1136092300.0 1136097300.0 -54.5 -136.8 11323550.0 14.5 1136093944.8 2.60974e-06 1136097251.4 2.15547e-06 1136093939.1 2.11793e-06 0 -1
1134572633.0 5.5 1134573566.2 1134573983.6 1134579578.8 1134576602.0 1134575411.3 3.89854e-07 1134573500.0 1134579600.0 -8.4 107.0 13891470.0 27.0 1134574943.2 2.59413e-06 1134573895.3 2.49207e-06 1134573710.5 3.30123e-06 1 -1
1136744969.0 5.2 1136745717.5 1136746242.6 1136749659.3 1136747649.2 1136746845.1 2.95354e-07 1136745700.0 1136749700.0 -21.9 -174.5 9380723.0 35.0 1136746503.3 2.58890e-06 1136746501.9 2.74287e-06 1136746498.7 2.73228e-06 0 -1
1136590790.6 5.2 1136591633.1 1136592063.6 1136596929.9 1136594298.8 1136593246.3 1.23629e-08 1136591600.0 1136597000.0 -7.0 128.0 12278590.0 251.3 1136592471.7 2.58240e-06 1136592476.1 2.22919e-06 1136592473.2 4.00864e-06 1 -1
1134631768.0 5.2 1134632549.9 1134633059.1 1134636798.0 1134634642.3 1134633780.0 3.56131e-07 1134632500.0 1134636800.0 -28.3 -176.3 10059940.0 10.0 1134634495.2 2.57322e-06 1134634969.0 2.90993e-06 1134634958.8 3.14048e-06 1 -1
1136804675.0 5.8 1136805408.6 1136805949.7 1136809163.5 1136807239.9 1136806470.4 1.82676e-06 1136805400.0 1136809200.0 -15.6 -177.2 8977082.0 10.0 1136807256.5 2.56681e-06 1136807095.3 1.88568e-06 1136807086.1 4.82521e-06 0 -1
1131847144.0 5.2 1131847993.4 1131848443.1 1131853175.1 1131850590.4 1131849556.4 6.84190e-08 1131847900.0 1131853200.0 -6.5 130.3 12062320.0 116.0 1131849551.6 2.54436e-06 1131849577.3 2.87745e-06 1131849552.9 3.12998e-06 0 -1
1131045304.4 5.6 1131046211.8 1131046647.7 1131051893.4 1131049069.6 1131047940.0 6.42527e-07 1131046200.0 1131051900.0 7.0 94.5 13178010.0 10.0 1131049374.1 2.54258e-06 1131049372.7 2.48017e-06 1131046410.0 3.51467e-06 0 -1
1136066407.2 5.9 1136067111.8 1136067644.2 1136070782.0 1136068907.1 1136068157.1 1.03236e-06 1136067100.0 1136070800.0 22.0 143.7 8749664.0 158.4 1136070634.4 2.50737e-06 1136069024.5 2.13258e-06 1136069020.8 3.41896e-06 0 -1
1126125164.0 5.9 1126125966.6 1126126463.5 1126130439.7 1126128178.7 1126127274.3 1.84004e-06 1126125900.0 1126130500.0 -32.6 -178.0 10551420.0 8.0 1126128362.9 2.49970e-06 1126128112.9 1.02809e-06 1126128348.0 6.86730e-06 0 -1
1137208939.4 5.2 1137209721.5 1137210223.0 1137214034.7 1137211851.0 1137210977.5 2.21755e-07 1137209700.0 1137214100.0 -6.8 155.2 10190690.0 46.4 1137213196.4 2.49135e-06 1137210821.3 2.41940e-06 1137213191.0 2.46443e-06 0 -1
1137257680.8 5.3 1137258474.6 1137258976.4 1137262853.5 1137260636.6 1137259749.9 4.44079e-07 1137258400.0 1137262900.0 -22.9 171.5 10345280.0 10.0 1137260187.9 2.47781e-06 1137260186.0 2.44126e-06 1137260182.7 3.62753e-06 0 -1
1133292213.3 5.0 1133293054.6 1133293524.8 1133298006.2 1133295523.5 1133294530.4 1.18768e-07 1133293000.0 1133298100.0 29.0 52.0 11585850.0 25.2 1133295189.7 2.47479e-06 1133297234.0 2.67101e-06 1133298100.0 3.36086e-06 1 -1
1132433119.3 5.5 1132433936.3 1132434424.1 1132438576.8 1132436237.9 1132435302.3 6.79615e-07 1132433900.0 1132438600.0 -0.1 -17.8 10914950.0 10.0 1132434289.7 2.46747e-06 1132434288.3 2.51557e-06 1132436304.5 3.20189e-06 0 -1
1131799880.6 5.0 1131800728.2 1131801198.2 1131805721.9 1131803218.5 1131802217.1 1.47921e-07 1131800700.0 1131805800.0 1.5 126.5 11682610.0 10.0 1131805590.9 2.45139e-06 1131805589.5 2.52911e-06 1131805592.4 1.24977e-06 0 -1
1135389118.9 5.8 1135389903.0 1135390406.6 1135394210.2 1135392028.2 1135391155.4 1.36451e-06 1135389900.0 1135394300.0 -6.3 154.8 10182500.0 28.7 1135392248.2 2.42933e-06 1135392906.3 1.52814e-06 1135391845.2 6.07369e-06 1 -1
1135594635.1 5.8 1135595129.5 1135595461.2 1135597140.6 1135596066.8 1135595637.3 3.64435e-06 1135595100.0 1135597200.0 11.2 -86.6 5010921.0 20.0 1135596689.9 2.41770e-06 1135596682.7 1.37381e-06 1135596692.1 6.61384e-06 1 -1
1130426194.5 5.8 1130426930.3 1130427450.0 1130430841.2 1130428849.7 1130428053.2 9.30129e-07 1130426900.0 1130430900.0 -23.2 -68.4 9293388.0 111.0 1130430345.9 2.39629e-06 1130430344.5 2.58237e-06 1130430341.1 1.77274e-06 0 -1
1136656950.9 5.0 1136657902.9 1136658290.4 1136664189.1 1136661087.0 1136659846.2 4.00654e-08 1136657900.0 1136664200.0 -59.2 -25.8 14476450.0 62.9 1136658769.7 2.38543e-06 1136658739.1 2.68970e-06 1136658771.3 2.66109e-06 0 -1
1128672318.6 5.6 1128673159.4 1128673630.6 1128678099.5 1128675622.0 1128674631.0 7.22793e-07 1128673100.0 1128678100.0 -40.6 176.3 11561850.0 22.0 1128676469.2 2.38533e-06 1128677436.5 2.15681e-06 1128676463.7 3.25171e-06 1 -1
1128669822.8 5.2 1128670743.7 1128671171.9 1128676581.4 1128673684.9 1128672526.2 2.03064e-07 1128670700.0 1128676600.0 11.9 57.8 13517270.0 10.0 1128676469.2 2.38533e-06 1128673364.7 2.15028e-06 1128676463.7 1.67673e-06 1 -1
1131669590.5 5.8 1131670064.9 1131670409.4 1131671943.7 1131670935.2 1131670531.8 4.27251e-06 1131670000.0 1131672000.0 17.8 -81.8 4706372.0 6.7 1131670164.2 2.37202e-06 1131670163.6 2.67235e-06 1131670893.5 4.80500e-06 0 -1
1130939101.7 5.0 1130939768.8 1130940317.6 1130943058.2 1130941362.5 1130940684.3 6.86478e-08 1130939700.0 1130943100.0 35.9 140.0 7912901.0 107.5 1130940411.5 2.36974e-06 1130940410.0 1.89151e-06 1130940413.6 3.20110e-06 1 -1
1134824727.8 5.2 1134825510.3 1134826019.1 1134829765.3 1134827606.3 1134826742.8 3.55185e-07 1134825500.0 1134829800.0 -28.3 -176.4 10074960.0 10.0 1134826301.3 2.34794e-06 1134826444.5 2.41298e-06 1134825504.5 4.01986e-06 1 -1
1134588322.5 5.8 1134589089.6 1134589600.3 1134593239.7 1134591132.3 1134590289.4 1.27430e-06 1134589000.0 1134593300.0 -30.6 -71.3 9834336.0 47.6 1134590518.6 2.34584e-06 1134592740.0 2.31831e-06 1134590527.7 2.38247e-06 1 -1
1131784437.8 5.1 1131785207.3 1131785724.5 1131789318.4 1131787226.7 1131786390.0 2.88601e-07 1131785200.0 1131789400.0 38.6 20.6 9761131.0 9.0 1131786957.3 2.33741e-06 1131786956.0 2.47158e-06 1131788204.7 3.10114e-06 0 -1
1128836605.3 6.0 1128837167.4 1128837470.8 1128839594.0 1128838313.1 1128837800.8 4.62514e-06 1128837100.0 1128839600.0 48.9 156.2 5977376.0 12.0 1128838971.0 2.32957e-06 1128838641.2 1.26242e-06 1128838210.8 6.65679e-06 2 1128837796
1136294961.0 5.0 1136295884.4 1136296311.1 1136301750.4 1136298840.6 1136297676.7 1.06166e-07 1136295800.0 1136301800.0 -30.8 -13.8 13578730.0 10.0 1136298059.5 2.30371e-06 1136298057.9 2.13849e-06 1136298061.4 1.16866e-06 1 -1
1130960430.5 5.5 1130961240.5 1130961726.7 1130965851.9 1130963528.5 1130962599.1 5.42057e-07 1130961200.0 1130965900.0 16.5 119.8 10842760.0 37.0 1130965437.5 2.29083e-06 1130965435.9 2.12976e-06 1130965439.2 2.68381e-06 1 -1
1134747861.8 5.7 1134748632.8 1134749120.6 1134752984.5 1134750789.1 1134749910.9 4.19555e-07 1134748600.0 1134753000.0 -4.4 152.0 10245290.0 162.0 1134752872.4 2.28107e-06 1134750317.3 2.59018e-06 1134752873.9 1.67751e-06 1 -1
1135106104.2 6.3 1135106890.1 1135107361.1 1135111471.3 1135109171.1 1135108251.0 2.08143e-06 1135106800.0 1135111500.0 36.5 71.1 10734300.0 206.0 1135107757.8 2.27112e-06 1135106895.3 2.79996e-06 1135108902.4 4.92387e-06 2 1135107747
1131084752.7 5.3 1131085659.1 1131086092.7 1131091356.7 1131088526.4 1131087394.3 2.46485e-07 1131085600.0 1131091400.0 6.5 94.9 13207970.0 23.3 1131087791.5 2.26786e-06 1131086690.6 2.08589e-06 1131087793.2 1.67027e-06 1 -1
1135101502.0 5.8 1135102290.7 1135102795.6 1135106613.1 1135104422.6 1135103546.4 1.52387e-06 1135102200.0 1135106700.0 -40.7 -86.4 10222170.0 10.0 1135104893.3 2.24319e-06 1135104891.9 2.19122e-06 1135104894.9 2.29371e-06 1 -1
1136021671.0 6.0 1136022503.2 1136022982.1 1136027319.2 1136024898.5 1136023930.3 2.06035e-06 1136022500.0 1136027400.0 -54.3 -136.3 11296350.0 10.0 1136024926.5 2.23591e-06 1136024924.4 1.84293e-06 1136024561.7 4.55211e-06 1 -1
1132462027.8 5.0 1132462711.0 1132463265.3 1132466153.5 1132464385.3 1132463678.1 4.87338e-08 1132462700.0 1132466200.0 31.4 140.1 8251357.0 124.7 1132464833.3 2.23282e-06 1132464831.7 2.15313e-06 1132465522.9 3.87642e-06 0 -1
1131091986.6 5.5 1131092891.9 1131093323.7 1131098598.9 1131095765.0 1131094631.5 3.96105e-07 1131092800.0 1131098600.0 6.4 94.8 13224660.0 35.0 1131095268.4 2.23238e-06 1131095266.9 2.28246e-06 1131095270.1 3.68446e-06 1 -1
1135033875.2 5.8 1135034730.5 1135035176.3 1135039985.8 1135037367.0 1135036319.4 5.97084e-07 1135034700.0 1135040000.0 -7.2 129.0 12221230.0 119.0 1135036386.9 2.23106e-06 1135039563.3 2.36871e-06 1135036388.4 2.78326e-06 1 -1
1126602661.7 6.2 1126603439.7 1126603951.8 1126607640.9 1126605506.9 1126604653.4 3.73420e-06 1126603400.0 1126607700.0 -32.4 -72.2 9958245.0 8.0 1126606242.1 2.21585e-06 1126606252.4 1.07782e-06 1126605686.3 4.44990e-06 2 1126604112
1131727770.7 5.9 1131728339.7 1131728636.3 1131730836.8 1131729522.7 1131728997.1 3.24192e-06 1131728300.0 1131730900.0 48.3 154.2 6132045.0 34.0 1131729415.4 2.20401e-06 1131728355.8 3.41616e-06 1131729391.9 5.03496e-06 2 1131728752
1131725605.7 5.0 1131726369.9 1131726884.7 1131730472.4 1131728386.7 1131727552.4 1.44982e-07 1131726300.0 1131730500.0 -24.8 -176.0 9733493.0 35.0 1131729415.4 2.20400e-06 1131728355.8 3.41603e-06 1131729391.9 5.07505e-06 1 -1
1136279246.5 5.0 1136280030.7 1136280500.5 1136284609.7 1136282311.2 1136281391.8 6.77928e-09 1136280000.0 1136284700.0 36.6 70.9 10726310.0 219.0 1136280780.2 2.19784e-06 1136280704.8 1.92696e-06 1136280735.6 2.68801e-06 1 -1
1134526270.3 6.0 1134527054.2 1134527562.1 1134531322.9 1134529157.5 1134528291.4 2.39634e-06 1134527000.0 1134531400.0 -18.4 169.4 10105060.0 10.0 1134530316.8 2.19293e-06 1134530773.5 1.88763e-06 1134528796.7 6.23931e-06 1 -1
1133564032.1 5.7 1133564480.9 1133564824.2 1133566272.0 1133565312.1 1133564928.1 2.16879e-06 1133564400.0 1133566300.0 14.2 -90.9 4479869.0 84.0 1133565686.2 2.18669e-06 1133565684.7 2.55248e-06 1133565074.7 3.76144e-06 0 -1
1131878233.7 5.0 1131879152.2 1131879562.8 1131885126.6 1131882172.5 1131880990.9 2.02256e-08 1131879100.0 1131885200.0 -4.7 103.6 13785770.0 114.0 1131880789.6 2.16476e-06 1131880788.1 2.14567e-06 1131880791.0 1.87253e-06 0 -1
1136756274.0 5.0 1136757072.1 1136757570.5 1136761505.0 1136759263.2 1136758366.4 1.76401e-07 1136757000.0 1136761600.0 38.7 73.2 10461870.0 13.3 1136761216.3 2.16461e-06 1136761214.9 2.18222e-06 1136758554.2 3.11084e-06 0 -1
1136998697.7 5.2 1136999216.1 1136999535.7 1137001378.3 1137000229.5 1136999769.9 8.04239e-07 1136999200.0 1137001400.0 8.9 -84.2 5361029.0 24.9 1137000176.0 2.14100e-06 1137001049.5 2.29016e-06 1137000764.3 4.03328e-06 0 -1
1136463139.4 5.6 1136463994.9 1136464461.7 1136469066.8 1136466526.5 1136465510.4 7.99649e-07 1136463900.0 1136469100.0 -57.7 -147.9 11854920.0 4.0 1136465773.4 2.13130e-06 1136465772.1 1.88819e-06 1136466450.1 2.45561e-06 1 -1
1136170372.7 5.1 1136170789.3 1136171125.6 1136172373.6 1136171516.1 1136171173.1 7.15693e-07 1136170700.0 1136172400.0 51.8 -175.4 4001723.0 44.4 1136172159.0 2.12520e-06 1136171143.1 1.94036e-06 1136171860.4 2.81852e-06 1 -1
1134638948.5 5.2 1134639751.0 1134640229.3 1134644380.6 1134642052.6 1134641121.3 9.22625e-08 1134639700.0 1134644400.0 12.9 124.4 10864110.0 107.8 1134641223.5 2.10165e-06 1134643880.0 2.50949e-06 1134641938.6 1.84374e-06 1 -1
1128605539.9 5.0 1128606119.0 1128606407.0 1128608709.8 1128607351.3 1128606807.9 1.96352e-07 1128606100.0 1128608800.0 46.7 152.5 6339831.0 64.2 1128608525.8 2.06891e-06 1128608524.5 2.10155e-06 1128608800.0 2.96277e-06 0 -1
1131079604.7 5.3 1131080341.9 1131080862.8 1131084251.9 1131082260.2 1131081463.6 1.98717e-07 1131080300.0 1131084300.0 -23.6 -69.0 9294412.0 99.2 1131083152.8 2.06208e-06 1131082166.5 2.17794e-06 1131084232.8 2.24142e-06 1 -1
1134512233.5 5.4 1134513066.6 1134513545.0 1134517891.8 1134515466.8 1134514496.8 4.95737e-07 1134513000.0 1134517900.0 29.4 81.7 11316430.0 10.0 1134513380.4 2.03925e-06 1134513378.8 2.06778e-06 1134513382.0 1.83797e-06 0 -1
1129900335.8 5.1 1129901024.1 1129901497.3 1129904969.5 1129902983.6 1129902189.3 1.43457e-10 1129901000.0 1129905000.0 -18.0 -178.4 9267532.0 562.9 1129903445.4 2.03294e-06 1129901466.5 2.31063e-06 1129902168.0 4.76309e-06 0 -1
1126165253.6 5.3 1126165559.5 1126165811.7 1126166537.7 1126165987.3 1126165767.2 3.14370e-06 1126165500.0 1126166600.0 24.9 -109.7 2568218.0 10.0 1126166236.2 2.03274e-06 1126166578.9 2.14177e-06 1126166246.1 2.94720e-06 0 -1
1131884155.0 5.0 1131884923.4 1131885441.1 1131889025.9 1131886938.4 1131886103.3 2.13774e-07 1131884900.0 1131889100.0 38.8 20.6 9741933.0 10.0 1131888783.7 2.02546e-06 1131888782.1 2.05687e-06 1131888785.1 1.58550e-06 0 -1
1126849191.9 6.1 1126849964.2 1126850474.9 1126854144.9 1126852022.2 1126851173.1 2.78049e-06 1126849900.0 1126854200.0 -31.6 -71.7 9906000.0 30.0 1126852111.5 2.01158e-06 1126849975.8 1.08155e-06 1126852116.5 6.47107e-06 1 -1
1130972051.4 5.2 1130972894.4 1130973361.3 1130977886.8 1130975385.9 1130974385.6 1.93720e-07 1130972800.0 1130977900.0 1.6 126.6 11670840.0 37.1 1130973095.1 2.00303e-06 1130977499.8 2.05421e-06 1130973994.1 1.13315e-06 1 -1
1128503058.0 5.2 1128503987.9 1128504405.6 1128509978.4 1128507012.5 1128505826.2 1.41927e-07 1128503900.0 1128510000.0 -8.0 107.4 13840750.0 35.0 1128505522.3 2.00284e-06 1128505526.7 2.06514e-06 1128505523.8 2.20526e-06 1 -1
1136636859.5 5.2 1136637698.3 1136638173.3 1136642590.5 1136640134.3 1136639151.9 2.80447e-07 1136637600.0 1136642600.0 3.7 127.0 11461980.0 10.0 1136639834.6 1.99352e-06 1136639833.3 1.92573e-06 1136640128.8 1.47133e-06 1 -1
1136752515.8 5.2 1136753323.4 1136753816.8 1136757856.6 1136755567.7 1136754652.1 3.19620e-07 1136753300.0 1136757900.0 32.7 91.6 10681730.0 10.0 1136754778.9 1.99182e-06 1136754158.6 2.05938e-06 1136754780.3 1.80961e-06 0 -1
1129905555.3 5.0 1129906264.5 1129906801.7 1129909926.8 1129908053.3 1129907303.9 5.04236e-08 1129906200.0 1129910000.0 -18.0 -69.5 8742967.0 115.7 1129909384.6 1.99019e-06 1129907089.4 2.02395e-06 1129906409.4 3.02225e-06 0 -1
1134234522.1 5.1 1134235475.1 1134235884.1 1134241688.7 1134238617.3 1134237388.7 1.25764e-07 1134235400.0 1134241700.0 -56.4 -25.8 14333080.0 12.9 1134235804.4 1.98882e-06 1134235803.1 1.84996e-06 1134238991.7 2.52303e-06 0 -1
1134391460.2 5.3 1134392259.8 1134392746.4 1134396801.7 1134394512.5 1134393596.8 2.16661e-07 1134392200.0 1134396900.0 17.8 120.6 10683090.0 70.0 1134395205.3 1.98575e-06 1134392889.2 1.66420e-06 1134395206.9 2.20571e-06 1 -1
1131707085.6 5.0 1131708283.1 1131708495.5 1131715921.4 1131712134.6 1131710619.9 5.52820e-08 1131708200.0 1131716000.0 -26.5 67.8 17671460.0 10.0 1131708240.6 1.97985e-06 1131708239.2 1.90478e-06 1131708242.2 1.49898e-06 1 -1
1130517424.7 5.2 1130518278.3 1130518726.7 1130523500.1 1130520896.4 1130519854.9 7.30267e-08 1130518200.0 1130523600.0 -7.0 129.7 12150820.0 109.6 1130518236.4 1.97804e-06 1130518234.7 2.10338e-06 1130519373.4 2.51359e-06 1 -1
1137276264.3 5.0 1137277091.2 1137277546.1 1137282079.1 1137279587.1 1137278590.2 1.41588e-08 1137277000.0 1137282100.0 1.4 127.3 11629530.0 161.0 1137281994.6 1.97798e-06 1137281999.2 2.22117e-06 1137281996.1 2.04330e-06 0 -1
1128679473.0 5.1 1128680263.6 1128680767.0 1128684610.3 1128682408.6 1128681527.9 2.53490e-07 1128680200.0 1128684700.0 34.3 98.2 10274800.0 11.4 1128682183.4 1.97449e-06 1128682188.0 2.19779e-06 1128682184.9 1.48778e-06 1 -1
1131112673.4 5.1 1131113475.6 1131113972.8 1131117942.8 1131115684.5 1131114781.1 2.54926e-07 1131113400.0 1131118000.0 -7.0 150.8 10538740.0 7.6 1131116455.5 1.95994e-06 1131115045.2 1.90587e-06 1131116450.4 2.21824e-06 1 -1
1132406512.8 6.0 1132407181.9 1132407664.5 1132410957.7 1132409052.8 1132408290.8 1.65396e-07 1132407100.0 1132411000.0 18.8 145.3 8889856.0 586.2 1132408811.8 1.95588e-06 1132410863.1 1.96698e-06 1132410860.0 1.53038e-06 1 -1
1130488292.3 5.3 1130488702.9 1130489034.3 1130490226.0 1130489397.3 1130489065.8 1.88806e-06 1130488700.0 1130490300.0 51.6 -173.3 3867388.0 10.0 1130489214.1 1.95217e-06 1130489344.0 1.97348e-06 1130488919.3 5.60913e-06 0 -1
1132985640.4 5.1 1132986422.4 1132986924.9 1132990726.0 1132988546.4 1132987674.6 1.71731e-07 1132986400.0 1132990800.0 41.4 73.3 10171190.0 40.8 1132987439.5 1.95047e-06 1132987438.1 1.86820e-06 1132987441.1 2.03060e-06 1 -1
1130965088.8 5.0 1130966019.5 1130966442.1 1130971970.7 1130969021.3 1130967841.6 1.02908e-07 1130966000.0 1130972000.0 -10.2 111.2 13763720.0 10.0 1130971452.6 1.94173e-06 1130970647.6 2.11714e-06 1130971454.2 1.31460e-06 0 -1
1136299545.8 5.0 1136300250.8 1136300811.1 1136303756.0 1136301951.6 1136301229.9 2.59795e-07 1136300200.0 1136303800.0 -29.1 -111.8 8420377.0 15.0 1136300786.0 1.93557e-06 1136300784.6 1.84155e-06 1136301816.1 2.26973e-06 1 -1
1131384536.1 5.2 1131384952.2 1131385288.2 1131386531.1 1131385676.1 1131385334.1 1.00988e-06 1131384900.0 1131386600.0 51.5 -175.1 3989964.0 39.4 1131386002.0 1.93183e-06 1131386000.6 1.96303e-06 1131386003.5 1.52384e-06 1 -1
1136664316.7 5.7 1136665098.6 1136665566.3 1136669680.2 1136667381.5 1136666462.1 2.29255e-07 1136665000.0 1136669700.0 36.6 71.0 10727010.0 239.0 1136669466.7 1.92002e-06 1136669465.2 1.77892e-06 1136668666.2 2.19010e-06 0 -1
1136972570.4 5.1 1136973364.6 1136973866.1 1136977749.2 1136975529.7 1136974641.9 2.54743e-07 1136973300.0 1136977800.0 -37.9 -75.3 10357750.0 10.0 1136975722.5 1.91089e-06 1136977759.8 2.06342e-06 1136975723.9 2.33676e-06 0 -1
1126503897.0 5.5 1126504672.5 1126505185.7 1126508851.4 1126506728.0 1126505878.7 7.92119e-07 1126504600.0 1126508900.0 -31.8 -72.1 9908776.0 10.0 1126507263.2 1.89728e-06 1126507592.9 9.78148e-07 1126504816.4 6.08134e-06 0 -1
1134474425.3 5.4 1134475252.3 1134475734.2 1134480008.8 1134477615.9 1134476658.7 5.07060e-07 1134475200.0 1134480100.0 -1.3 -15.8 11167110.0 10.0 1134478518.3 1.89545e-06 1134475919.0 1.93971e-06 1134477818.2 1.58851e-06 1 -1
1133634936.4 5.0 1133635782.9 1133636253.5 1133640763.3 1133638266.0 1133637267.2 1.48610e-07 1133635700.0 1133640800.0 1.0 127.5 11653680.0 10.0 1133640349.3 1.88887e-06 1133636228.1 1.89458e-06 1133640351.0 1.10405e-06 0 -1
1126424475.7 6.3 1126425317.6 1126425784.4 1126430304.3 1126427806.3 1126426807.1 3.32702e-06 1126425300.0 1126430400.0 1.9 126.4 11657180.0 41.6 1126427598.5 1.88516e-06 1126425589.3 1.58159e-06 1126427579.9 6.45944e-06 0 -1
1130384944.5 5.4 1130385586.9 1130386112.6 1130388621.5 1130387045.6 1130386415.3 6.79999e-07 1130385500.0 1130388700.0 41.6 142.0 7354019.0 47.0 1130388016.5 1.88220e-06 1130388015.1 2.28848e-06 1130388012.3 1.56157e-06 0 -1
1132989991.1 5.0 1132990762.7 1132991271.9 1132994951.7 1132992825.7 1132991975.3 1.28825e-07 1132990700.0 1132995000.0 -31.6 -71.5 9921084.0 40.2 1132992865.5 1.86153e-06 1132992863.8 1.75821e-06 1132992867.0 2.94731e-06 1 -1
1128659757.8 5.2 1128660315.1 1128660620.9 1128662708.3 1128661443.8 1128660938.0 8.41722e-07 1128660300.0 1128662800.0 7.5 -77.5 5901121.0 10.0 1128661918.1 1.85420e-06 1128661791.3 1.98129e-06 1128661919.7 2.45060e-06 1 -1
1132032855.2 5.1 1132033564.3 1132034122.8 1132037097.2 1132035279.2 1132034552.0 3.65843e-07 1132033500.0 1132037100.0 26.3 142.7 8484045.0 10.0 1132035270.4 1.84975e-06 1132036862.1 1.37289e-06 1132035295.9 4.65835e-06 1 -1
1136468031.3 5.0 1136468804.7 1136469317.9 1136472970.5 1136470853.7 1136470007.0 1.90356e-07 1136468800.0 1136473000.0 -31.3 -71.8 9878413.0 15.7 1136470715.8 1.84704e-06 1136472813.6 1.76931e-06 1136469607.0 2.11378e-06 0 -1
1131148471.4 5.0 1131148875.9 1131149202.8 1131150394.6 1131149570.4 1131149240.7 5.65622e-07 1131148800.0 1131150400.0 51.4 -172.9 3846484.0 44.4 1131150319.9 1.83588e-06 1131150318.4 1.83935e-06 1131150400.0 2.87974e-06 1 -1
1134236947.2 5.0 1134237899.2 1134238307.2 1134244116.1 1134241043.7 1134239814.8 7.99429e-08 1134237800.0 1134244200.0 -56.4 -25.7 14337710.0 20.1 1134237887.5 1.82844e-06 1134237885.7 1.56670e-06 1134237889.3 2.16512e-06 0 -1
1134534469.8 5.0 1134535030.4 1134535331.1 1134537467.2 1134536182.6 1134535668.7 3.68693e-07 1134535000.0 1134537500.0 2.1 -84.4 5994812.0 29.6 1134537084.9 1.80757e-06 1134536087.4 1.61396e-06 1134535399.4 1.94261e-06 0 -1
1133614584.4 5.6 1133615354.4 1133615867.7 1133619500.7 1133617393.7 1133616550.9 9.05872e-07 1133615300.0 1133619600.0 -30.8 -71.8 9832560.0 25.0 1133617986.1 1.79042e-06 1133615453.6 1.89846e-06 1133617469.0 2.12214e-06 1 -1
1130506853.2 5.0 1130507678.0 1130508154.1 1130512471.3 1130510063.6 1130509100.4 9.33779e-08 1130507600.0 1130512500.0 32.1 69.6 11236240.0 44.7 1130511530.9 1.78469e-06 1130511529.4 2.06195e-06 1130510773.2 1.55491e-06 1 -1
1128655909.3 5.0 1128656681.4 1128657194.4 1128660841.6 1128658727.7 1128657882.2 1.79475e-07 1128656600.0 1128660900.0 -31.2 -71.8 9864565.0 19.6 1128660350.6 1.76738e-06 1128660544.0 1.78077e-06 1128660352.1 1.65880e-06 1 -1
1131258410.7 5.6 1131258992.4 1131259288.6 1131261547.7 1131260203.3 1131259665.5 1.91799e-06 1131258900.0 1131261600.0 -9.1 -108.6 6273995.0 10.0 1131260248.6 1.76080e-06 1131260261.2 1.21196e-06 1131260219.7 4.83630e-06 1 -1
1133166783.1 5.2 1133167547.5 1133168062.2 1133171651.0 1133169564.8 1133168730.3 2.77521e-07 1133167500.0 1133171700.0 -29.8 -71.7 9735814.0 34.8 1133169752.1 1.75448e-06 1133168287.1 1.91763e-06 1133168960.0 2.05510e-06 1 -1
1136006927.2 5.2 1136007772.4 1136008222.1 1136012926.8 1136010355.6 1136009327.1 5.78807e-08 1136007700.0 1136013000.0 -6.0 130.6 11999290.0 130.3 1136011538.1 1.74459e-06 1136011536.5 1.44818e-06 1136011539.9 1.87363e-06 1 -1
1136785196.7 5.1 1136785907.6 1136786439.1 1136789614.4 1136787721.1 1136786963.8 5.59826e-08 1136785900.0 1136789700.0 -16.2 -174.1 8835401.0 139.9 1136787626.5 1.72596e-06 1136787625.0 1.80673e-06 1136786746.2 2.24016e-06 0 -1
1136482866.5 5.0 1136483650.6 1136484158.4 1136487922.0 1136485755.3 1136484888.7 1.98767e-07 1136483600.0 1136488000.0 39.6 34.3 10110890.0 10.0 1136486139.3 1.72374e-06 1136484467.7 1.59501e-06 1136484464.1 1.59797e-06 1 -1
1134221393.0 5.2 1134222170.3 1134222678.2 1134226403.2 1134224256.0 1134223397.1 2.85044e-07 1134222100.0 1134226500.0 -15.6 167.3 10020480.0 28.5 1134223513.6 1.72242e-06 1134224207.0 1.43115e-06 1134222915.3 1.91875e-06 2 1134222546
1136808946.5 5.5 1136809864.2 1136810294.2 1136815665.6 1136812785.9 1136811634.1 4.79698e-07 1136809800.0 1136815700.0 -53.3 159.8 13438180.0 10.0 1136810632.8 1.71578e-06 1136811967.5 1.96644e-06 1136810634.5 1.93991e-06 0 -1
1132949962.3 5.5 1132950972.4 1132951347.9 1132957838.1 1132954462.7 1132953112.6 3.60232e-07 1132950900.0 1132957900.0 -8.8 67.7 15751570.0 10.0 1132951523.9 1.70183e-06 1132954157.2 1.50386e-06 1132951525.6 2.22803e-06 1 -1
1136481065.8 5.0 1136481762.3 1136482225.5 1136485823.8 1136483784.6 1136482969.0 2.49740e-11 1136481700.0 1136485900.0 -20.8 -178.4 9516125.0 593.4 1136484462.5 1.70022e-06 1136484467.7 1.59501e-06 1136484464.1 2.07966e-06 1 -1
1135355182.0 5.2 1135356035.9 1135356494.2 1135361174.4 1135358606.2 1135357579.0 1.54929e-07 1135356000.0 1135361200.0 -3.8 128.4 11984890.0 51.0 1135360720.0 1.69719e-06 1135360718.5 1.51135e-06 1135361089.1 2.19583e-06 1 -1
1136325311.4 5.3 1136325673.8 1136325967.9 1136326957.6 1136326252.1 1136325969.9 1.83484e-06 1136325600.0 1136327000.0 18.8 -107.1 3292397.0 31.1 1136326679.2 1.69557e-06 1136326594.6 1.39528e-06 1136326450.8 2.45397e-06 0 -1
1134333534.1 5.3 1134334273.8 1134334804.5 1134338131.2 1134336161.0 1134335372.9 4.00663e-07 1134334200.0 1134338200.0 -19.6 -174.9 9194158.0 37.3 1134335823.5 1.69056e-06 1134337263.5 1.46590e-06 1134335825.3 1.16473e-06 1 -1
1136498874.7 5.0 1136499636.1 1136500146.8 1136503752.2 1136501661.8 1136500825.7 8.72056e-08 1136499600.0 1136503800.0 -11.6 166.4 9755100.0 67.3 1136502892.3 1.68954e-06 1136502961.7 1.72649e-06 1136502893.8 1.48971e-06 1 -1
1135953390.9 5.2 1135954191.9 1135954688.7 1135958656.6 1135956399.9 1135955497.2 3.17625e-07 1135954100.0 1135958700.0 19.2 121.0 10531410.0 12.6 1135955631.5 1.68843e-06 1135958666.6 1.49218e-06 1135954956.7 2.39092e-06 1 -1
1135264806.1 5.3 1135265535.4 1135266079.5 1135269250.2 1135267345.6 1135266583.8 5.72213e-07 1135265500.0 1135269300.0 -33.0 -108.8 8888180.0 10.0 1135267759.3 1.68456e-06 1135267758.0 2.09966e-06 1135267755.1 1.74836e-06 1 -1
1134423116.6 5.4 1134423675.0 1134423914.3 1134426419.1 1134425003.7 1134424437.6 1.60622e-08 1134423600.0 1134426500.0 48.0 146.9 6604848.0 443.4 1134425976.2 1.68112e-06 1134425974.7 1.66060e-06 1134425963.0 2.36069e-06 0 -1
1129608275.1 6.0 1129609478.0 1129609689.8 1129617391.0 1129613484.2 1129611921.5 1.01966e-06 1129609400.0 1129617400.0 -45.8 37.2 18231790.0 10.0 1129611770.1 1.68058e-06 1129609812.2 1.78244e-06 1129614034.9 2.75341e-06 1 -1
1136954173.9 5.0 1136955067.6 1136955510.4 1136960599.6 1136957845.7 1136956744.2 1.12867e-07 1136955000.0 1136960600.0 -10.0 123.6 12851280.0 14.1 1136959461.8 1.67923e-06 1136957455.7 1.72336e-06 1136959463.5 1.13118e-06 0 -1
1136854625.0 5.1 1136855572.9 1136855985.5 1136861721.8 1136858680.3 1136857463.7 1.33774e-07 1136855500.0 1136861800.0 -62.2 155.8 14193650.0 10.0 1136855884.9 1.67648e-06 1136855883.5 1.86063e-06 1136855880.4 1.66494e-06 0 -1
1134168994.2 5.0 1134169779.5 1134170280.6 1134174114.6 1134171920.1 1134171042.4 1.26124e-07 1134169700.0 1134174200.0 -5.4 153.1 10240760.0 37.5 1134170641.6 1.67630e-06 1134170640.4 1.79391e-06 1134173629.4 1.64654e-06 1 -1
1134174050.5 5.1 1134174758.4 1134175308.0 1134178340.7 1134176502.0 1134175766.6 1.90547e-07 1134174700.0 1134178400.0 25.7 141.9 8580418.0 55.5 1134175048.1 1.67412e-06 1134175052.5 1.65986e-06 1134176623.2 2.33748e-06 1 -1
1136812506.2 5.6 1136813322.8 1136813805.4 1136818008.0 1136815650.1 1136814706.9 7.05569e-07 1136813300.0 1136818100.0 9.7 126.3 11003670.0 35.0 1136816716.5 1.66712e-06 1136815454.7 1.90317e-06 1136818100.0 1.49403e-06 0 -1
1132485799.0 5.0 1132486623.3 1132487083.1 1132491552.6 1132489086.8 1132488100.4 1.97975e-08 1132486600.0 1132491600.0 4.2 125.8 11507300.0 141.0 1132488377.6 1.66291e-06 1132490644.9 1.65177e-06 1132488379.2 1.99331e-06 1 -1
1135995689.6 5.8 1135996414.4 1135996961.7 1136000087.5 1135998202.7 1135997448.8 1.87845e-06 1135996400.0 1136000100.0 30.6 132.8 8795844.0 10.0 1135998790.4 1.66010e-06 1135998788.8 1.41571e-06 1135998792.1 2.65650e-06 0 -1
1131315496.5 5.2 1131316330.6 1131316792.4 1131321307.7 1131318817.2 1131317821.0 9.32902e-08 1131316300.0 1131321400.0 1.6 127.3 11622360.0 96.7 1131316344.5 1.65941e-06 1131316343.1 1.76216e-06 1131321400.0 2.42721e-06 0 -1
1135635809.0 5.0 1135636812.3 1135637192.1 1135643600.0 1135640261.0 1135638925.4 7.64501e-08 1135636800.0 1135643600.0 -7.2 67.8 15581960.0 10.0 1135637966.8 1.62652e-06 1135637965.2 1.68267e-06 1135637962.0 1.54915e-06 1 -1
1131320196.2 5.8 1131321051.0 1131321495.9 1131326309.9 1131323689.7 1131322641.7 5.71254e-07 1131321000.0 1131326400.0 -7.2 128.9 12227320.0 126.0 1131322876.9 1.62571e-06 1131321426.8 1.78927e-06 1131322878.3 2.11077e-06 1 -1
1130391748.5 5.3 1130392581.7 1130393051.1 1130397488.1 1130395028.2 1130394044.3 2.24201e-07 1130392500.0 1130397500.0 -39.4 175.9 11479260.0 55.4 1130395458.4 1.62534e-06 1130394749.9 1.75892e-06 1130395510.4 1.80053e-06 0 -1
1135348784.8 5.2 1135349574.4 1135350078.8 1135353906.5 1135351711.5 1135350833.5 3.44803e-07 1135349500.0 1135354000.0 -5.2 152.8 10243390.0 10.0 1135353234.8 1.62313e-06 1135350510.7 1.54973e-06 1135354000.0 2.76445e-06 1 -1
1133024922.1 5.8 1133025650.6 1133026195.3 1133029357.8 1133027456.8 1133026696.4 1.85666e-06 1133025600.0 1133029400.0 -14.9 -176.6 8871344.0 10.0 1133028370.2 1.60661e-06 1133028368.8 1.42789e-06 1133027274.7 1.71581e-06 0 -1
1129599623.3 6.2 1129600800.3 1129601014.9 1129607709.2 1129604243.8 1129602857.7 1.92562e-06 1129600800.0 1129607800.0 -54.2 6.2 16171660.0 11.0 1129603945.1 1.60398e-06 1129603943.3 1.61039e-06 1129603878.2 2.38506e-06 0 -1
1129820354.7 5.8 1129821144.3 1129821648.6 1129825477.0 1129823281.7 1129822403.6 1.51914e-06 1129821100.0 1129825500.0 -29.3 -177.8 10244690.0 10.0 1129824796.5 1.60100e-06 1129824795.3 1.86255e-06 1129823086.5 1.63986e-06 0 -1
1134162738.8 5.2 1134163114.5 1134163419.0 1134164479.6 1134163733.6 1134163435.1 1.10418e-06 1134163100.0 1134164500.0 52.8 -167.9 3481544.0 46.7 1134163725.1 1.59096e-06 1134163723.3 1.64967e-06 1134163720.1 2.12974e-06 1 -1
1131679919.2 5.1 1131680390.7 1131680731.5 1131682276.8 1131681266.4 1131680862.2 6.83493e-07 1131680300.0 1131682300.0 52.1 173.6 4715273.0 31.3 1131681495.3 1.58601e-06 1131681293.2 1.65304e-06 1131681290.2 2.79100e-06 0 -1
1135508931.7 5.1 1135509680.8 1135510206.2 1135513623.7 1135511612.9 1135510808.5 2.24682e-07 1135509600.0 1135513700.0 -21.9 -174.5 9384106.0 32.2 1135510823.7 1.57556e-06 1135510828.0 1.66085e-06 1135511976.6 1.40650e-06 0 -1
1126895830.5 5.5 1126896601.0 1126897113.5 1126900756.4 1126898645.3 1126897800.9 6.88855e-07 1126896600.0 1126900800.0 -31.0 -71.8 9851749.0 26.9 1126898508.7 1.56538e-06 1126897497.5 8.68726e-07 1126898513.1 3.45406e-06 0 -1
1130100417.3 5.8 1130101167.8 1130101672.3 1130105267.1 1130103188.6 1130102357.3 7.27381e-07 1130101100.0 1130105300.0 -11.0 166.4 9699544.0 141.0 1130102231.7 1.55212e-06 1130102229.9 1.34780e-06 1130101171.6 2.20362e-06 0 -1
1127574150.9 5.0 1127574536.9 1127574849.2 1127575936.9 1127575171.5 1127574865.3 9.18975e-07 1127574500.0 1127576000.0 17.8 -102.3 3571864.0 19.8 1127575396.8 1.54530e-06 1127575403.7 1.06461e-06 1127575399.1 3.24494e-06 0 -1
1135140212.2 5.4 1135141413.3 1135141625.4 1135149229.6 1135145365.0 1135143819.2 2.05804e-07 1135141400.0 1135149300.0 -42.0 84.5 18034700.0 10.0 1135148001.5 1.54362e-06 1135148000.1 1.69692e-06 1135148002.9 1.29199e-06 1 -1
1135143625.0 5.1 1135144379.5 1135144906.3 1135148337.9 1135146318.1 1135145510.2 3.03422e-07 1135144300.0 1135148400.0 -36.5 -99.5 9425854.0 10.0 1135148001.5 1.54362e-06 1135148000.1 1.69692e-06 1135148002.9 2.10293e-06 1 -1
1132929941.3 5.3 1132930676.9 1132931184.2 1132934671.3 1132932644.2 1132931833.3 7.96015e-08 1132930600.0 1132934700.0 -24.3 -67.2 9459877.0 179.3 1132933616.1 1.54199e-06 1132933817.7 1.40832e-06 1132934700.0 2.01200e-06 1 -1
1133086126.0 5.3 1133086906.8 1133087407.4 1133091218.5 1133089036.0 1133088163.0 2.74157e-07 1133086900.0 1133091300.0 -6.2 154.7 10184950.0 56.1 1133088259.2 1.53479e-06 1133088257.9 1.70168e-06 1133088802.9 1.57149e-06 1 -1
1129571279.1 5.3 1129572006.0 1129572553.3 1129575689.3 1129573799.2 1129573043.2 6.17511e-07 1129572000.0 1129575700.0 17.9 147.2 8820372.0 4.2 1129575167.1 1.52411e-06 1129575165.6 1.43168e-06 1129575168.7 1.84756e-06 1 -1
1127664429.3 5.7 1127665366.6 1127665768.7 1127671539.8 1127668492.5 1127667273.5 3.86659e-07 1127665300.0 1127671600.0 -56.2 -27.7 14220960.0 101.0 1127670403.8 1.52098e-06 1127670511.9 1.09476e-06 1127670392.1 3.54855e-06 1 -1
1127669171.2 5.4 1127669555.8 1127669867.1 1127670965.4 1127670196.4 1127669888.9 1.87598e-06 1127669500.0 1127671000.0 18.0 -101.3 3588389.0 42.0 1127670403.8 1.52098e-06 1127670511.9 1.09476e-06 1127670392.1 3.42384e-06 1 -1
1133134046.9 5.4 1133134837.9 1133135341.4 1133139186.0 1133136983.5 1133136102.5 5.82305e-07 1133134800.0 1133139200.0 39.3 40.3 10278220.0 10.0 1133137561.0 1.51407e-06 1133135606.6 1.65233e-06 1133137562.4 1.39797e-06 1 -1
1129858909.3 5.0 1129859634.0 1129860086.6 1129863952.2 1129861790.9 1129860926.5 4.66704e-11 1129859600.0 1129864000.0 -25.2 178.7 10085680.0 546.0 1129860744.6 1.50993e-06 1129859871.0 1.63359e-06 1129862659.6 2.17237e-06 0 -1
1133007278.8 5.1 1133008125.3 1133008595.9 1133013105.9 1133010608.6 1133009609.7 2.02497e-07 1133008100.0 1133013200.0 1.0 127.5 11654050.0 10.0 1133008597.5 1.50506e-06 1133010930.9 1.71130e-06 1133009562.9 1.49284e-06 1 -1
1133012412.1 5.0 1133013108.9 1133013654.7 1133016662.1 1133014840.7 1133014112.1 5.18000e-08 1133013100.0 1133016700.0 -16.4 -71.1 8500027.0 117.3 1133016146.8 1.49686e-06 1133015176.7 1.51680e-06 1133016142.2 1.84905e-06 1 -1
1135994319.9 5.0 1135994746.9 1135995091.5 1135996383.3 1135995499.0 1135995145.3 5.92845e-07 1135994700.0 1135996400.0 15.5 -95.2 4126675.0 35.0 1135995916.9 1.49209e-06 1135995527.5 1.33103e-06 1135995538.6 1.86505e-06 0 -1
1132858386.5 5.8 1132859145.7 1132859669.2 1132863154.0 1132861110.8 1132860293.5 1.67018e-06 1132859100.0 1132863200.0 -23.6 -64.7 9535036.0 11.0 1132862293.1 1.48606e-06 1132859146.1 1.34110e-06 1132861045.8 2.58331e-06 0 -1
1132391673.0 5.0 1132392444.2 1132392953.8 1132396627.4 1132394504.1 1132393654.8 1.31350e-07 1132392400.0 1132396700.0 -31.8 -72.2 9908751.0 39.1 1132396486.9 1.48095e-06 1132395948.7 1.69181e-06 1132394133.3 1.86010e-06 1 -1
1132513078.6 5.7 1132513923.5 1132514390.1 1132518931.3 1132516423.0 1132515419.7 8.43560e-07 1132513900.0 1132519000.0 1.4 126.3 11705320.0 33.2 1132515708.7 1.47725e-06 1132515707.3 1.71000e-06 1132518021.1 1.58844e-06 1 -1
1129595276.6 5.6 1129596116.6 1129596590.7 1129601025.3 1129598561.5 1129597576.0 7.94720e-07 1129596100.0 1129601100.0 29.6 70.3 11497380.0 11.0 1129598997.1 1.47584e-06 1129599001.7 1.48220e-06 1129599520.3 1.97327e-06 0 -1
1126444156.1 5.2 1126444935.7 1126445444.7 1126449171.4 1126447022.0 1126446162.2 3.29303e-07 1126444900.0 1126449200.0 24.3 121.8 10030480.0 16.7 1126448997.9 1.45763e-06 1126448228.6 1.43445e-06 1126448992.8 1.43402e-06 0 -1
1136326909.4 5.4 1136327809.0 1136328234.8 1136333528.8 1136330691.9 1136329557.2 1.73071e-07 1136327800.0 1136333600.0 -9.4 117.7 13238750.0 88.9 1136328728.1 1.45542e-06 1136328726.6 1.45579e-06 1136329036.1 1.46454e-06 0 -1
1127836330.3 5.2 1127837170.2 1127837626.4 1127842233.9 1127839703.8 1127838691.8 7.69470e-08 1127837100.0 1127842300.0 1.3 125.0 11807120.0 109.8 1127841420.4 1.43393e-06 1127841424.3 1.54010e-06 1127841421.7 1.19592e-06 2 1127837187
1127838184.0 5.1 1127838952.2 1127839465.0 1127843093.0 1127840989.2 1127840147.6 2.05942e-07 1127838900.0 1127843100.0 -30.6 -71.6 9818041.0 32.5 1127841420.4 1.43393e-06 1127841424.3 1.54010e-06 1127841421.7 1.88647e-06 0 -1
1130122185.0 5.3 1130122627.3 1130122972.3 1130124387.8 1130123443.8 1130123066.1 6.30108e-07 1130122600.0 1130124400.0 51.8 178.5 4405662.0 93.9 1130124149.7 1.43313e-06 1130124148.0 1.20066e-06 1130124151.4 1.85388e-06 1 -1
1135365872.5 5.1 1135366684.3 1135367175.2 1135371265.9 1135368954.4 1135368029.9 2.35715e-07 1135366600.0 1135371300.0 -0.5 -20.0 10786890.0 10.0 1135370433.9 1.43197e-06 1135370567.3 1.43732e-06 1135370435.6 1.24537e-06 1 -1
1132693240.0 6.2 1132693986.0 1132694512.9 1132697901.5 1132695903.7 1132695104.6 3.65161e-06 1132693900.0 1132698000.0 -24.8 -70.6 9322897.0 35.0 1132694000.1 1.42260e-06 1132695972.6 1.17961e-06 1132696002.2 3.80865e-06 0 -1
1135632595.9 5.4 1135633387.0 1135633886.6 1135637770.2 1135635552.6 1135634665.6 4.85724e-07 1135633300.0 1135637800.0 -30.4 -178.0 10348670.0 27.3 1135635729.1 1.41807e-06 1135635727.5 1.41406e-06 1135635724.4 1.57249e-06 1 -1
1131742356.7 5.0 1131743126.8 1131743643.9 1131747241.7 1131745148.1 1131744310.7 2.19995e-07 1131743100.0 1131747300.0 -30.3 -72.0 9770064.0 7.8 1131743205.1 1.41314e-06 1131745526.6 1.77801e-06 1131744137.0 1.10887e-06 1 -1
1130928841.2 5.7 1130929609.2 1130930120.3 1130933762.2 1130931653.2 1130930809.6 1.02653e-06 1130929600.0 1130933800.0 -30.7 -71.4 9842023.0 42.0 1130933745.2 1.39772e-06 1130929622.5 1.84892e-06 1130931764.5 2.90632e-06 0 -1
1127880866.7 5.0 1127881671.1 1127882166.4 1127886168.5 1127883896.3 1127882987.4 1.80765e-07 1127881600.0 1127886200.0 -33.0 -178.3 10603570.0 10.0 1127884221.5 1.39632e-06 1127885031.8 1.33165e-06 1127884222.9 1.57358e-06 0 -1
1127888832.8 5.9 1127889599.3 1127890112.1 1127893729.8 1127891631.1 1127890791.6 1.72681e-06 1127889500.0 1127893800.0 -30.3 -71.6 9793989.0 38.0 1127891744.3 1.39427e-06 1127889612.7 1.49471e-06 1127891750.8 3.74027e-06 0 -1
1127887439.1 5.8 1127888233.6 1127888733.9 1127892629.2 1127890404.9 1127889515.1 1.44964e-06 1127888200.0 1127892700.0 -37.5 -73.7 10380320.0 14.5 1127891744.3 1.39427e-06 1127889612.7 1.49472e-06 1127891750.8 3.71895e-06 0 -1
1129979115.4 5.4 1129980299.7 1129980513.4 1129987428.8 1129983865.9 1129982440.7 2.43275e-07 1129980200.0 1129987500.0 -16.6 66.5 16626790.0 10.0 1129983822.8 1.39217e-06 1129981092.6 1.40521e-06 1129981089.3 1.93741e-06 1 -1
1132368395.3 5.4 1132369162.1 1132369680.8 1132373247.2 1132371167.8 1132370336.0 6.39346e-07 1132369100.0 1132373300.0 -24.8 -175.6 9703806.0 10.0 1132373160.8 1.38733e-06 1132373159.3 1.37887e-06 1132371638.8 1.56551e-06 2 1132370126
1135481152.3 5.0 1135481600.2 1135481943.3 1135483389.2 1135482430.5 1135482047.1 2.29554e-07 1135481600.0 1135483400.0 14.2 -91.1 4473728.0 88.4 1135483358.4 1.38177e-06 1135482407.6 1.37234e-06 1135483161.8 1.47136e-06 1 -1
1135479533.5 5.0 1135480269.9 1135480809.0 1135484051.9 1135482115.4 1135481340.8 2.46693e-07 1135480200.0 1135484100.0 -34.4 -109.4 9036821.0 10.0 1135483358.4 1.38177e-06 1135481326.2 1.43772e-06 1135480425.0 8.73008e-07 1 -1
1136383974.1 5.4 1136384716.0 1136385245.2 1136388594.4 1136386614.3 1136385822.3 5.27028e-07 1136384700.0 1136388600.0 27.7 129.7 9240562.0 37.5 1136388174.5 1.38019e-06 1136384721.2 1.58078e-06 1136386525.1 1.46626e-06 1 -1
1129819689.0 5.2 1129820070.9 1129820380.1 1129821466.0 1129820704.4 1129820399.8 1.13936e-06 1129820000.0 1129821500.0 18.3 -101.6 3554145.0 42.0 1129821450.1 1.37942e-06 1129821448.7 1.38342e-06 1129820748.7 2.53858e-06 0 -1
1128098023.8 5.9 1128098790.8 1128099304.0 1128102921.4 1128100822.4 1128099982.8 1.76518e-06 1128098700.0 1128103000.0 -30.3 -71.5 9795174.0 34.0 1128098803.6 1.37482e-06 1128098802.8 3.06404e-06 1128102928.0 4.31579e-06 1 -1
1128497484.6 5.1 1128498241.1 1128498721.1 1128502561.4 1128500385.6 1128499515.3 8.53227e-09 1128498200.0 1128502600.0 -19.1 169.5 10153560.0 257.0 1128499006.5 1.35651e-06 1128499005.1 1.65845e-06 1128499888.9 1.33885e-06 1 -1
1132521455.5 5.4 1132522285.1 1132522765.0 1132527074.6 1132524666.4 1132523703.1 4.91840e-07 1132522200.0 1132527100.0 31.9 49.5 11238120.0 12.0 1132525768.5 1.33827e-06 1132526664.8 1.44444e-06 1132525769.9 1.53125e-06 1 -1
1130544409.3 5.0 1130545187.7 1130545699.0 1130549396.7 1130547259.2 1130546404.3 2.04151e-07 1130545100.0 1130549400.0 24.7 122.0 9974687.0 10.0 1130545406.8 1.33593e-06 1130545366.4 1.29168e-06 1130548594.4 1.78357e-06 1 -1
1128450473.7 5.5 1128451245.9 1128451755.6 1128455434.4 1128453308.3 1128452457.9 6.34875e-07 1128451200.0 1128455500.0 -31.7 -71.7 9921439.0 35.0 1128453413.7 1.33267e-06 1128453417.4 1.34377e-06 1128453420.2 1.05477e-06 1 -1
1130925991.8 5.3 1130926727.5 1130927267.1 1130930502.6 1130928569.4 1130927796.1 5.58505e-07 1130926700.0 1130930600.0 -18.2 -174.1 9021713.0 10.0 1130930226.2 1.32159e-06 1130929622.5 1.84773e-06 1130929506.8 1.42635e-06 0 -1
1131940068.8 5.1 1131940863.4 1131941358.4 1131945304.2 1131943060.5 1131942163.0 1.65473e-07 1131940800.0 1131945400.0 -32.5 -176.7 10470800.0 39.5 1131941547.7 1.30551e-06 1131941546.4 1.55636e-06 1131943738.2 1.66807e-06 0 -1
