1126604052 1126604172 1126604104.1 8.53054e-07 1126604098.6 2.33619e-06 1126604167.8 4.67705e-07 1126604101.3 8.09999e-07 1126604096.2 1.76439e-06 1126604165.6 4.75714e-07 1126604083.0 2.06149e-06 1126604103.7 7.50420e-06 1126604172.0 1.14037e-06
1126613031 1126613151 1126613083.1 2.03984e-07 1126613087.7 2.45608e-07 1126613086.3 2.75901e-07 1126613102.2 2.71098e-07 1126613041.4 2.74390e-07 1126613062.6 3.75996e-07 1126613125.5 4.89998e-07 1126613089.0 1.02315e-06 1126613073.2 3.06641e-07
1126629121 1126629241 1126629173.6 1.74584e-06 1126629123.8 1.24533e-06 1126629218.6 8.64379e-07 1126629167.8 6.30586e-07 1126629241.0 1.15796e-06 1126629213.7 4.67786e-07 1126629179.2 5.57240e-06 1126629129.9 6.84136e-06 1126629227.1 4.79271e-06
1126645173 1126645293 1126645276.5 2.56351e-07 1126645193.7 1.16674e-06 1126645200.9 2.78931e-07 1126645228.6 3.40677e-07 1126645176.0 3.59856e-07 1126645213.8 2.47344e-07 1126645287.0 8.37666e-07 1126645208.4 8.39420e-06 1126645202.1 3.44686e-07
1126677257 1126677377 1126677319.0 7.49564e-07 1126677369.5 5.49729e-07 1126677323.5 8.82206e-07 1126677270.1 3.37612e-07 1126677300.9 3.35415e-07 1126677353.5 3.86485e-07 1126677322.7 2.84287e-06 1126677312.1 1.70532e-06 1126677326.5 2.08390e-06
1126691733 1126691853 1126691749.2 6.21465e-07 1126691737.1 3.26694e-07 1126691753.9 7.79893e-07 1126691841.2 3.46114e-07 1126691736.1 4.43755e-07 1126691789.9 3.69516e-07 1126691753.5 1.91941e-06 1126691823.7 2.93999e-07 1126691779.3 2.72761e-06
1126715483 1126715603 1126715590.6 2.48945e-07 1126715553.5 4.10081e-07 1126715509.5 2.64249e-07 1126715546.9 3.33786e-07 1126715533.8 2.27240e-07 1126715578.8 2.50114e-07 1126715603.0 9.00582e-07 1126715575.6 4.53068e-06 1126715603.0 4.24540e-07
1126719995 1126720115 1126720090.6 2.54346e-07 1126720015.0 1.33958e-06 1126720104.0 2.49124e-07 1126720008.2 3.22595e-07 1126719998.1 3.81826e-07 1126720042.9 2.47070e-07 1126720115.0 1.54520e-06 1126720029.3 7.72853e-06 1126720115.0 4.39308e-07
1126821881 1126822001 1126821992.6 3.86948e-07 1126821959.0 1.57681e-06 1126821889.2 2.51488e-07 1126821962.4 3.05286e-07 1126821884.8 4.04547e-07 1126821888.3 3.92634e-07 1126822001.0 1.66804e-06 1126821978.6 3.31011e-05 1126821984.4 4.57469e-07
1126836806 1126836926 1126836897.6 4.03925e-07 1126836869.5 4.93602e-07 1126836858.7 1.93184e-07 1126836923.4 3.19500e-07 1126836854.4 2.93024e-07 1126836874.1 2.91135e-07 1126836844.3 3.08070e-06 1126836886.4 5.22701e-06 1126836837.8 8.64243e-08
1126851518 1126851638 1126851574.1 3.29469e-07 1126851609.5 4.20891e-07 1126851527.7 3.20050e-07 1126851553.8 3.38130e-07 1126851638.0 2.79691e-07 1126851535.3 4.11541e-07 1126851578.9 9.57351e-07 1126851564.9 3.08504e-06 1126851532.8 5.45962e-07
1126893167 1126893287 1126893191.5 1.39724e-06 1126893200.5 9.19456e-07 1126893205.1 4.44814e-06 1126893203.9 2.10378e-06 1126893199.7 1.19632e-06 1126893202.0 4.30821e-06 1126893192.4 2.50086e-06 1126893219.0 3.71559e-06 1126893192.2 5.12361e-06
1126908994 1126909114 1126909045.7 2.94856e-07 1126908996.4 7.13554e-07 1126909078.7 2.91718e-07 1126909072.9 4.04357e-07 1126909091.8 4.36617e-07 1126909073.3 3.92493e-07 1126909065.8 2.39400e-06 1126909071.0 7.47475e-06 1126909100.8 3.29696e-07
1126944099 1126944219 1126944116.6 6.39736e-07 1126944126.1 4.39810e-07 1126944122.2 8.27750e-07 1126944185.9 4.11238e-07 1126944124.7 4.81516e-07 1126944213.1 5.37514e-07 1126944122.4 2.47755e-06 1126944172.5 1.46773e-06 1126944147.5 2.13109e-06
1126970469 1126970589 1126970471.3 8.50002e-07 1126970493.4 1.36779e-06 1126970550.2 3.69927e-07 1126970521.4 5.12533e-07 1126970472.2 8.10623e-07 1126970549.1 4.03551e-07 1126970482.7 5.29474e-06 1126970515.5 9.82562e-06 1126970483.6 3.62926e-07
1126991508 1126991628 1126991518.1 4.09972e-07 1126991619.2 1.05088e-06 1126991528.2 4.20386e-07 1126991533.9 5.27497e-07 1126991628.0 6.59514e-07 1126991527.1 5.40863e-07 1126991582.6 1.99260e-06 1126991628.0 8.85897e-06 1126991628.0 3.78003e-07
1127059170 1127059290 1127059220.3 4.26082e-07 1127059176.2 3.35634e-07 1127059213.7 3.44844e-07 1127059219.3 6.13099e-07 1127059180.4 3.86897e-07 1127059212.7 3.67162e-07 1127059261.4 3.57104e-07 1127059218.3 4.80939e-07 1127059290.0 4.39999e-07
1127082082 1127082202 1127082102.5 3.70290e-07 1127082195.2 4.20252e-07 1127082103.8 3.62819e-07 1127082106.3 4.72307e-07 1127082188.9 4.03863e-07 1127082107.4 4.81306e-07 1127082195.6 8.41133e-07 1127082146.8 4.55043e-06 1127082105.0 3.86458e-07
1127111409 1127111529 1127111414.4 3.30678e-07 1127111494.7 3.77911e-07 1127111523.6 5.53089e-07 1127111523.1 3.84022e-07 1127111493.9 4.89227e-07 1127111522.5 7.31100e-07 1127111473.3 4.19042e-07 1127111453.3 9.49192e-07 1127111524.7 4.07730e-07
1127120610 1127120730 1127120615.9 3.25934e-07 1127120682.2 3.42141e-07 1127120631.8 5.10762e-07 1127120671.1 3.89143e-07 1127120637.3 4.36863e-07 1127120630.5 6.16101e-07 1127120704.3 3.13669e-07 1127120623.1 1.06423e-06 1127120644.8 5.20349e-07
1127120621 1127120741 1127120672.0 3.02293e-07 1127120737.6 4.23736e-07 1127120631.8 5.24058e-07 1127120671.1 3.88958e-07 1127120665.0 4.30897e-07 1127120630.5 6.14450e-07 1127120704.3 4.78152e-07 1127120741.0 1.25038e-06 1127120644.8 3.08025e-07
1127133299 1127133419 1127133320.3 3.63260e-07 1127133377.6 2.95363e-07 1127133387.3 3.35291e-07 1127133319.3 5.36054e-07 1127133329.8 3.94654e-07 1127133386.0 4.15421e-07 1127133401.6 5.33243e-07 1127133419.0 7.73544e-07 1127133415.5 5.22853e-07
1127159109 1127159229 1127159115.7 7.03867e-07 1127159128.9 2.41138e-06 1127159116.0 3.02981e-07 1127159168.5 4.52037e-07 1127159112.4 1.03741e-06 1127159121.1 3.98808e-07 1127159124.8 4.11371e-06 1127159147.7 1.75446e-05 1127159117.3 9.37017e-07
1127223980 1127224100 1127224025.7 2.77237e-07 1127224056.3 2.49144e-07 1127224042.7 4.14020e-07 1127224058.5 4.53591e-07 1127224034.4 4.22552e-07 1127224041.6 4.27858e-07 1127224022.1 2.97404e-07 1127224031.9 7.73357e-07 1127224100.0 5.38143e-07
1127256573 1127256693 1127256670.5 5.33108e-07 1127256575.1 6.89846e-07 1127256595.6 4.17019e-07 1127256669.4 5.60384e-07 1127256668.8 4.04668e-07 1127256599.6 4.81264e-07 1127256615.1 1.48761e-06 1127256585.7 4.50760e-06 1127256596.9 5.73813e-07
1127272463 1127272583 1127272508.8 2.00575e-06 1127272510.9 2.92144e-06 1127272512.3 1.17306e-06 1127272515.6 1.66254e-06 1127272509.4 3.54608e-06 1127272510.8 1.03701e-06 1127272510.3 4.67727e-06 1127272517.9 4.72802e-06 1127272514.7 1.34825e-06
1127311450 1127311570 1127311506.6 4.94040e-07 1127311522.3 5.99607e-07 1127311556.7 7.00524e-07 1127311518.1 5.10501e-07 1127311520.8 7.62019e-07 1127311517.8 8.70537e-07 1127311511.3 7.12246e-07 1127311460.9 1.38179e-06 1127311547.9 1.53133e-06
1127329655 1127329775 1127329696.9 3.64540e-07 1127329712.0 4.64108e-07 1127329747.3 5.65977e-07 1127329695.9 4.65616e-07 1127329685.8 4.45763e-07 1127329746.0 3.75674e-07 1127329737.0 2.73557e-06 1127329771.2 3.36134e-06 1127329748.9 8.80695e-07
1127480400 1127480520 1127480408.7 1.91000e-07 1127480425.2 2.84078e-07 1127480470.1 2.23438e-07 1127480507.6 2.59877e-07 1127480423.8 3.07524e-07 1127480469.0 3.92165e-07 1127480520.0 4.33803e-07 1127480463.4 8.85244e-07 1127480467.0 2.25411e-07
1127490604 1127490724 1127490647.1 1.27970e-06 1127490651.3 3.10170e-06 1127490677.6 4.91368e-07 1127490642.8 7.37457e-07 1127490649.5 3.12943e-06 1127490644.5 5.26930e-07 1127490648.8 3.12036e-06 1127490654.2 3.95866e-06 1127490642.2 4.45707e-07
1127499023 1127499143 1127499050.7 2.46257e-07 1127499074.5 9.96919e-07 1127499033.5 2.22307e-07 1127499036.9 3.31842e-07 1127499053.8 3.20036e-07 1127499032.6 3.49164e-07 1127499085.4 1.72346e-06 1127499092.7 1.11533e-05 1127499138.3 5.53641e-08
1127538356 1127538476 1127538358.4 2.61563e-07 1127538472.1 2.06829e-07 1127538409.5 3.68100e-07 1127538440.1 2.88505e-07 1127538368.7 2.82477e-07 1127538408.3 4.61827e-07 1127538438.5 1.08680e-06 1127538455.1 1.12435e-06 1127538473.4 1.49580e-07
1127563175 1127563295 1127563206.4 3.45112e-07 1127563268.1 3.99289e-07 1127563259.8 3.25344e-07 1127563205.3 3.81933e-07 1127563261.9 3.24254e-07 1127563250.4 3.92269e-07 1127563223.8 5.37470e-07 1127563244.3 1.22305e-06 1127563207.2 1.63756e-07
1127572288 1127572408 1127572295.6 2.45295e-07 1127572402.3 4.05094e-07 1127572390.7 3.35852e-07 1127572294.6 3.25620e-07 1127572364.7 3.59236e-07 1127572361.7 4.43919e-07 1127572408.0 3.86539e-07 1127572339.9 1.19593e-06 1127572404.8 2.06836e-07
1127604285 1127604405 1127604315.0 2.62341e-07 1127604400.1 3.16912e-07 1127604395.5 3.24855e-07 1127604313.9 3.21962e-07 1127604287.3 2.86275e-07 1127604394.2 4.09032e-07 1127604316.3 4.81182e-07 1127604335.1 1.71647e-06 1127604396.8 3.97269e-07
1127613764 1127613884 1127613873.2 2.11608e-07 1127613798.6 2.28247e-07 1127613818.9 2.97443e-07 1127613850.8 3.02674e-07 1127613850.8 3.72354e-07 1127613811.9 4.23175e-07 1127613821.6 5.23696e-07 1127613884.0 7.32319e-07 1127613820.1 2.14136e-07
1127634193 1127634313 1127634244.7 2.20364e-07 1127634273.3 2.54291e-07 1127634217.5 3.85769e-07 1127634287.5 2.88551e-07 1127634251.9 3.14840e-07 1127634221.6 4.36458e-07 1127634245.8 2.90175e-07 1127634234.6 5.55687e-07 1127634218.8 4.04292e-07
1127670358 1127670478 1127670402.7 1.16377e-06 1127670430.4 7.45961e-07 1127670403.8 1.52806e-06 1127670407.3 6.62930e-07 1127670380.5 6.97674e-07 1127670402.2 8.92607e-07 1127670404.2 3.45744e-06 1127670432.6 3.59970e-06 1127670392.1 2.87909e-06
1127672561 1127672681 1127672677.8 4.64112e-07 1127672630.8 5.21777e-07 1127672575.7 6.72952e-07 1127672676.6 6.52774e-07 1127672629.4 4.58160e-07 1127672574.4 7.01062e-07 1127672606.1 6.39956e-07 1127672637.6 3.16543e-06 1127672577.1 6.92017e-07
1127682816 1127682936 1127682932.3 5.23250e-07 1127682833.8 5.61490e-07 1127682878.3 5.64872e-07 1127682896.3 5.25229e-07 1127682819.2 7.00289e-07 1127682876.8 6.23262e-07 1127682881.6 1.86356e-06 1127682868.7 2.81169e-06 1127682879.8 2.62659e-07
1127686357 1127686477 1127686400.7 3.60461e-07 1127686379.0 3.70945e-07 1127686419.8 4.37852e-07 1127686419.1 4.48484e-07 1127686457.3 5.61381e-07 1127686437.1 4.79071e-07 1127686422.0 9.70713e-07 1127686401.6 1.93959e-06 1127686440.4 3.75651e-07
1127743106 1127743226 1127743185.6 3.29090e-07 1127743154.2 4.91843e-07 1127743122.7 5.34142e-07 1127743215.0 3.53548e-07 1127743152.6 5.66915e-07 1127743121.6 5.40406e-07 1127743155.9 6.81355e-07 1127743226.0 1.05280e-06 1127743124.2 2.68113e-07
1127745719 1127745839 1127745795.2 4.67932e-07 1127745834.0 4.37630e-07 1127745815.0 5.32082e-07 1127745766.5 5.70503e-07 1127745832.8 5.87700e-07 1127745813.6 6.23589e-07 1127745815.9 9.43982e-07 1127745813.2 1.57262e-06 1127745810.5 3.50331e-07
1127745992 1127746112 1127746070.4 4.32551e-07 1127745998.1 4.24231e-07 1127746062.9 5.08446e-07 1127746069.0 4.62042e-07 1127746075.7 3.96905e-07 1127746066.7 6.19508e-07 1127746065.9 6.82778e-07 1127746065.9 1.15273e-06 1127746064.2 6.66603e-07
1127746043 1127746163 1127746154.6 5.33063e-07 1127746064.8 4.57268e-07 1127746062.9 5.12716e-07 1127746153.4 6.26157e-07 1127746075.7 3.95934e-07 1127746066.7 6.18718e-07 1127746163.0 8.52521e-07 1127746134.7 1.02549e-06 1127746064.2 2.90470e-07
1127746484 1127746604 1127746496.9 3.49636e-07 1127746541.1 4.53492e-07 1127746516.9 5.88822e-07 1127746575.1 4.37435e-07 1127746540.1 4.52243e-07 1127746515.7 6.04408e-07 1127746604.0 3.86665e-07 1127746547.0 1.60881e-06 1127746518.2 4.95431e-07
1127746910 1127747030 1127746949.1 4.76651e-07 1127747011.2 3.79336e-07 1127747005.3 5.54412e-07 1127746980.2 5.63766e-07 1127746957.6 3.57412e-07 1127747004.1 6.18957e-07 1127746963.7 2.52074e-07 1127747026.6 9.78168e-07 1127746950.5 3.45870e-07
1127767610 1127767730 1127767681.0 4.43579e-07 1127767714.1 5.90403e-07 1127767643.5 6.10506e-07 1127767679.9 5.93508e-07 1127767713.0 4.57680e-07 1127767642.2 6.42988e-07 1127767730.0 6.06637e-07 1127767657.0 3.50378e-06 1127767671.5 5.64960e-07
1127769636 1127769756 1127769649.4 4.71806e-07 1127769667.3 6.15511e-07 1127769730.4 7.17135e-07 1127769684.4 5.98157e-07 1127769716.2 5.12363e-07 1127769729.2 7.59008e-07 1127769713.5 7.07080e-07 1127769695.0 3.96994e-06 1127769731.8 4.75966e-07
1127814110 1127814230 1127814170.6 7.08464e-07 1127814198.2 5.14047e-07 1127814189.5 8.66269e-07 1127814169.3 7.16430e-07 1127814182.7 4.54367e-07 1127814188.2 9.40161e-07 1127814171.9 9.78572e-07 1127814162.0 1.38869e-06 1127814113.1 1.47447e-06
1127836687 1127836807 1127836707.2 8.31448e-07 1127836727.6 7.87479e-07 1127836771.0 6.69531e-07 1127836706.3 9.31812e-07 1127836698.6 7.51259e-07 1127836747.6 6.82321e-07 1127836708.4 1.28284e-06 1127836736.4 3.15575e-06 1127836720.0 6.63410e-07
1127837010 1127837130 1127837105.8 9.01694e-07 1127837075.1 5.90301e-07 1127837095.0 8.86065e-07 1127837122.1 1.10577e-06 1127837032.6 6.95919e-07 1127837093.8 9.43089e-07 1127837107.7 9.15753e-07 1127837116.3 1.38825e-06 1127837074.6 1.35198e-06
1127837127 1127837247 1127837191.7 9.09012e-07 1127837132.1 6.04374e-07 1127837197.0 7.87212e-07 1127837190.6 9.87124e-07 1127837210.7 8.91366e-07 1127837201.2 8.79383e-07 1127837193.1 8.99217e-07 1127837197.7 2.96635e-06 1127837198.4 1.29960e-06
1127837570 1127837690 1127837670.7 8.82451e-07 1127837600.0 7.36769e-07 1127837579.0 8.36097e-07 1127837669.6 1.18955e-06 1127837598.8 8.58128e-07 1127837577.6 1.02673e-06 1127837690.0 9.75540e-07 1127837680.7 2.10152e-06 1127837574.9 9.52569e-07
1127851138 1127851258 1127851170.9 1.06812e-06 1127851167.4 8.36352e-07 1127851158.1 1.21318e-06 1127851169.7 1.28679e-06 1127851166.3 7.14630e-07 1127851168.2 1.26023e-06 1127851185.6 3.03780e-06 1127851189.4 4.07474e-06 1127851159.4 1.26041e-06
1128021765 1128021885 1128021875.4 5.60582e-07 1128021820.2 5.10996e-07 1128021779.5 6.18916e-07 1128021849.2 5.32536e-07 1128021812.5 5.53095e-07 1128021879.3 7.56546e-07 1128021881.6 1.96391e-06 1128021885.0 3.63627e-06 1128021780.7 8.03980e-07
1128100847 1128100967 1128100888.2 9.54883e-07 1128100864.8 6.75582e-07 1128100915.6 1.33361e-06 1128100924.0 5.79043e-07 1128100862.4 3.28296e-07 1128100929.9 6.92832e-07 1128100914.8 3.64846e-06 1128100869.0 2.16295e-06 1128100918.5 4.35085e-06
1128114904 1128115024 1128114942.1 3.72738e-07 1128114965.7 4.59695e-07 1128115007.9 3.94334e-07 1128114940.7 3.67011e-07 1128114948.9 4.43714e-07 1128115006.7 4.29725e-07 1128114971.2 8.41107e-07 1128114986.7 2.38246e-06 1128115009.3 2.46236e-07
1128176257 1128176377 1128176372.0 3.36487e-07 1128176300.2 3.46051e-07 1128176277.5 3.80041e-07 1128176314.0 4.43606e-07 1128176281.9 3.51235e-07 1128176276.2 3.88611e-07 1128176373.5 6.86313e-07 1128176317.8 1.45458e-06 1128176377.0 5.28195e-07
1128179061 1128179181 1128179178.7 3.92225e-07 1128179063.4 4.47453e-07 1128179084.3 3.42038e-07 1128179177.5 4.39847e-07 1128179157.7 3.61406e-07 1128179089.1 4.05229e-07 1128179114.7 1.22303e-06 1128179074.4 2.05344e-06 1128179093.5 2.34534e-07
1128182147 1128182267 1128182152.4 2.84947e-07 1128182156.8 3.80014e-07 1128182156.8 3.35284e-07 1128182215.2 3.98760e-07 1128182213.4 3.76520e-07 1128182155.5 4.04680e-07 1128182249.8 1.16206e-06 1128182163.1 7.10258e-07 1128182151.0 7.15277e-07
1128302821 1128302941 1128302907.5 2.54705e-07 1128302899.3 4.11323e-07 1128302838.6 5.19764e-07 1128302906.4 3.48058e-07 1128302920.1 5.00376e-07 1128302830.0 5.54135e-07 1128302909.9 8.16410e-07 1128302880.0 1.08702e-06 1128302840.1 4.71287e-07
1128303937 1128304057 1128303949.6 3.98421e-07 1128303968.1 3.64614e-07 1128304005.6 4.42509e-07 1128303987.2 3.53157e-07 1128304023.0 3.26233e-07 1128303963.3 4.15822e-07 1128303984.6 8.68058e-07 1128303993.7 1.37449e-06 1128304007.1 7.06243e-07
1128307691 1128307811 1128307737.7 3.62990e-07 1128307762.9 4.49132e-07 1128307701.4 4.09642e-07 1128307735.7 3.47661e-07 1128307698.1 3.76303e-07 1128307699.8 4.47914e-07 1128307739.1 6.46800e-07 1128307771.9 1.47036e-06 1128307696.6 7.15246e-07
1128352130 1128352250 1128352218.6 3.24377e-07 1128352152.2 6.45929e-07 1128352208.1 5.58676e-07 1128352248.0 3.62666e-07 1128352216.1 3.71338e-07 1128352206.8 5.48243e-07 1128352158.5 3.03134e-07 1128352172.8 3.85500e-06 1128352209.7 4.23580e-07
1128464645 1128464765 1128464694.1 1.24577e-06 1128464671.2 1.89178e-06 1128464687.3 8.30665e-07 1128464693.0 1.46191e-06 1128464651.0 1.08125e-06 1128464761.1 1.08475e-06 1128464720.9 2.37991e-06 1128464689.0 1.23143e-05 1128464765.0 8.93101e-07
1128527912 1128528032 1128527922.6 8.05579e-07 1128527985.8 2.70835e-06 1128527970.6 6.87330e-07 1128527921.1 9.66396e-07 1128528020.4 1.06955e-06 1128528002.3 8.07181e-07 1128527952.2 4.42851e-06 1128528011.4 3.32901e-05 1128528032.0 1.33063e-06
1128546136 1128546256 1128546140.9 1.04655e-06 1128546205.5 3.56356e-06 1128546147.6 9.11544e-07 1128546245.8 1.04734e-06 1128546192.4 1.17170e-06 1128546152.0 1.06572e-06 1128546142.7 1.75903e-06 1128546224.1 2.81340e-05 1128546149.2 1.04968e-06
1128708676 1128708796 1128708752.6 1.12062e-06 1128708745.9 1.05659e-06 1128708679.8 9.61761e-07 1128708775.8 1.08173e-06 1128708744.6 1.13294e-06 1128708678.8 8.77814e-07 1128708688.6 1.05897e-06 1128708784.2 4.46398e-06 1128708796.0 1.32212e-06
1128763840 1128763960 1128763921.9 8.86752e-07 1128763893.9 1.02474e-06 1128763892.1 1.45611e-06 1128763920.8 9.40137e-07 1128763892.3 1.12008e-06 1128763890.8 1.51962e-06 1128763903.7 1.45145e-06 1128763864.6 1.10976e-06 1128763893.6 7.62360e-07
1128782551 1128782671 1128782650.3 6.10192e-07 1128782586.7 4.27735e-07 1128782641.9 7.19931e-07 1128782667.7 6.90746e-07 1128782564.9 4.78324e-07 1128782640.7 7.20636e-07 1128782671.0 1.10979e-06 1128782598.1 7.75287e-07 1128782643.3 6.71409e-07
1128810084 1128810204 1128810135.2 4.66916e-07 1128810087.0 6.47637e-07 1128810137.8 5.83898e-07 1128810170.6 6.15581e-07 1128810195.4 7.69962e-07 1128810161.8 6.69385e-07 1128810130.5 1.68668e-06 1128810094.2 3.69172e-06 1128810139.3 7.76227e-07
1128811353 1128811473 1128811376.2 1.20361e-06 1128811386.9 1.08688e-06 1128811403.8 7.54259e-07 1128811356.1 8.98049e-07 1128811379.3 6.86504e-07 1128811462.0 8.89571e-07 1128811395.7 7.86227e-06 1128811411.1 9.18536e-06 1128811473.0 1.41111e-06
1128837736 1128837856 1128837830.2 9.81497e-07 1128837768.7 2.15075e-06 1128837811.0 1.65605e-06 1128837789.5 8.05954e-07 1128837766.8 1.04909e-06 1128837809.7 9.81731e-07 1128837782.9 2.70496e-06 1128837771.2 5.70777e-06 1128837758.7 1.97970e-06
1128873840 1128873960 1128873881.7 5.67662e-07 1128873911.4 5.87451e-07 1128873862.7 5.88994e-07 1128873880.3 6.40171e-07 1128873910.0 6.77113e-07 1128873909.0 6.60618e-07 1128873843.7 1.25615e-06 1128873890.7 9.54881e-07 1128873943.0 6.37474e-07
1128880737 1128880857 1128880844.1 5.56504e-07 1128880846.9 5.91932e-07 1128880813.7 6.40517e-07 1128880836.2 6.15776e-07 1128880819.6 5.49873e-07 1128880759.3 7.40048e-07 1128880799.1 6.84734e-07 1128880857.0 2.39707e-06 1128880815.1 1.00292e-06
1128881861 1128881981 1128881928.6 4.36304e-07 1128881932.2 4.66019e-07 1128881920.0 6.60038e-07 1128881878.4 5.26943e-07 1128881886.2 5.65423e-07 1128881924.0 6.60448e-07 1128881966.0 1.71734e-06 1128881946.6 2.97673e-06 1128881921.3 6.33379e-07
1128885174 1128885294 1128885213.5 4.71374e-07 1128885232.5 3.99277e-07 1128885279.6 5.29415e-07 1128885212.2 5.45104e-07 1128885225.1 4.72330e-07 1128885278.4 6.41803e-07 1128885261.0 1.05984e-06 1128885291.9 2.01087e-06 1128885177.5 1.19386e-06
1128887182 1128887302 1128887299.7 5.77144e-07 1128887278.0 5.83395e-07 1128887297.8 6.28987e-07 1128887285.8 8.51031e-07 1128887264.9 5.56381e-07 1128887251.7 5.52275e-07 1128887302.0 6.46499e-07 1128887295.1 2.20222e-06 1128887299.4 6.72512e-07
1128889399 1128889519 1128889446.1 5.14896e-07 1128889428.6 7.03675e-07 1128889419.2 5.61143e-07 1128889413.1 5.58114e-07 1128889472.7 5.64112e-07 1128889447.7 6.46470e-07 1128889458.6 1.85938e-06 1128889446.5 4.65722e-06 1128889420.6 3.88762e-07
1128889729 1128889849 1128889785.8 5.76448e-07 1128889748.5 1.50733e-06 1128889806.1 6.53085e-07 1128889832.4 4.47848e-07 1128889746.2 5.75454e-07 1128889804.7 6.81498e-07 1128889750.5 3.04615e-06 1128889755.8 1.18511e-05 1128889801.7 7.06907e-07
1128890708 1128890828 1128890826.0 3.70318e-07 1128890771.5 6.37203e-07 1128890781.2 4.49866e-07 1128890785.2 5.06980e-07 1128890795.0 5.87545e-07 1128890785.4 5.22674e-07 1128890742.7 1.06407e-06 1128890784.3 5.47811e-06 1128890711.4 8.23254e-07
1128922671 1128922791 1128922719.3 5.02952e-07 1128922776.3 4.44556e-07 1128922722.4 5.12587e-07 1128922722.7 7.65509e-07 1128922745.7 5.86892e-07 1128922721.4 6.26084e-07 1128922720.5 7.57980e-07 1128922777.6 1.76979e-06 1128922786.2 5.94959e-07
1128929783 1128929903 1128929788.0 4.78524e-07 1128929843.1 5.17747e-07 1128929805.9 6.05261e-07 1128929857.0 5.47247e-07 1128929867.9 6.47044e-07 1128929809.5 7.70259e-07 1128929848.0 1.50520e-07 1128929858.1 1.27534e-06 1128929903.0 1.62596e-06
1128956704 1128956824 1128956819.5 5.02287e-07 1128956777.9 4.87777e-07 1128956741.0 5.32240e-07 1128956733.2 6.05080e-07 1128956817.2 5.34214e-07 1128956763.0 6.06720e-07 1128956773.1 3.66619e-07 1128956782.8 1.78515e-06 1128956742.4 4.53657e-07
1129003790 1129003910 1129003810.4 5.29288e-07 1129003883.4 4.93330e-07 1129003907.9 4.81860e-07 1129003804.2 7.59610e-07 1129003882.1 5.09054e-07 1129003859.8 6.07708e-07 1129003854.8 4.69376e-07 1129003907.2 2.70451e-06 1129003910.0 1.12616e-06
1129011249 1129011369 1129011314.4 4.60440e-07 1129011265.2 3.67907e-07 1129011254.1 4.28271e-07 1129011342.2 7.96765e-07 1129011264.1 4.59089e-07 1129011252.9 4.93401e-07 1129011330.9 1.12195e-06 1129011317.9 1.39286e-06 1129011272.6 1.68252e-07
1129018180 1129018300 1129018268.9 4.83860e-07 1129018258.2 3.82641e-07 1129018229.2 3.32474e-07 1129018267.9 6.20463e-07 1129018247.3 4.59629e-07 1129018204.3 4.55836e-07 1129018249.2 3.58730e-07 1129018192.2 1.85468e-06 1129018300.0 4.07261e-07
1129034982 1129035102 1129035062.3 4.61673e-07 1129035062.4 4.37760e-07 1129035094.3 3.69815e-07 1129035061.2 5.18704e-07 1129035061.4 5.55255e-07 1129035093.2 4.67216e-07 1129035063.3 4.80922e-07 1129035048.1 8.76414e-07 1129035102.0 2.81596e-07
1129136303 1129136423 1129136397.6 2.73580e-07 1129136333.8 3.73680e-07 1129136371.0 2.51254e-07 1129136310.7 2.91213e-07 1129136349.8 3.45496e-07 1129136315.0 3.77658e-07 1129136351.7 7.57668e-07 1129136335.8 6.28695e-07 1129136423.0 2.86339e-07
1129152699 1129152819 1129152737.7 6.56917e-07 1129152817.0 7.07893e-07 1129152776.0 1.14282e-06 1129152797.1 3.20634e-07 1129152819.0 7.07893e-07 1129152819.0 1.05322e-06 1129152783.5 1.93612e-06 1129152721.5 3.04300e-06 1129152819.0 2.81212e-06
1129155065 1129155185 1129155070.0 4.49868e-07 1129155169.0 4.35672e-07 1129155094.1 3.82877e-07 1129155069.0 3.97240e-07 1129155099.2 3.63249e-07 1129155092.5 5.25950e-07 1129155075.8 1.59042e-06 1129155182.6 3.65342e-06 1129155153.3 4.71681e-07
1129222335 1129222455 1129222374.1 1.53045e-06 1129222354.3 3.69734e-07 1129222438.8 5.88417e-07 1129222422.3 7.16914e-07 1129222394.8 4.85181e-07 1129222437.5 6.44500e-07 1129222356.5 4.40444e-06 1129222441.9 1.54616e-06 1129222455.0 1.19561e-06
1129229337 1129229457 1129229378.2 7.29093e-07 1129229447.5 3.70368e-07 1129229382.7 3.78741e-07 1129229376.9 7.35025e-07 1129229379.0 4.26244e-07 1129229440.4 4.56735e-07 1129229457.0 1.12134e-06 1129229363.7 1.11491e-06 1129229437.2 5.33730e-07
1129260323 1129260443 1129260408.2 3.16377e-07 1129260401.1 4.12594e-07 1129260393.5 4.15664e-07 1129260376.4 4.45472e-07 1129260399.9 4.88102e-07 1129260392.0 5.14081e-07 1129260366.0 5.06982e-07 1129260364.6 1.08784e-06 1129260443.0 4.90962e-07
1129320431 1129320551 1129320502.0 3.25561e-07 1129320511.1 5.16894e-07 1129320466.1 3.15747e-07 1129320505.2 4.70207e-07 1129320510.3 3.75168e-07 1129320506.0 4.72709e-07 1129320534.3 1.19954e-06 1129320539.5 3.41895e-06 1129320539.2 4.50512e-07
1129323455 1129323575 1129323472.7 6.45509e-07 1129323561.0 1.36142e-06 1129323487.2 5.82822e-07 1129323485.7 5.45898e-07 1129323575.0 5.87973e-07 1129323485.9 6.90377e-07 1129323487.8 1.65757e-06 1129323575.0 1.01730e-05 1129323482.9 4.29958e-07
1129324177 1129324297 1129324268.2 6.28546e-07 1129324212.3 1.82996e-06 1129324213.7 5.81139e-07 1129324201.8 8.04932e-07 1129324297.0 1.29549e-06 1129324243.9 7.16470e-07 1129324280.5 5.27133e-06 1129324230.9 1.59191e-05 1129324215.1 6.11610e-07
1129383192 1129383312 1129383240.1 4.68350e-07 1129383244.8 4.11276e-07 1129383203.3 4.74845e-07 1129383239.1 6.05672e-07 1129383223.9 5.40326e-07 1129383207.9 5.44494e-07 1129383267.6 4.43094e-07 1129383253.7 1.58244e-06 1129383204.8 9.88650e-07
1129481471 1129481591 1129481583.8 3.48860e-07 1129481588.6 4.86663e-07 1129481570.3 3.54850e-07 1129481477.4 5.21209e-07 1129481508.3 4.73779e-07 1129481569.2 4.04086e-07 1129481525.7 1.06437e-06 1129481591.0 1.86556e-06 1129481580.3 2.62715e-07
1129493442 1129493562 1129493551.9 3.27369e-07 1129493557.6 4.75673e-07 1129493459.8 4.74063e-07 1129493550.3 3.74485e-07 1129493458.8 5.44915e-07 1129493458.3 4.77670e-07 1129493487.8 8.08322e-07 1129493500.5 1.82454e-06 1129493446.9 6.42469e-07
1129496793 1129496913 1129496876.0 3.70956e-07 1129496796.0 4.48184e-07 1129496851.6 3.70726e-07 1129496874.8 4.11330e-07 1129496910.4 4.04613e-07 1129496850.1 4.66795e-07 1129496835.9 9.25146e-07 1129496808.1 2.45249e-06 1129496853.6 2.74448e-07
1129574738 1129574858 1129574792.9 6.71211e-07 1129574746.2 5.02024e-07 1129574804.8 9.38504e-07 1129574765.3 7.54319e-07 1129574756.8 6.14255e-07 1129574816.2 9.91526e-07 1129574762.1 5.08375e-07 1129574854.4 2.30263e-06 1129574806.2 6.03591e-07
1129608537 1129608657 1129608560.1 6.77661e-07 1129608647.1 9.14837e-07 1129608570.2 8.61794e-07 1129608565.0 6.38542e-07 1129608645.5 8.82007e-07 1129608642.8 8.07151e-07 1129608547.5 7.89486e-07 1129608597.0 1.96696e-06 1129608571.8 1.04128e-06
1129615524 1129615644 1129615532.9 8.53840e-07 1129615583.1 9.02098e-07 1129615587.5 1.07793e-06 1129615531.5 8.90659e-07 1129615581.8 7.14335e-07 1129615586.2 9.86479e-07 1129615527.6 1.89157e-06 1129615623.8 1.71371e-06 1129615534.8 1.71660e-06
1129627590 1129627710 1129627667.3 5.45730e-07 1129627648.3 8.13894e-07 1129627617.7 1.02251e-06 1129627665.8 5.32637e-07 1129627647.0 6.88801e-07 1129627616.2 1.02678e-06 1129627680.9 7.36216e-07 1129627684.6 1.50134e-06 1129627619.4 9.70636e-07
1129668779 1129668899 1129668883.7 1.15251e-06 1129668870.1 1.95710e-06 1129668808.6 9.77697e-07 1129668882.4 8.20673e-07 1129668864.4 6.49877e-07 1129668807.2 1.03298e-06 1129668899.0 5.41342e-06 1129668874.9 1.36724e-05 1129668810.2 9.02988e-07
1129669227 1129669347 1129669337.5 5.11449e-07 1129669265.3 3.83869e-07 1129669343.0 8.56104e-07 1129669285.6 5.35152e-07 1129669337.5 3.97364e-07 1129669240.9 8.36263e-07 1129669295.3 9.48910e-07 1129669281.8 8.66466e-07 1129669344.4 1.30030e-06
1129672557 1129672677 1129672605.9 8.08349e-07 1129672648.3 6.66188e-07 1129672616.1 5.99245e-07 1129672604.4 8.55547e-07 1129672647.1 8.10997e-07 1129672582.2 6.44085e-07 1129672607.4 4.32388e-07 1129672624.1 9.94799e-07 1129672611.2 9.27599e-07
1129673955 1129674075 1129674049.7 5.68083e-07 1129673978.9 5.46793e-07 1129674007.3 6.58225e-07 1129674048.0 6.83415e-07 1129673966.7 6.09450e-07 1129674006.0 7.86758e-07 1129674064.8 1.01754e-06 1129674039.1 7.49739e-07 1129674003.1 4.93328e-07
1129676548 1129676668 1129676621.2 6.46423e-07 1129676581.7 6.66388e-07 1129676579.8 9.45555e-07 1129676642.9 7.01692e-07 1129676563.1 7.43485e-07 1129676578.3 8.49039e-07 1129676592.9 7.40008e-07 1129676590.9 1.39442e-06 1129676668.0 1.56085e-06
1129703935 1129704055 1129703948.6 4.95366e-07 1129703988.7 5.31642e-07 1129704032.5 6.84737e-07 1129703953.4 7.86868e-07 1129703969.6 5.08565e-07 1129704036.4 8.03514e-07 1129703950.9 6.06025e-07 1129704008.4 1.23002e-06 1129704045.8 7.38209e-07
1129777831 1129777951 1129777879.8 5.79130e-07 1129777881.3 5.53429e-07 1129777871.7 5.37456e-07 1129777850.5 7.39298e-07 1129777923.0 4.90928e-07 1129777876.4 5.90609e-07 1129777880.9 1.60040e-06 1129777890.4 3.87098e-06 1129777873.4 6.70289e-07
1129804424 1129804544 1129804466.9 7.15608e-07 1129804471.9 5.55169e-07 1129804428.6 6.43690e-07 1129804465.6 9.13457e-07 1129804496.2 7.70929e-07 1129804494.0 7.10146e-07 1129804468.2 6.23480e-07 1129804534.3 1.64264e-06 1129804430.1 4.09233e-07
1129874598 1129874718 1129874602.2 1.42658e-06 1129874708.6 1.26653e-06 1129874652.8 1.31139e-06 1129874639.9 1.47439e-06 1129874707.3 1.42952e-06 1129874651.3 1.13569e-06 1129874694.5 2.27453e-06 1129874636.4 6.18531e-06 1129874654.2 1.26118e-06
1129882306 1129882426 1129882356.8 1.26335e-06 1129882377.2 1.28598e-06 1129882381.0 1.34074e-06 1129882407.4 1.53666e-06 1129882322.3 1.51921e-06 1129882379.3 1.43366e-06 1129882370.6 2.16038e-06 1129882319.8 4.17836e-06 1129882309.1 2.20517e-06
1129956077 1129956197 1129956085.1 7.42048e-07 1129956192.6 9.34201e-07 1129956098.8 1.04049e-06 1129956083.4 9.77068e-07 1129956191.4 1.00655e-06 1129956166.7 9.28414e-07 1129956080.7 1.56511e-06 1129956194.4 1.37878e-06 1129956155.6 1.29724e-06
1129968068 1129968188 1129968157.1 8.89264e-07 1129968095.8 6.47514e-07 1129968174.3 8.28165e-07 1129968155.8 9.11088e-07 1129968094.8 6.86510e-07 1129968179.0 9.67943e-07 1129968087.9 2.33414e-07 1129968140.5 1.82000e-06 1129968176.0 1.30880e-06
1129974081 1129974201 1129974102.6 7.32760e-07 1129974087.7 7.49051e-07 1129974193.7 1.23593e-06 1129974187.7 9.26856e-07 1129974122.0 7.03602e-07 1129974192.2 1.07687e-06 1129974185.2 1.39185e-06 1129974172.1 1.00658e-06 1129974195.4 8.83447e-07
1129992713 1129992833 1129992767.5 2.90060e-06 1129992806.1 4.76466e-06 1129992821.4 6.80985e-07 1129992729.4 7.43639e-07 1129992833.0 1.14622e-06 1129992788.8 6.35279e-07 1129992782.6 1.80048e-05 1129992833.0 5.10420e-05 1129992786.0 7.66168e-07
1130017882 1130018002 1130017988.3 6.50979e-07 1130017894.3 9.19555e-07 1130017944.7 1.04709e-06 1130017921.5 6.08123e-07 1130017892.4 8.20335e-07 1130017956.6 9.63873e-07 1130017999.3 1.10312e-06 1130017961.2 2.46012e-06 1130017953.9 9.88739e-07
1130094565 1130094685 1130094572.9 8.20441e-07 1130094630.7 9.14394e-07 1130094629.0 1.11886e-06 1130094685.0 6.82551e-07 1130094628.9 8.47357e-07 1130094619.2 7.94591e-07 1130094685.0 1.01464e-06 1130094632.6 1.04838e-06 1130094630.6 1.69516e-06
1130099902 1130100022 1130099970.8 4.48412e-07 1130099986.4 7.51428e-07 1130100017.6 1.27556e-06 1130099945.9 6.31980e-07 1130099985.0 7.88193e-07 1130100016.3 1.17503e-06 1130099999.4 9.50212e-07 1130100022.0 2.47294e-06 1130100019.3 5.15070e-07
1130164444 1130164564 1130164482.4 5.81315e-07 1130164480.4 4.09252e-07 1130164458.6 5.27448e-07 1130164480.6 5.79158e-07 1130164479.3 4.83344e-07 1130164504.6 6.53480e-07 1130164451.4 1.04041e-06 1130164550.6 1.04855e-06 1130164564.0 5.83105e-07
1130170705 1130170825 1130170749.9 5.34231e-07 1130170731.2 6.14658e-07 1130170815.4 8.84025e-07 1130170819.9 6.62115e-07 1130170736.2 5.63862e-07 1130170774.0 8.49418e-07 1130170766.7 1.35693e-06 1130170817.7 1.57103e-06 1130170825.0 1.36463e-06
1130185323 1130185443 1130185440.8 6.26541e-07 1130185406.9 5.85896e-07 1130185377.7 6.66409e-07 1130185419.7 7.02827e-07 1130185348.2 4.75716e-07 1130185382.8 6.84592e-07 1130185443.0 1.21968e-06 1130185415.8 2.53232e-06 1130185379.2 4.04686e-07
1130186181 1130186301 1130186237.4 4.88901e-07 1130186223.4 8.61098e-07 1130186227.6 5.97522e-07 1130186201.0 6.51534e-07 1130186292.3 6.24487e-07 1130186231.7 6.78157e-07 1130186198.3 8.37064e-07 1130186230.1 7.69982e-06 1130186184.2 1.31197e-06
1130186792 1130186912 1130186841.9 6.29340e-07 1130186863.7 1.08140e-06 1130186798.7 4.55938e-07 1130186840.5 7.17746e-07 1130186868.2 5.36362e-07 1130186884.6 5.10938e-07 1130186861.3 1.22500e-06 1130186883.4 7.41027e-06 1130186835.9 2.79091e-07
1130193525 1130193645 1130193546.7 6.10972e-07 1130193603.6 1.68606e-06 1130193636.5 7.08632e-07 1130193545.3 5.99325e-07 1130193577.8 7.25161e-07 1130193635.2 8.05982e-07 1130193604.7 1.66969e-06 1130193614.1 2.03768e-05 1130193632.0 7.98174e-07
1130244095 1130244215 1130244204.5 7.61063e-07 1130244206.8 2.52119e-06 1130244146.9 7.08766e-07 1130244207.9 9.59763e-07 1130244098.0 1.29924e-06 1130244145.7 6.47536e-07 1130244176.2 4.43271e-06 1130244142.4 8.68848e-06 1130244208.7 9.02895e-07
1130330431 1130330551 1130330500.3 1.15412e-06 1130330433.6 9.33565e-07 1130330502.9 1.12555e-06 1130330498.9 1.26203e-06 1130330494.4 1.00066e-06 1130330501.4 1.32546e-06 1130330519.5 1.52167e-06 1130330440.4 5.70716e-06 1130330547.7 1.41987e-06
1130482352 1130482472 1130482434.8 1.57864e-06 1130482397.9 1.36454e-06 1130482427.6 2.29424e-06 1130482433.3 1.53375e-06 1130482396.6 1.05558e-06 1130482426.0 2.11597e-06 1130482357.3 1.82296e-06 1130482414.3 3.05445e-06 1130482429.1 2.87207e-06
1130559174 1130559294 1130559221.4 7.45809e-07 1130559242.9 6.25684e-07 1130559214.5 1.08016e-06 1130559220.2 8.48546e-07 1130559197.1 7.28152e-07 1130559219.1 1.12755e-06 1130559223.0 9.47643e-07 1130559244.3 3.04412e-06 1130559216.1 1.25555e-06
1130578388 1130578508 1130578501.8 5.46126e-07 1130578444.2 9.07373e-07 1130578398.5 6.41261e-07 1130578506.0 5.30645e-07 1130578443.1 8.95432e-07 1130578441.1 7.07182e-07 1130578503.4 1.23575e-06 1130578471.8 3.23069e-06 1130578400.0 5.95800e-07
1130603079 1130603199 1130603133.3 1.22107e-06 1130603129.3 5.04140e-06 1130603163.5 6.94283e-07 1130603129.5 8.23285e-07 1130603199.0 3.76345e-06 1130603161.9 7.96559e-07 1130603141.9 7.63999e-06 1130603135.0 4.08249e-05 1130603165.2 6.17701e-07
1130637815 1130637935 1130637820.5 4.34306e-07 1130637910.9 4.35362e-07 1130637914.2 5.02670e-07 1130637819.5 5.40202e-07 1130637844.4 5.11893e-07 1130637912.7 5.94609e-07 1130637905.0 4.10985e-07 1130637930.0 1.59787e-06 1130637817.9 9.66724e-07
1130637944 1130638064 1130637980.8 3.91768e-07 1130638009.3 4.49152e-07 1130637970.7 5.94003e-07 1130637979.9 3.82973e-07 1130638057.6 5.69183e-07 1130637974.6 7.30712e-07 1130637982.1 2.46058e-07 1130638020.9 1.16652e-06 1130637971.9 3.73619e-07
1130645638 1130645758 1130645681.1 1.04308e-06 1130645754.3 1.12851e-06 1130645743.1 1.00434e-06 1130645758.0 7.50347e-07 1130645655.5 8.16866e-07 1130645650.4 7.97661e-07 1130645645.5 4.88121e-06 1130645645.3 5.08743e-06 1130645692.7 2.88301e-06
1130654615 1130654735 1130654626.8 5.23557e-07 1130654627.3 5.49586e-07 1130654631.6 7.62259e-07 1130654625.6 6.62220e-07 1130654621.5 5.32203e-07 1130654635.8 8.86141e-07 1130654628.1 7.51303e-07 1130654650.1 2.52724e-06 1130654695.8 8.58188e-07
1130655153 1130655273 1130655164.4 3.80099e-07 1130655171.7 4.65011e-07 1130655206.4 5.82060e-07 1130655241.4 5.26641e-07 1130655175.4 5.92288e-07 1130655204.9 6.95068e-07 1130655165.8 5.24549e-07 1130655172.9 1.28445e-06 1130655213.2 6.39289e-07
1130688947 1130689067 1130689025.7 3.78300e-07 1130688968.9 4.95310e-07 1130688950.1 4.79147e-07 1130689024.3 5.31650e-07 1130689036.1 5.11823e-07 1130689026.2 5.81391e-07 1130689067.0 8.35947e-07 1130689001.4 1.21181e-06 1130688951.3 1.06762e-06
1130701369 1130701489 1130701413.7 4.42699e-07 1130701473.7 8.01358e-07 1130701476.7 5.94951e-07 1130701417.5 4.14877e-07 1130701454.9 5.10408e-07 1130701475.3 7.00671e-07 1130701437.5 2.28843e-06 1130701481.9 4.76600e-06 1130701489.0 1.05051e-06
1130704241 1130704361 1130704255.8 4.73561e-07 1130704356.4 1.70567e-06 1130704267.1 5.88618e-07 1130704254.0 4.67105e-07 1130704361.0 1.09002e-06 1130704265.5 7.23151e-07 1130704291.0 2.20754e-06 1130704274.3 3.94105e-06 1130704262.9 5.28267e-07
1130712995 1130713115 1130713048.7 4.31154e-07 1130713066.1 9.74731e-07 1130713108.2 4.33807e-07 1130713041.7 5.30197e-07 1130713115.0 6.57624e-07 1130713112.9 6.49409e-07 1130713018.9 1.94817e-06 1130713084.6 6.55863e-06 1130713109.9 9.50718e-07
1130743387 1130743507 1130743394.2 3.30491e-07 1130743453.7 2.84000e-07 1130743419.0 4.14534e-07 1130743398.0 4.66026e-07 1130743486.0 3.85896e-07 1130743429.8 4.76742e-07 1130743441.7 6.00364e-07 1130743483.1 5.68955e-07 1130743420.3 3.15091e-07
1130743531 1130743651 1130743548.1 4.11633e-07 1130743607.8 3.57013e-07 1130743536.8 4.62297e-07 1130743541.9 5.40423e-07 1130743648.5 4.44383e-07 1130743535.5 4.36016e-07 1130743574.5 5.93771e-07 1130743615.3 7.62217e-07 1130743651.0 2.15599e-07
1130753355 1130753475 1130753463.2 3.35592e-07 1130753360.2 2.68602e-07 1130753361.2 3.76205e-07 1130753430.4 3.75953e-07 1130753388.5 3.04226e-07 1130753410.5 4.53462e-07 1130753392.2 4.44235e-07 1130753440.4 1.14817e-06 1130753475.0 7.05569e-07
1130864200 1130864320 1130864316.1 3.92194e-07 1130864268.7 3.58116e-07 1130864309.3 5.13277e-07 1130864314.5 3.90112e-07 1130864205.8 4.73339e-07 1130864307.8 4.64066e-07 1130864230.1 4.61901e-07 1130864241.8 8.81592e-07 1130864310.8 5.64429e-07
1130916460 1130916580 1130916514.7 1.58905e-06 1130916507.6 2.82234e-06 1130916507.2 1.31144e-06 1130916510.6 1.36890e-06 1130916505.2 1.41284e-06 1130916505.7 1.00848e-06 1130916499.7 3.21216e-06 1130916510.6 5.93735e-06 1130916510.4 2.12533e-06
1130965773 1130965893 1130965882.5 1.09710e-06 1130965806.3 1.21844e-06 1130965780.3 1.19177e-06 1130965881.0 1.27313e-06 1130965840.7 8.34034e-07 1130965878.3 1.05491e-06 1130965884.4 1.51938e-06 1130965809.5 5.75946e-06 1130965890.9 1.27571e-06
1131015946 1131016066 1131016024.6 1.52714e-06 1131016025.7 1.47526e-06 1131016000.7 2.02279e-06 1131016034.5 1.38249e-06 1131016039.1 1.42928e-06 1131015999.2 1.86466e-06 1131016061.8 2.69393e-06 1131016006.2 3.33203e-06 1131015965.4 3.11861e-06
1131073866 1131073986 1131073931.3 1.02637e-06 1131073903.3 1.09899e-06 1131073963.4 1.16488e-06 1131073976.7 1.19436e-06 1131073970.4 1.26528e-06 1131073933.7 1.49366e-06 1131073915.5 6.82397e-07 1131073905.1 8.05527e-07 1131073986.0 1.63840e-06
1131087556 1131087676 1131087669.6 9.47891e-07 1131087605.6 1.28557e-06 1131087668.8 1.14533e-06 1131087668.0 1.07148e-06 1131087641.6 1.27939e-06 1131087660.8 1.29420e-06 1131087562.6 9.85341e-07 1131087571.2 1.66183e-06 1131087559.8 2.00567e-06
1131120940 1131121060 1131121025.5 4.10415e-06 1131120994.6 8.22801e-06 1131121033.6 3.46275e-06 1131120989.6 2.79893e-06 1131120991.6 4.93489e-06 1131121060.0 2.66919e-06 1131121028.5 1.46320e-05 1131120999.0 2.45996e-05 1131121060.0 1.14647e-05
1131179474 1131179594 1131179541.5 5.93245e-07 1131179522.7 7.25660e-07 1131179527.4 1.04516e-06 1131179483.1 7.44547e-07 1131179563.2 6.63239e-07 1131179526.0 1.22243e-06 1131179474.0 -9.07121e-10 1131179591.8 2.10205e-06 1131179569.7 1.22941e-06
1131209080 1131209200 1131209082.4 3.21672e-06 1131209165.9 2.99348e-06 1131209149.1 7.34701e-07 1131209082.0 9.19630e-07 1131209093.0 8.36098e-07 1131209128.8 7.57995e-07 1131209200.0 4.25622e-05 1131209176.6 3.08280e-05 1131209200.0 1.16325e-06
1131260154 1131260274 1131260175.3 1.24834e-06 1131260260.9 1.24431e-06 1131260248.6 1.75185e-06 1131260189.1 5.42498e-07 1131260243.3 6.63137e-07 1131260261.2 1.21223e-06 1131260197.1 4.10657e-06 1131260196.6 4.19633e-06 1131260219.8 5.41663e-06
1131272800 1131272920 1131272802.4 1.34371e-05 1131272855.2 9.20925e-07 1131272916.3 5.45605e-07 1131272920.0 5.25526e-06 1131272871.3 9.16045e-07 1131272832.0 5.40207e-07 1131272920.0 1.70546e-04 1131272857.2 4.16548e-06 1131272917.7 1.28738e-06
1131303120 1131303240 1131303184.5 8.68655e-07 1131303184.4 6.32106e-07 1131303149.3 8.58124e-07 1131303231.3 7.34148e-07 1131303183.4 7.53310e-07 1131303213.1 1.00764e-06 1131303141.1 2.74220e-06 1131303197.3 8.14964e-07 1131303150.8 7.91824e-07
1131303271 1131303391 1131303375.0 9.34499e-07 1131303356.7 7.46056e-07 1131303355.1 8.82043e-07 1131303332.0 8.31208e-07 1131303341.0 7.40825e-07 1131303338.8 1.10755e-06 1131303388.5 4.23171e-06 1131303358.2 1.17579e-06 1131303356.6 7.31701e-07
1131304691 1131304811 1131304774.7 6.34253e-07 1131304772.4 6.83694e-07 1131304771.1 8.65691e-07 1131304737.6 8.40031e-07 1131304776.2 7.82761e-07 1131304723.5 9.60033e-07 1131304776.0 1.57180e-06 1131304773.7 1.55656e-06 1131304772.4 8.98972e-07
1131314462 1131314582 1131314551.7 9.63976e-07 1131314500.2 5.72916e-07 1131314509.1 1.00742e-06 1131314505.6 7.32972e-07 1131314516.1 6.91907e-07 1131314507.8 1.13160e-06 1131314554.1 5.83209e-06 1131314541.1 1.17045e-06 1131314510.6 8.67492e-07
1131387035 1131387155 1131387101.3 1.09523e-06 1131387061.5 8.47075e-07 1131387110.5 1.12332e-06 1131387124.3 1.03519e-06 1131387091.8 9.82000e-07 1131387109.2 9.81234e-07 1131387121.9 6.72159e-06 1131387083.8 1.66793e-06 1131387155.0 1.55641e-06
1131429781 1131429901 1131429803.4 3.04845e-06 1131429833.9 2.05788e-06 1131429822.9 2.98474e-06 1131429801.9 1.29152e-06 1131429831.5 1.67087e-06 1131429894.9 2.10240e-06 1131429814.3 1.32061e-05 1131429845.9 7.91119e-06 1131429824.9 4.72748e-06
1131647645 1131647765 1131647728.0 1.19298e-06 1131647746.9 1.06999e-06 1131647690.5 1.07816e-06 1131647650.6 8.71809e-07 1131647745.9 9.42960e-07 1131647688.9 1.21136e-06 1131647748.0 6.93634e-06 1131647765.0 2.57306e-06 1131647751.6 1.60073e-06
1131665195 1131665315 1131665251.5 1.56951e-06 1131665254.1 8.66518e-07 1131665272.2 1.34402e-06 1131665256.5 1.28184e-06 1131665252.7 8.53168e-07 1131665276.6 1.32008e-06 1131665259.3 5.40230e-06 1131665268.9 2.75571e-06 1131665315.0 1.83287e-06
1131728692 1131728812 1131728707.2 1.19088e-06 1131728761.4 9.42793e-07 1131728755.2 8.88310e-07 1131728706.0 1.26314e-06 1131728760.5 9.87993e-07 1131728714.0 8.90040e-07 1131728809.4 1.87545e-06 1131728804.0 1.15174e-06 1131728812.0 1.33362e-06
1131731592 1131731712 1131731635.4 6.98036e-07 1131731614.9 8.11212e-07 1131731602.1 1.17023e-06 1131731594.8 8.11856e-07 1131731613.5 9.70357e-07 1131731648.2 1.24560e-06 1131731686.1 1.78746e-06 1131731637.6 9.57262e-07 1131731698.7 7.02827e-07
1131734366 1131734486 1131734450.5 8.20707e-07 1131734429.3 6.38097e-07 1131734465.3 1.15903e-06 1131734449.3 1.01183e-06 1131734388.4 9.51772e-07 1131734464.0 1.34728e-06 1131734451.8 1.92387e-06 1131734371.5 1.25729e-06 1131734486.0 1.63874e-06
1131780800 1131780920 1131780917.3 4.91594e-06 1131780862.0 3.39265e-06 1131780907.8 2.34424e-06 1131780920.0 4.76260e-06 1131780879.4 1.66099e-06 1131780906.4 2.44354e-06 1131780846.8 2.20350e-05 1131780875.2 1.00914e-05 1131780909.4 3.32650e-06
1131954724 1131954844 1131954838.2 2.10149e-06 1131954771.0 1.75884e-06 1131954741.6 1.07773e-06 1131954779.6 2.23761e-06 1131954770.3 2.78493e-06 1131954758.9 1.23761e-06 1131954806.7 3.78134e-06 1131954774.1 3.36586e-06 1131954831.1 2.36090e-06
1131963194 1131963314 1131963263.0 4.04273e-07 1131963308.3 5.55349e-07 1131963295.1 5.51733e-07 1131963311.9 7.91145e-07 1131963241.7 5.44351e-07 1131963293.8 8.65382e-07 1131963223.8 1.75030e-06 1131963218.2 4.65005e-07 1131963314.0 7.49792e-07
1131966588 1131966708 1131966679.9 5.72240e-07 1131966607.3 6.07793e-07 1131966616.9 7.86781e-07 1131966678.8 9.18894e-07 1131966605.9 6.54863e-07 1131966615.8 1.04175e-06 1131966611.1 1.09263e-06 1131966666.8 8.96033e-07 1131966673.0 6.31283e-07
1131990472 1131990592 1131990480.4 5.35104e-07 1131990584.9 5.63408e-07 1131990573.6 6.14885e-07 1131990552.6 6.76947e-07 1131990493.5 7.87402e-07 1131990572.5 7.50946e-07 1131990481.8 6.63670e-07 1131990544.0 1.17639e-06 1131990592.0 7.32479e-07
1132034976 1132035096 1132035023.9 1.33294e-06 1132035013.5 1.19507e-06 1132035014.2 1.23224e-06 1132035022.6 1.19889e-06 1132035060.6 6.12833e-07 1132035031.6 8.91553e-07 1132035006.6 2.10183e-06 1132035003.4 3.11070e-06 1132035015.8 2.23889e-06
1132044294 1132044414 1132044348.2 8.01947e-07 1132044377.9 7.41144e-07 1132044355.9 8.43761e-07 1132044347.0 1.07003e-06 1132044301.1 8.54505e-07 1132044354.7 9.12624e-07 1132044410.3 4.57556e-07 1132044354.8 8.28170e-07 1132044357.2 9.16202e-07
1132091156 1132091276 1132091183.0 5.04082e-07 1132091260.0 6.25196e-07 1132091174.8 6.51853e-07 1132091273.7 4.64979e-07 1132091235.9 5.57177e-07 1132091267.8 7.18927e-07 1132091219.8 2.57221e-06 1132091261.6 1.45805e-06 1132091270.4 7.40012e-07
1132103395 1132103515 1132103493.4 4.49293e-07 1132103419.1 5.34967e-07 1132103493.3 8.04680e-07 1132103492.3 6.59342e-07 1132103423.1 5.69663e-07 1132103491.9 9.70528e-07 1132103498.6 7.30590e-07 1132103420.4 7.05157e-07 1132103495.3 1.37056e-06
1132185193 1132185313 1132185239.6 5.43361e-07 1132185236.5 9.32982e-07 1132185242.8 1.04875e-06 1132185283.8 4.93767e-07 1132185252.5 5.68977e-07 1132185215.2 6.79524e-07 1132185301.9 7.86934e-07 1132185199.5 2.33116e-06 1132185245.2 2.46125e-06
1132204750 1132204870 1132204761.9 6.15110e-07 1132204830.7 4.99322e-07 1132204798.8 5.88420e-07 1132204753.2 6.16845e-07 1132204834.4 6.23159e-07 1132204823.7 6.51602e-07 1132204763.7 2.80317e-07 1132204761.7 9.94864e-07 1132204800.1 7.37695e-07
1132206475 1132206595 1132206553.7 7.97527e-07 1132206557.2 6.84976e-07 1132206483.2 5.74412e-07 1132206552.3 8.81227e-07 1132206555.8 6.73001e-07 1132206482.0 6.18080e-07 1132206517.7 7.25509e-07 1132206586.2 1.57708e-06 1132206484.6 1.06699e-06
1132287539 1132287659 1132287592.5 1.92651e-06 1132287590.5 1.59309e-06 1132287588.2 1.33195e-06 1132287620.3 1.03334e-06 1132287584.8 1.17088e-06 1132287581.1 8.60756e-07 1132287594.6 2.54376e-06 1132287592.7 2.80707e-06 1132287590.1 4.62926e-06
1132314819 1132314939 1132314862.4 4.98422e-07 1132314865.2 5.61406e-07 1132314911.6 4.84091e-07 1132314861.0 4.58674e-07 1132314863.9 6.43120e-07 1132314923.5 5.42514e-07 1132314936.6 3.64525e-07 1132314866.9 1.00788e-06 1132314939.0 5.91488e-07
1132339895 1132340015 1132339976.3 4.11649e-07 1132339972.2 5.08355e-07 1132339956.0 8.93236e-07 1132339925.7 4.60393e-07 1132339984.1 6.88360e-07 1132339954.7 8.57847e-07 1132339990.9 9.21683e-07 1132339981.5 1.40534e-06 1132339992.9 4.83570e-07
1132347582 1132347702 1132347643.3 5.85975e-06 1132347670.1 1.89489e-06 1132347627.5 3.69633e-06 1132347641.7 5.70064e-06 1132347662.4 2.30402e-06 1132347625.9 3.89842e-06 1132347606.3 1.06333e-05 1132347658.8 3.08995e-06 1132347629.5 3.91465e-06
1132354076 1132354196 1132354175.2 6.25611e-07 1132354150.8 6.79568e-07 1132354169.4 5.84661e-07 1132354146.2 7.48642e-07 1132354149.6 9.36539e-07 1132354173.8 6.00969e-07 1132354176.6 1.23548e-06 1132354127.3 4.11622e-07 1132354164.4 4.75559e-07
1132356992 1132357112 1132357108.0 4.45877e-07 1132357101.8 6.76658e-07 1132357094.3 7.45964e-07 1132357106.7 5.28202e-07 1132357100.5 7.93087e-07 1132357093.2 8.00656e-07 1132357082.8 1.31209e-06 1132357080.6 1.18011e-06 1132357005.9 3.92132e-07
1132370066 1132370186 1132370129.6 6.85508e-07 1132370084.6 7.18185e-07 1132370131.0 8.16851e-07 1132370128.3 9.45443e-07 1132370183.6 6.99761e-07 1132370129.5 9.11470e-07 1132370156.3 8.54148e-07 1132370161.2 9.86237e-07 1132370186.0 2.38267e-06
1132414038 1132414158 1132414057.2 7.66711e-07 1132414092.2 1.31031e-06 1132414090.6 1.46741e-06 1132414082.8 8.24977e-07 1132414083.6 1.17935e-06 1132414089.2 1.61744e-06 1132414059.0 1.20389e-06 1132414093.8 1.30235e-06 1132414092.2 7.62278e-07
1132552643 1132552763 1132552717.0 1.30547e-06 1132552673.3 2.32025e-06 1132552678.6 3.99414e-06 1132552728.5 2.18740e-06 1132552676.9 3.48174e-06 1132552676.8 7.32188e-06 1132552678.2 2.03052e-06 1132552674.1 4.26312e-06 1132552673.7 8.53775e-06
1132565476 1132565596 1132565555.0 7.67366e-07 1132565515.7 5.19596e-07 1132565544.8 8.97281e-07 1132565553.8 7.29142e-07 1132565513.9 6.58548e-07 1132565543.6 8.56691e-07 1132565556.6 3.05894e-06 1132565547.7 6.04225e-07 1132565546.1 9.61758e-07
1132591434 1132591554 1132591550.0 4.98476e-07 1132591530.1 5.16777e-07 1132591452.2 1.00775e-06 1132591548.8 4.46361e-07 1132591528.7 6.95023e-07 1132591456.6 1.07661e-06 1132591459.8 8.98578e-07 1132591507.7 1.17342e-06 1132591453.7 6.93923e-07
1132637844 1132637964 1132637920.8 4.00785e-07 1132637952.7 4.62764e-07 1132637859.0 7.68920e-07 1132637911.3 4.66658e-07 1132637955.9 5.19377e-07 1132637857.7 9.18939e-07 1132637959.8 5.47332e-07 1132637964.0 9.46781e-07 1132637953.0 1.11384e-06
1132688729 1132688849 1132688810.6 3.85098e-07 1132688732.8 5.18418e-07 1132688813.5 5.99266e-07 1132688835.7 4.41865e-07 1132688731.9 5.05614e-07 1132688784.0 5.63307e-07 1132688821.4 1.89104e-06 1132688816.6 1.74555e-06 1132688815.0 8.33402e-07
1132814041 1132814161 1132814090.4 7.45352e-07 1132814108.1 8.18775e-07 1132814088.3 9.48256e-07 1132814089.0 7.61285e-07 1132814148.4 6.48607e-07 1132814120.2 1.03667e-06 1132814076.2 1.38689e-06 1132814109.9 1.88141e-06 1132814161.0 1.08380e-06
1132912748 1132912868 1132912846.8 3.12946e-06 1132912866.0 2.28875e-06 1132912855.8 1.49052e-06 1132912844.0 2.17192e-06 1132912868.0 2.28875e-06 1132912760.9 1.12398e-06 1132912848.7 5.66965e-06 1132912799.5 4.21250e-06 1132912859.2 2.87582e-06
1133020010 1133020130 1133020050.3 9.63338e-07 1133020021.0 6.85170e-07 1133020084.6 9.60994e-07 1133020048.9 9.35931e-07 1133020128.0 7.55498e-07 1133020083.3 1.14193e-06 1133020110.9 1.51753e-06 1133020091.2 1.27117e-06 1133020026.6 3.18715e-07
1133020326 1133020446 1133020373.1 6.65070e-07 1133020358.0 1.07313e-06 1133020387.3 1.45378e-06 1133020440.2 8.06562e-07 1133020386.8 1.04135e-06 1133020385.9 1.55429e-06 1133020443.9 6.65279e-07 1133020384.3 1.65249e-06 1133020446.0 1.18906e-06
1133020816 1133020936 1133020927.6 6.56158e-07 1133020883.8 9.28696e-07 1133020883.9 9.10488e-07 1133020909.5 7.60778e-07 1133020850.5 9.20196e-07 1133020882.5 8.79409e-07 1133020929.0 1.27051e-06 1133020828.9 9.12742e-07 1133020885.4 4.46563e-07
1133021185 1133021305 1133021187.4 2.24221e-06 1133021190.4 1.33598e-06 1133021246.4 9.96714e-07 1133021241.4 8.82552e-07 1133021210.6 9.20190e-07 1133021279.9 9.94511e-07 1133021238.2 1.24325e-05 1133021197.1 5.12498e-06 1133021248.1 9.26997e-07
1133021459 1133021579 1133021516.3 1.53530e-06 1133021494.6 8.47876e-07 1133021556.7 8.44819e-07 1133021506.9 9.43277e-07 1133021469.0 7.59372e-07 1133021555.1 8.49910e-07 1133021531.4 1.02973e-05 1133021567.8 2.83956e-06 1133021475.9 4.93751e-07
1133021736 1133021856 1133021842.3 9.26436e-07 1133021780.7 8.14090e-07 1133021806.9 9.74084e-07 1133021841.1 1.19372e-06 1133021779.1 1.03389e-06 1133021849.1 1.07358e-06 1133021740.4 2.20097e-06 1133021776.5 1.81172e-06 1133021808.3 9.52550e-07
1133021936 1133022056 1133022003.3 7.86648e-07 1133021983.5 6.93985e-07 1133021983.2 1.17890e-06 1133022012.8 8.90502e-07 1133022005.2 7.88876e-07 1133021981.8 1.22779e-06 1133021945.8 1.59895e-06 1133021990.1 1.43834e-06 1133022000.5 1.69242e-06
1133021964 1133022084 1133022003.3 7.47042e-07 1133021983.5 7.19894e-07 1133021983.2 1.17405e-06 1133022012.8 8.92739e-07 1133022005.2 7.87316e-07 1133021981.8 1.22691e-06 1133021969.2 9.99029e-07 1133022032.6 1.54445e-06 1133022078.4 1.01572e-06
1133049323 1133049443 1133049380.8 6.10849e-07 1133049362.2 6.13199e-07 1133049325.5 8.82360e-07 1133049427.4 7.77165e-07 1133049390.5 6.37157e-07 1133049400.6 8.55970e-07 1133049392.2 1.21596e-06 1133049421.7 1.53575e-06 1133049326.8 2.66255e-06
1133049803 1133049923 1133049848.0 6.51022e-07 1133049919.4 8.02177e-07 1133049888.7 7.30722e-07 1133049896.4 9.77829e-07 1133049856.6 7.29274e-07 1133049887.4 9.20732e-07 1133049878.2 1.80387e-06 1133049806.8 1.44826e-06 1133049923.0 1.30220e-06
1133138682 1133138802 1133138749.4 8.56705e-07 1133138733.7 6.12361e-07 1133138741.4 8.17964e-07 1133138748.0 9.18971e-07 1133138736.9 7.66518e-07 1133138688.9 1.03545e-06 1133138776.9 2.46191e-06 1133138787.7 1.12064e-06 1133138686.2 1.55070e-06
1133138694 1133138814 1133138749.4 8.60494e-07 1133138733.7 6.20376e-07 1133138741.4 8.11643e-07 1133138748.0 9.18851e-07 1133138806.1 8.08032e-07 1133138740.0 9.55077e-07 1133138776.9 1.86172e-06 1133138787.7 1.43417e-06 1133138719.2 4.82452e-07
1133138927 1133139047 1133138990.1 9.42232e-07 1133138931.3 6.29358e-07 1133138975.5 6.73646e-07 1133138943.6 8.69889e-07 1133138993.9 8.66817e-07 1133138978.9 7.82842e-07 1133139013.1 2.16359e-06 1133138951.1 6.89635e-07 1133138933.9 6.17933e-07
1133172889 1133173009 1133172984.4 8.57068e-07 1133172902.0 6.89956e-07 1133172985.3 1.10087e-06 1133172983.1 1.12292e-06 1133172998.2 7.02907e-07 1133172989.3 1.17149e-06 1133172932.1 1.14785e-06 1133172995.7 2.32960e-06 1133172986.6 1.14276e-06
1133233323 1133233443 1133233336.0 1.83841e-06 1133233360.8 1.43642e-06 1133233337.5 2.59238e-06 1133233334.4 1.91058e-06 1133233364.9 1.74869e-06 1133233336.0 2.45030e-06 1133233337.5 2.60711e-06 1133233400.4 1.97791e-06 1133233438.1 3.28941e-06
1133245505 1133245625 1133245532.1 1.06560e-06 1133245603.8 1.62390e-06 1133245551.1 1.43788e-06 1133245530.4 1.12766e-06 1133245602.2 1.66423e-06 1133245623.0 1.80104e-06 1133245599.0 2.05560e-06 1133245523.9 2.54343e-06 1133245508.4 3.51109e-06
1133304300 1133304420 1133304372.1 2.26772e-06 1133304400.8 1.35106e-06 1133304323.7 5.25529e-06 1133304371.2 2.69272e-06 1133304405.0 1.79840e-06 1133304377.0 5.12231e-06 1133304405.7 3.01795e-06 1133304420.0 2.95528e-06 1133304332.4 1.14662e-05
1133380558 1133380678 1133380633.5 1.52104e-06 1133380631.3 1.32901e-06 1133380611.2 2.87338e-06 1133380631.6 1.74516e-06 1133380606.2 1.47415e-06 1133380609.6 2.96770e-06 1133380652.6 3.14387e-06 1133380565.0 1.17195e-06 1133380606.6 1.82824e-06
1133468366 1133468486 1133468471.4 3.40755e-06 1133468459.3 2.12515e-06 1133468465.5 1.81663e-06 1133468456.7 1.67869e-06 1133468400.8 1.46969e-06 1133468464.1 1.87344e-06 1133468428.9 2.47115e-05 1133468461.1 3.08056e-06 1133468467.1 1.63415e-06
1133578899 1133579019 1133578912.7 1.06406e-06 1133579008.8 1.36157e-06 1133578959.4 1.24738e-06 1133578917.1 1.34555e-06 1133579013.0 1.56694e-06 1133578950.8 1.06882e-06 1133578914.3 7.70653e-07 1133579010.3 2.46238e-06 1133578960.9 1.40254e-06
1133579060 1133579180 1133579177.8 1.02376e-06 1133579159.0 8.85899e-07 1133579136.4 1.21912e-06 1133579165.2 1.15875e-06 1133579109.2 1.01010e-06 1133579135.1 1.49102e-06 1133579180.0 4.33446e-06 1133579106.0 1.58150e-06 1133579164.3 1.89838e-06
1133579178 1133579298 1133579193.1 1.49956e-06 1133579197.6 1.19105e-06 1133579248.0 2.06252e-06 1133579278.8 1.18637e-06 1133579209.2 1.35179e-06 1133579252.3 2.11635e-06 1133579194.7 9.49557e-07 1133579291.8 1.02228e-06 1133579189.7 2.36319e-06
1133626749 1133626869 1133626860.8 3.73379e-06 1133626850.8 2.99299e-06 1133626861.3 1.25018e-06 1133626869.0 2.11250e-06 1133626849.7 1.07333e-06 1133626865.4 1.38969e-06 1133626869.0 2.94931e-05 1133626869.0 1.35575e-05 1133626869.0 1.72968e-06
1133665911 1133666031 1133665974.2 1.17070e-06 1133666015.6 1.07591e-06 1133665997.3 1.17304e-06 1133665977.8 1.43576e-06 1133666014.3 1.05711e-06 1133665995.9 1.33259e-06 1133666028.5 2.27359e-06 1133666031.0 1.25157e-06 1133665955.5 1.20152e-06
1133692818 1133692938 1133692924.2 4.57430e-06 1133692882.2 1.65666e-06 1133692919.9 3.99880e-06 1133692938.0 2.43917e-06 1133692920.6 2.09219e-06 1133692885.3 3.44659e-06 1133692882.1 1.96620e-05 1133692865.6 2.18241e-06 1133692899.2 6.12229e-06
1133739696 1133739816 1133739699.7 2.52436e-06 1133739779.4 1.00328e-06 1133739733.7 1.42487e-06 1133739711.5 1.66026e-06 1133739760.2 1.04566e-06 1133739732.1 1.17466e-06 1133739791.3 1.43926e-05 1133739727.5 2.43600e-06 1133739735.1 1.02732e-06
1133743949 1133744069 1133744008.3 1.55407e-06 1133744036.6 1.18308e-06 1133744035.2 1.44130e-06 1133744060.8 1.93895e-06 1133744003.9 1.20067e-06 1133744017.9 1.52916e-06 1133744024.1 1.31928e-05 1133743982.9 2.45042e-06 1133744052.9 1.00008e-06
1133747505 1133747625 1133747544.9 1.80532e-06 1133747527.7 1.13963e-06 1133747511.9 2.12462e-06 1133747529.8 1.72920e-06 1133747550.8 1.17784e-06 1133747538.2 2.09242e-06 1133747560.7 9.54347e-06 1133747529.3 1.89872e-06 1133747625.0 3.43606e-06
1133754882 1133755002 1133754890.7 1.20866e-06 1133754997.8 1.34137e-06 1133754936.7 2.06816e-06 1133754889.5 1.28844e-06 1133754996.5 1.45202e-06 1133754935.1 2.04664e-06 1133754925.7 2.73554e-06 1133754918.8 1.83972e-06 1133754938.3 2.03740e-06
1133771056 1133771176 1133771098.9 1.11645e-06 1133771101.8 1.10629e-06 1133771093.2 1.62735e-06 1133771097.9 1.26490e-06 1133771105.9 1.23032e-06 1133771098.0 1.65278e-06 1133771094.6 1.07677e-06 1133771146.4 1.56903e-06 1133771094.8 2.54034e-06
1133804070 1133804190 1133804079.3 2.23321e-06 1133804136.7 2.30873e-06 1133804152.6 2.49970e-06 1133804077.9 1.98952e-06 1133804159.8 2.03503e-06 1133804079.3 2.29079e-06 1133804094.9 5.79118e-06 1133804157.2 9.83854e-06 1133804190.0 1.97656e-06
1133978945 1133979065 1133979003.9 1.58157e-06 1133978949.8 1.25263e-06 1133978998.4 1.62439e-06 1133979002.7 1.71408e-06 1133978948.3 1.25162e-06 1133978997.2 1.73252e-06 1133978999.2 3.01079e-06 1133979005.9 9.58109e-07 1133978986.0 1.06569e-06
1133991102 1133991222 1133991120.2 1.17530e-06 1133991156.8 1.21290e-06 1133991138.5 1.57744e-06 1133991143.0 1.22778e-06 1133991143.6 1.36756e-06 1133991159.6 1.73932e-06 1133991207.6 2.17059e-06 1133991202.7 2.27286e-06 1133991216.4 9.72422e-07
1134010514 1134010634 1134010595.5 2.81372e-06 1134010537.3 1.38399e-06 1134010518.1 1.74057e-06 1134010599.2 1.53567e-06 1134010536.2 1.99568e-06 1134010521.5 1.95721e-06 1134010617.6 2.41523e-05 1134010556.4 2.80186e-06 1134010634.0 3.23347e-06
1134076475 1134076595 1134076572.3 1.68246e-06 1134076504.4 2.15426e-06 1134076483.7 2.86340e-06 1134076519.8 1.99704e-06 1134076503.1 2.41892e-06 1134076495.1 3.01186e-06 1134076580.9 1.21765e-05 1134076595.0 4.56170e-06 1134076485.1 4.74124e-06
1134156834 1134156954 1134156912.4 1.05490e-06 1134156911.1 8.79375e-07 1134156939.1 1.47569e-06 1134156892.0 1.07655e-06 1134156872.0 9.26688e-07 1134156937.8 1.57684e-06 1134156940.5 2.45477e-06 1134156912.4 1.53635e-06 1134156954.0 1.70143e-06
1134178216 1134178336 1134178269.6 8.80219e-07 1134178308.7 8.59749e-07 1134178302.0 1.11703e-06 1134178273.2 8.19876e-07 1134178312.5 1.06499e-06 1134178300.4 1.06798e-06 1134178270.8 9.30319e-07 1134178248.6 9.40037e-07 1134178326.2 1.13431e-06
1134195738 1134195858 1134195809.8 7.51219e-07 1134195767.8 5.28299e-07 1134195810.8 9.17752e-07 1134195774.7 7.91304e-07 1134195766.6 6.60371e-07 1134195815.1 8.81193e-07 1134195838.3 2.61433e-06 1134195744.8 1.76191e-06 1134195741.9 1.98989e-06
1134222486 1134222606 1134222507.4 5.73220e-07 1134222562.0 1.05642e-06 1134222549.2 1.07499e-06 1134222493.2 8.04182e-07 1134222560.6 9.49346e-07 1134222547.8 8.78076e-07 1134222539.4 1.45426e-06 1134222535.6 1.62897e-06 1134222606.0 3.32880e-07
1134227242 1134227362 1134227279.5 8.70625e-07 1134227332.7 7.51439e-07 1134227331.2 1.09426e-06 1134227284.5 7.44283e-07 1134227336.6 5.64842e-07 1134227329.8 9.92292e-07 1134227298.0 1.52957e-06 1134227334.3 1.92635e-06 1134227333.0 1.16953e-06
1134278396 1134278516 1134278460.8 8.93928e-07 1134278421.3 9.53838e-07 1134278418.6 1.37894e-06 1134278421.9 8.14617e-07 1134278426.5 7.46014e-07 1134278416.9 1.26954e-06 1134278462.3 4.17244e-06 1134278516.0 1.99124e-06 1134278430.3 1.86184e-06
1134291568 1134291688 1134291611.0 1.16538e-06 1134291578.2 1.09339e-06 1134291576.7 1.52782e-06 1134291625.2 6.56891e-07 1134291592.4 9.25124e-07 1134291609.6 1.26371e-06 1134291628.6 2.56386e-06 1134291688.0 1.85232e-06 1134291578.3 1.43340e-06
1134292190 1134292310 1134292299.8 1.12363e-06 1134292272.1 9.49256e-07 1134292255.7 1.34889e-06 1134292298.4 9.75273e-07 1134292271.0 8.35362e-07 1134292308.0 1.31604e-06 1134292310.0 1.26698e-06 1134292273.7 1.35135e-06 1134292257.6 2.14151e-06
1134302244 1134302364 1134302339.1 8.73364e-07 1134302323.3 1.17096e-06 1134302252.5 1.36498e-06 1134302343.7 1.05772e-06 1134302322.2 1.16465e-06 1134302250.7 1.14312e-06 1134302340.4 1.59124e-06 1134302364.0 2.94739e-06 1134302246.8 2.32336e-06
1134302856 1134302976 1134302955.0 7.17826e-07 1134302940.2 9.04500e-07 1134302901.9 1.08452e-06 1134302952.8 7.88172e-07 1134302939.1 9.21625e-07 1134302950.4 1.49144e-06 1134302909.6 2.55925e-06 1134302955.9 2.00770e-06 1134302947.3 1.98945e-06
1134303763 1134303883 1134303767.2 1.35657e-06 1134303801.8 1.04887e-06 1134303827.0 1.28527e-06 1134303766.0 1.14391e-06 1134303805.8 8.45767e-07 1134303775.7 1.13116e-06 1134303768.7 1.90711e-06 1134303839.9 1.28127e-06 1134303828.7 8.80772e-07
1134304297 1134304417 1134304310.1 8.44673e-07 1134304339.3 9.13069e-07 1134304369.3 1.32648e-06 1134304308.7 9.13857e-07 1134304338.0 7.81758e-07 1134304367.8 1.21722e-06 1134304305.2 2.45631e-06 1134304305.1 1.89176e-06 1134304417.0 9.03539e-07
1134348374 1134348494 1134348479.4 8.38886e-07 1134348388.6 9.00701e-07 1134348429.2 1.40268e-06 1134348477.6 7.50762e-07 1134348387.4 8.35661e-07 1134348443.9 1.03793e-06 1134348482.6 1.40538e-06 1134348432.2 1.36713e-06 1134348430.9 1.49553e-06
1134355860 1134355980 1134355927.2 8.14716e-07 1134355909.9 5.74280e-07 1134355921.4 8.93094e-07 1134355876.8 7.46926e-07 1134355943.5 5.47166e-07 1134355926.3 8.47101e-07 1134355972.7 9.69399e-07 1134355882.5 1.29903e-06 1134355923.1 1.71625e-06
1134416090 1134416210 1134416108.2 1.19449e-06 1134416112.6 6.25660e-07 1134416123.1 9.44118e-07 1134416106.8 1.17585e-06 1134416121.8 7.52857e-07 1134416121.7 1.20165e-06 1134416122.5 1.61714e-06 1134416207.4 1.32849e-06 1134416118.7 3.35850e-07
1134510151 1134510271 1134510197.0 1.02040e-06 1134510210.8 9.41131e-07 1134510178.0 1.09251e-06 1134510195.6 1.07409e-06 1134510209.5 1.07227e-06 1134510176.8 1.40210e-06 1134510198.4 3.91496e-06 1134510164.8 2.90445e-06 1134510250.5 1.48930e-06
1134528802 1134528922 1134528813.9 1.35877e-06 1134528849.7 1.42014e-06 1134528898.5 1.98478e-06 1134528812.5 9.23545e-07 1134528875.5 1.22051e-06 1134528922.0 1.42547e-06 1134528895.4 3.01932e-06 1134528860.3 4.84658e-06 1134528827.6 5.43082e-06
1134673697 1134673817 1134673731.0 1.71459e-06 1134673814.9 1.74416e-06 1134673748.0 1.98225e-06 1134673729.9 1.63480e-06 1134673813.5 1.99740e-06 1134673746.5 1.97437e-06 1134673732.5 4.07342e-06 1134673817.0 5.14190e-06 1134673749.6 2.39007e-06
1134675647 1134675767 1134675754.1 1.94848e-06 1134675685.6 2.13897e-06 1134675758.5 2.77492e-06 1134675689.9 1.90316e-06 1134675684.1 2.04965e-06 1134675675.9 2.34957e-06 1134675761.0 7.12193e-06 1134675694.9 4.41296e-06 1134675767.0 6.71107e-06
1134768130 1134768250 1134768203.6 2.25043e-06 1134768211.2 1.28378e-06 1134768226.5 1.99958e-06 1134768202.2 2.81446e-06 1134768209.8 1.57433e-06 1134768188.5 2.69648e-06 1134768183.6 3.56163e-06 1134768133.2 2.70574e-06 1134768185.8 2.01561e-06
1134835525 1134835645 1134835584.8 1.32905e-06 1134835536.2 1.13350e-06 1134835635.0 1.77002e-06 1134835609.7 1.68699e-06 1134835540.5 1.08039e-06 1134835583.6 1.42760e-06 1134835592.8 1.36410e-06 1134835544.6 1.45166e-06 1134835636.5 2.09583e-06
1134861333 1134861453 1134861423.1 1.01772e-06 1134861407.1 9.99260e-07 1134861417.3 1.61291e-06 1134861398.3 9.98150e-07 1134861398.6 9.66608e-07 1134861415.6 1.63003e-06 1134861401.8 1.21594e-06 1134861384.2 7.32098e-07 1134861418.9 1.40922e-06
1134866643 1134866763 1134866717.7 9.12538e-07 1134866725.7 1.01952e-06 1134866717.8 1.52894e-06 1134866722.5 9.25868e-07 1134866659.0 1.20460e-06 1134866716.0 1.42015e-06 1134866725.9 2.74192e-06 1134866712.8 1.34667e-06 1134866719.4 2.14232e-06
1134868611 1134868731 1134868660.0 1.33235e-06 1134868722.2 1.01099e-06 1134868653.8 1.04784e-06 1134868658.6 1.21400e-06 1134868720.3 1.03005e-06 1134868658.9 1.10548e-06 1134868623.7 1.23503e-06 1134868650.9 1.20385e-06 1134868655.3 1.55378e-06
1134878322 1134878442 1134878338.7 9.89721e-07 1134878411.9 1.14174e-06 1134878425.0 1.38983e-06 1134878337.5 1.21389e-06 1134878410.5 1.33954e-06 1134878423.7 1.56712e-06 1134878391.4 9.46744e-07 1134878421.1 8.71614e-07 1134878336.8 1.02689e-06
1134929592 1134929712 1134929665.0 3.07653e-06 1134929652.4 2.12729e-06 1134929657.6 2.83281e-06 1134929663.3 2.28227e-06 1134929658.0 2.04012e-06 1134929649.5 2.85519e-06 1134929604.8 7.31227e-06 1134929706.1 3.31986e-06 1134929645.6 4.15864e-06
1135024334 1135024454 1135024434.4 6.61367e-06 1135024413.5 4.42291e-06 1135024413.9 4.18030e-06 1135024429.9 6.09086e-06 1135024412.8 5.21466e-06 1135024412.7 5.03469e-06 1135024424.0 7.62245e-06 1135024430.9 5.86465e-06 1135024396.1 6.72635e-06
1135107687 1135107807 1135107787.0 1.64949e-06 1135107732.6 1.67629e-06 1135107757.8 2.27585e-06 1135107779.7 1.63882e-06 1135107695.4 1.29319e-06 1135107756.3 2.34828e-06 1135107737.2 3.49160e-06 1135107737.2 4.90216e-06 1135107723.7 3.43522e-06
1135151368 1135151488 1135151450.2 8.81367e-07 1135151387.9 7.67655e-07 1135151408.4 1.03881e-06 1135151448.9 1.14097e-06 1135151386.5 9.17347e-07 1135151485.5 1.15471e-06 1135151488.0 6.00246e-07 1135151389.3 3.98525e-07 1135151409.8 1.07653e-06
1135234090 1135234210 1135234095.5 8.09780e-07 1135234203.0 5.46141e-07 1135234134.0 6.76664e-07 1135234094.4 7.34513e-07 1135234201.8 5.20214e-07 1135234132.9 7.23688e-07 1135234188.1 8.96642e-07 1135234107.0 7.15362e-07 1135234210.0 1.19955e-06
1135364583 1135364703 1135364659.1 1.10333e-06 1135364694.4 9.87489e-07 1135364699.3 1.05893e-06 1135364657.8 8.92384e-07 1135364693.2 8.46624e-07 1135364697.6 1.21974e-06 1135364660.6 1.17302e-06 1135364642.9 8.70879e-07 1135364694.5 1.06452e-06
1135391689 1135391809 1135391785.9 1.21472e-06 1135391766.8 1.44382e-06 1135391734.7 1.71588e-06 1135391752.2 1.02396e-06 1135391756.7 8.42355e-07 1135391756.7 9.16363e-07 1135391789.1 4.66578e-06 1135391775.1 3.52284e-06 1135391767.4 5.48237e-06
1135417312 1135417432 1135417391.1 8.28409e-07 1135417429.5 1.12487e-06 1135417353.8 8.01857e-07 1135417389.6 9.93223e-07 1135417428.1 1.09812e-06 1135417352.3 7.69790e-07 1135417361.5 1.45249e-06 1135417432.0 1.06680e-06 1135417355.2 6.85965e-07
1135446191 1135446311 1135446203.3 6.87714e-07 1135446206.2 8.32335e-07 1135446296.2 1.39411e-06 1135446202.2 6.72102e-07 1135446295.8 8.85275e-07 1135446300.9 1.28296e-06 1135446211.8 3.38579e-07 1135446299.4 1.55932e-06 1135446297.7 2.17651e-06
1135496396 1135496516 1135496488.7 5.27779e-06 1135496508.5 2.79973e-06 1135496492.3 2.82882e-06 1135496512.8 1.22129e-05 1135496490.1 9.50353e-06 1135496497.8 6.56171e-06 1135496489.4 6.82245e-06 1135496462.4 1.58548e-06 1135496516.0 3.14523e-06
1135596151 1135596271 1135596202.6 9.78338e-07 1135596220.5 7.76006e-07 1135596199.6 1.12558e-06 1135596162.2 5.40489e-07 1135596271.0 7.37956e-07 1135596248.5 8.35053e-07 1135596211.1 3.39607e-06 1135596255.0 2.41076e-06 1135596206.8 2.54296e-06
1135651213 1135651333 1135651267.0 2.29462e-06 1135651219.2 8.80435e-07 1135651218.9 1.56128e-06 1135651259.5 9.00463e-07 1135651217.8 8.74203e-07 1135651233.4 1.40709e-06 1135651272.9 6.53314e-06 1135651255.7 2.40379e-06 1135651268.3 2.24389e-06
1135698399 1135698519 1135698443.9 1.01665e-06 1135698437.5 5.30195e-07 1135698444.7 1.04805e-06 1135698426.4 6.64490e-07 1135698436.4 7.08780e-07 1135698443.1 1.09328e-06 1135698493.2 2.54285e-06 1135698509.0 1.57141e-06 1135698432.4 1.90054e-06
1135702602 1135702722 1135702694.2 7.64535e-07 1135702704.4 5.98198e-07 1135702638.8 7.90171e-07 1135702698.7 7.43635e-07 1135702606.5 5.44268e-07 1135702637.5 6.56696e-07 1135702680.7 2.10145e-06 1135702674.2 2.04358e-06 1135702605.8 1.39764e-06
1135717283 1135717403 1135717360.7 1.08080e-06 1135717374.8 6.34056e-07 1135717339.7 9.11606e-07 1135717343.5 9.69943e-07 1135717379.1 7.02909e-07 1135717338.3 8.71471e-07 1135717378.7 2.46791e-06 1135717339.0 8.25094e-07 1135717334.6 5.86375e-07
1135770126 1135770246 1135770183.3 7.26302e-07 1135770208.5 4.87220e-07 1135770212.9 7.41875e-07 1135770215.9 5.28729e-07 1135770207.3 7.41096e-07 1135770132.5 8.08708e-07 1135770184.9 9.99200e-07 1135770173.1 1.81503e-06 1135770214.5 1.19270e-06
1135843679 1135843799 1135843689.7 6.74024e-07 1135843763.9 9.60154e-07 1135843745.3 9.20283e-07 1135843754.5 7.31364e-07 1135843762.9 6.78014e-07 1135843684.2 8.74676e-07 1135843691.4 1.90151e-06 1135843765.5 1.21228e-06 1135843746.9 1.09734e-06
1135844157 1135844277 1135844211.2 5.88394e-07 1135844256.5 6.11947e-07 1135844221.2 9.36351e-07 1135844210.2 5.28318e-07 1135844247.2 6.29269e-07 1135844219.7 1.00401e-06 1135844267.5 1.34823e-06 1135844273.5 1.49704e-06 1135844182.1 5.29587e-07
1135898633 1135898753 1135898638.4 8.19051e-07 1135898747.2 1.07572e-06 1135898660.5 2.14159e-06 1135898726.9 1.02506e-06 1135898664.8 1.11334e-06 1135898680.5 1.62737e-06 1135898682.4 1.19498e-06 1135898660.0 2.03049e-06 1135898670.6 4.19317e-06
1135924128 1135924248 1135924185.4 8.34424e-07 1135924188.1 6.97416e-07 1135924187.8 1.12386e-06 1135924183.6 9.08546e-07 1135924192.1 1.01072e-06 1135924207.4 1.29027e-06 1135924209.6 1.31567e-06 1135924189.5 1.48112e-06 1135924189.5 8.50374e-07
1135942960 1135943080 1135943010.6 9.45192e-07 1135942979.0 9.21457e-07 1135943011.9 9.52307e-07 1135943032.4 8.66913e-07 1135942971.2 8.05831e-07 1135943010.1 9.53311e-07 1135943035.4 1.33341e-06 1135942980.5 1.10997e-06 1135943013.8 8.45535e-07
1135975774 1135975894 1135975786.7 8.44270e-07 1135975864.3 6.82009e-07 1135975842.3 1.00109e-06 1135975785.2 6.24585e-07 1135975863.0 7.48322e-07 1135975840.5 9.05456e-07 1135975788.2 1.13672e-06 1135975834.0 1.31110e-06 1135975865.3 1.45744e-06
1135991754 1135991874 1135991830.9 8.29011e-07 1135991783.3 7.87174e-07 1135991765.8 1.07621e-06 1135991809.2 8.03426e-07 1135991855.3 8.80540e-07 1135991770.7 9.47848e-07 1135991765.9 1.60155e-06 1135991874.0 1.45484e-06 1135991767.5 1.17291e-06
1136001828 1136001948 1136001912.1 9.51781e-07 1136001937.0 7.45702e-07 1136001914.1 1.21650e-06 1136001895.2 8.57669e-07 1136001915.7 8.08112e-07 1136001904.6 1.23898e-06 1136001942.8 1.05106e-06 1136001948.0 1.69067e-06 1136001916.0 7.36419e-07
1136024520 1136024640 1136024631.4 1.02827e-06 1136024626.5 1.08034e-06 1136024605.9 1.70929e-06 1136024611.8 9.72186e-07 1136024615.7 1.07889e-06 1136024603.9 1.04172e-06 1136024552.5 2.37316e-06 1136024584.1 3.62769e-06 1136024561.7 4.27595e-06
1136038358 1136038478 1136038456.5 1.13195e-06 1136038383.7 1.15494e-06 1136038381.4 1.35358e-06 1136038403.4 8.01137e-07 1136038475.9 8.31764e-07 1136038441.1 1.16848e-06 1136038458.3 1.91509e-06 1136038385.4 1.43689e-06 1136038383.2 1.76716e-06
1136091221 1136091341 1136091301.2 9.16377e-07 1136091258.4 8.79149e-07 1136091304.7 1.91547e-06 1136091299.5 1.02910e-06 1136091248.4 8.01479e-07 1136091237.8 1.46544e-06 1136091239.6 8.76968e-07 1136091259.8 1.61479e-06 1136091306.5 1.10165e-06
1136104613 1136104733 1136104711.5 1.03154e-06 1136104663.1 1.01832e-06 1136104650.7 1.47747e-06 1136104709.8 1.03566e-06 1136104667.8 1.16010e-06 1136104683.9 1.15741e-06 1136104651.8 1.54111e-06 1136104733.0 1.64961e-06 1136104644.9 1.88334e-06
1136122870 1136122990 1136122888.6 2.93058e-06 1136122904.4 1.78604e-06 1136122972.8 2.14326e-06 1136122885.9 1.62886e-06 1136122902.6 1.27233e-06 1136122962.9 1.92340e-06 1136122891.1 4.97583e-06 1136122906.4 2.31028e-06 1136122975.0 3.21846e-06
1136160417 1136160537 1136160460.0 1.38626e-06 1136160477.2 1.37126e-06 1136160490.8 2.25185e-06 1136160458.6 1.25120e-06 1136160475.9 1.36710e-06 1136160489.4 2.30180e-06 1136160421.0 2.63304e-06 1136160478.7 1.27680e-06 1136160485.9 2.29340e-06
1136176666 1136176786 1136176746.3 3.98930e-06 1136176717.2 2.65184e-06 1136176769.4 1.92524e-06 1136176743.6 2.66400e-06 1136176775.6 2.25220e-06 1136176752.2 1.99238e-06 1136176718.3 6.03160e-06 1136176718.3 6.88363e-06 1136176772.3 2.63226e-06
1136181204 1136181324 1136181321.0 1.26618e-06 1136181270.6 1.37652e-06 1136181269.4 1.82825e-06 1136181213.6 1.07751e-06 1136181306.0 1.28823e-06 1136181273.9 1.70536e-06 1136181324.0 2.79681e-06 1136181272.8 2.21255e-06 1136181270.9 2.71553e-06
1136217569 1136217689 1136217586.4 1.22621e-06 1136217582.9 1.39815e-06 1136217667.5 1.60372e-06 1136217661.8 1.16355e-06 1136217581.4 1.10373e-06 1136217630.7 1.35036e-06 1136217658.7 2.17070e-06 1136217655.0 1.55578e-06 1136217669.3 2.28739e-06
1136303962 1136304082 1136303984.5 7.56427e-07 1136304077.3 9.06517e-07 1136303972.9 9.68607e-07 1136303982.3 8.03352e-07 1136304000.6 6.74582e-07 1136303971.3 1.04103e-06 1136304019.9 7.09429e-07 1136304078.7 1.85906e-06 1136303967.7 1.41840e-06
1136347094 1136347214 1136347118.0 7.71409e-07 1136347120.6 4.75407e-07 1136347149.1 9.58668e-07 1136347116.6 8.77240e-07 1136347166.4 4.92895e-07 1136347147.8 6.87405e-07 1136347136.8 1.29302e-06 1136347197.1 9.92238e-07 1136347150.7 1.60145e-06
1136376105 1136376225 1136376160.7 7.69569e-07 1136376163.0 5.92530e-07 1136376208.6 8.07554e-07 1136376165.1 8.21637e-07 1136376161.6 7.10140e-07 1136376143.2 8.56260e-07 1136376201.9 6.19856e-07 1136376152.0 1.06811e-06 1136376210.0 1.33746e-06
1136399127 1136399247 1136399191.5 7.69170e-07 1136399209.3 7.88886e-07 1136399187.8 1.02014e-06 1136399161.3 7.41302e-07 1136399208.2 7.54300e-07 1136399186.4 9.54457e-07 1136399159.0 7.73525e-07 1136399229.1 5.92120e-07 1136399175.6 1.19331e-06
1136408488 1136408608 1136408593.2 1.10675e-06 1136408546.2 7.79407e-07 1136408509.4 9.83986e-07 1136408591.8 1.11879e-06 1136408539.1 8.34137e-07 1136408515.0 1.07682e-06 1136408571.0 2.67930e-06 1136408500.1 1.45838e-06 1136408526.8 6.83891e-07
1136414265 1136414385 1136414329.6 9.39673e-07 1136414318.4 1.22449e-06 1136414364.7 1.34582e-06 1136414328.2 1.03615e-06 1136414316.9 1.43459e-06 1136414363.2 1.35492e-06 1136414356.2 1.14279e-06 1136414352.7 1.96733e-06 1136414366.3 2.14394e-06
1136419150 1136419270 1136419251.6 9.77239e-07 1136419183.4 7.04872e-07 1136419234.7 1.50972e-06 1136419249.9 9.29433e-07 1136419207.9 8.44592e-07 1136419233.4 1.41307e-06 1136419270.0 2.30722e-06 1136419195.9 1.23077e-06 1136419270.0 2.18047e-06
1136428377 1136428497 1136428464.8 1.02211e-06 1136428386.3 1.13110e-06 1136428474.1 1.46891e-06 1136428463.1 1.00663e-06 1136428385.1 1.10109e-06 1136428478.1 1.28127e-06 1136428497.0 5.44510e-07 1136428380.8 2.80537e-06 1136428475.5 1.45422e-06
1136435509 1136435629 1136435598.4 1.25508e-06 1136435527.9 9.42103e-07 1136435565.2 1.07113e-06 1136435581.8 1.00978e-06 1136435558.3 9.46743e-07 1136435577.3 1.08213e-06 1136435599.8 9.89330e-07 1136435538.0 1.35980e-06 1136435566.8 1.22298e-06
1136462429 1136462549 1136462453.6 1.23516e-06 1136462525.8 1.32850e-06 1136462483.7 1.52784e-06 1136462457.8 1.13596e-06 1136462523.9 1.17037e-06 1136462488.2 1.72885e-06 1136462455.1 1.78641e-06 1136462479.2 1.73617e-06 1136462485.3 9.84958e-07
1136466179 1136466299 1136466224.8 1.24680e-06 1136466228.5 1.28301e-06 1136466255.3 1.69873e-06 1136466223.7 1.18380e-06 1136466227.3 1.07249e-06 1136466246.9 1.38716e-06 1136466204.0 1.83072e-06 1136466251.7 3.26598e-06 1136466257.2 2.94763e-06
1136479701 1136479821 1136479715.2 1.01437e-06 1136479757.0 8.10997e-07 1136479710.1 1.52206e-06 1136479713.7 1.10119e-06 1136479736.4 9.78314e-07 1136479715.1 1.48620e-06 1136479734.9 1.43098e-06 1136479710.4 1.90978e-06 1136479711.7 2.48192e-06
1136527275 1136527395 1136527363.7 9.66508e-07 1136527334.4 1.07680e-06 1136527289.0 1.05958e-06 1136527362.3 1.02285e-06 1136527333.2 1.01905e-06 1136527294.1 1.06125e-06 1136527365.3 1.72399e-06 1136527310.0 1.14231e-06 1136527290.6 6.82289e-07
1136560477 1136560597 1136560577.1 1.09444e-06 1136560571.5 1.29640e-06 1136560570.0 2.33171e-06 1136560581.5 1.20897e-06 1136560502.9 1.23995e-06 1136560568.7 2.19218e-06 1136560578.7 1.77182e-06 1136560573.4 2.54633e-06 1136560571.7 1.53297e-06
1136566947 1136567067 1136566996.3 3.71199e-06 1136566992.7 3.38785e-06 1136567042.3 2.01667e-06 1136566994.6 2.84057e-06 1136567000.4 2.96242e-06 1136567040.3 1.96416e-06 1136567000.3 6.67743e-06 1136566994.6 6.50722e-06 1136567036.6 3.28014e-06
1136584843 1136584963 1136584873.8 1.09421e-06 1136584868.9 1.57700e-06 1136584866.9 1.61416e-06 1136584872.4 1.31225e-06 1136584898.8 1.50649e-06 1136584865.6 1.51090e-06 1136584868.5 6.74611e-07 1136584902.7 1.78423e-06 1136584862.1 1.99574e-06
1136596232 1136596352 1136596290.5 8.64098e-07 1136596268.4 1.20025e-06 1136596309.8 1.96486e-06 1136596289.3 1.21196e-06 1136596254.9 1.27398e-06 1136596254.2 2.02883e-06 1136596333.3 1.95470e-06 1136596270.1 1.84415e-06 1136596286.9 1.91874e-06
1136649557 1136649677 1136649620.8 9.80415e-07 1136649631.1 8.18587e-07 1136649623.1 1.20422e-06 1136649619.0 1.08991e-06 1136649615.0 9.46327e-07 1136649643.7 1.10539e-06 1136649639.3 1.50719e-06 1136649663.1 1.01362e-06 1136649624.6 1.62478e-06
