852697417.2 8.1 852697995.2 852698290.4 852700540.2 852699201.8 852698666.4 1.96817e-04 852697900.0 852700600.0 46.2 154.5 6245816.0 22.5 852699263.1 3.64992e-04 852699260.8 1.57288e-04 852699071.5 1.59980e-03
820398767.5 6.5 820399032.0 820399249.5 820399840.4 820399380.6 820399196.7 3.72572e-05 820399000.0 820399900.0 28.2 -112.1 2145910.0 14.1 820399542.7 3.24031e-04 820399550.0 3.05905e-04 820399643.1 7.60340e-04
829610898.1 6.1 829611378.3 829611719.1 829613294.0 829612267.2 829611856.5 7.38527e-06 829611300.0 829613300.0 60.9 167.2 4791822.0 10.0 829612273.0 3.14176e-04 829612359.0 1.70010e-04 829612278.3 9.00030e-04
871256472.5 8.0 871257147.0 871257701.6 871260429.9 871258733.8 871258055.4 1.27789e-04 871257100.0 871260500.0 -13.4 -76.6 7914835.0 41.2 871259172.5 2.85017e-04 871259169.4 1.52316e-04 -1.0 -1.00000e+00
873630640.9 8.5 873631573.2 873631989.4 873637592.4 873634613.1 873633421.5 1.67375e-04 873631500.0 873637600.0 -4.5 101.4 13902960.0 35.5 873635693.2 2.67474e-04 -1.0 -1.00000e+00 -1.0 -1.00000e+00
830705214.0 7.9 830705952.2 830706480.9 830709814.7 830707842.9 830707054.2 9.07963e-05 830705900.0 830709900.0 -20.2 -174.1 9201432.0 53.5 830707595.3 2.57513e-04 -1.0 -1.00000e+00 -1.0 -1.00000e+00
847624468.5 8.3 847625051.5 847625346.7 847627618.2 847626268.3 847625728.4 2.75831e-04 847625000.0 847627700.0 46.7 153.2 6299264.0 12.2 847627162.7 1.58057e-04 847627159.5 5.80932e-05 847626173.0 9.11151e-04
847626069.0 6.7 847626647.5 847626945.3 847629178.8 847627846.0 847627312.9 1.69819e-05 847626600.0 847629200.0 46.5 154.6 6219527.0 7.9 847627162.7 1.58057e-04 847627159.5 5.80932e-05 847627166.6 3.99028e-04
847625378.0 6.2 847625956.7 847626252.7 847628499.9 847627162.0 847626626.8 6.39821e-06 847625900.0 847628500.0 46.4 154.4 6243746.0 16.6 847627162.7 1.58057e-04 847627159.5 5.80932e-05 847626173.0 9.38230e-04
873676158.4 7.9 873677085.4 873677504.6 873683044.1 873680093.1 873678912.7 5.94231e-05 873677000.0 873683100.0 -2.6 100.7 13771510.0 36.0 873681104.7 1.56954e-04 -1.0 -1.00000e+00 -1.0 -1.00000e+00
859495210.5 8.1 859495997.7 859496503.7 859500302.9 859498120.4 859497247.5 1.17984e-04 859495900.0 859500400.0 -8.4 157.0 10184730.0 9.5 859498482.3 1.51601e-04 859498477.8 4.96231e-05 859498468.2 4.51920e-04
859497108.9 6.9 859497895.4 859498400.7 859502202.9 859500019.8 859499146.5 1.38669e-05 859497800.0 859502300.0 -7.3 155.8 10187970.0 14.5 859498483.3 1.49071e-04 -1.0 -1.00000e+00 -1.0 -1.00000e+00
875021951.6 7.5 875022649.4 875023168.8 875026362.7 875024472.3 875023716.1 3.90727e-05 875022600.0 875026400.0 22.0 142.7 8822195.0 253.5 875023237.1 6.76139e-05 875023279.5 5.71892e-05 875023239.7 1.19091e-04
873424168.3 6.8 873424748.1 873425041.4 873427312.9 873425965.3 873425426.2 1.93089e-05 873424700.0 873427400.0 3.0 -77.9 6289211.0 29.0 873426362.8 5.24587e-05 873426373.1 2.27022e-05 -1.0 -1.00000e+00
824681963.3 7.0 824683141.8 824683355.1 824690113.8 824686620.8 824685223.5 9.64119e-06 824683100.0 824690200.0 -21.3 33.5 16301050.0 16.4 824683161.5 4.87791e-05 -1.0 -1.00000e+00 -1.0 -1.00000e+00
860478157.3 6.0 860478552.7 860478872.5 860480016.4 860479219.7 860478901.0 7.21080e-06 860478500.0 860480100.0 17.2 -100.2 3718205.0 35.4 860479429.4 4.06002e-05 -1.0 -1.00000e+00 -1.0 -1.00000e+00
820217462.7 7.1 820218433.6 820218824.7 820224847.3 820221682.5 820220416.6 1.32053e-05 820218400.0 820224900.0 -61.0 -21.6 14769140.0 10.0 820222189.5 3.23153e-05 820222184.7 1.09232e-05 -1.0 -1.00000e+00
822416348.4 7.5 822417169.0 822417586.8 822422416.3 822419815.8 822418775.6 2.41737e-05 822417100.0 822422500.0 -5.4 128.2 12135740.0 403.6 822417465.2 3.00747e-05 822417463.3 2.07153e-05 -1.0 -1.00000e+00
845376551.8 6.7 845377227.4 845377782.9 845380511.6 845378814.6 845378135.7 1.21905e-05 845377200.0 845380600.0 -13.5 -76.7 7919663.0 34.3 845379050.0 2.97639e-05 845379045.2 1.02690e-05 845379054.4 8.65916e-05
817820406.7 6.7 817821372.0 817821763.4 817827733.9 817824593.7 817823337.6 6.12693e-06 817821300.0 817827800.0 -6.2 29.7 14654330.0 15.8 817825234.6 2.77728e-05 -1.0 -1.00000e+00 -1.0 -1.00000e+00
872709277.9 6.1 872709583.1 872709835.0 872710558.2 872710009.5 872709790.0 1.50157e-05 872709500.0 872710600.0 25.0 -109.7 2560560.0 9.8 872710329.8 2.64702e-05 872710327.5 1.75714e-05 872710193.2 4.95588e-05
844967279.6 6.7 844967735.2 844968089.8 844969503.5 844968550.4 844968169.2 2.47753e-05 844967700.0 844969600.0 19.9 -156.1 4447662.0 5.0 844968442.0 2.52627e-05 844968612.9 1.27158e-05 844968448.1 9.54308e-05
870060121.4 6.7 870060561.4 870060913.6 870062282.6 870061356.4 870060985.9 2.29574e-05 870060500.0 870062300.0 51.4 -180.0 4322552.0 53.8 870061600.8 2.50586e-05 870061613.4 8.94368e-06 870061297.6 9.11388e-05
830365100.9 6.4 830365579.9 830365920.6 830367492.4 830366467.4 830366057.5 1.29098e-05 830365500.0 830367500.0 60.6 167.5 4782989.0 13.4 830366634.4 2.49805e-05 830366834.0 1.30891e-05 830366639.4 7.62723e-05
858818417.1 7.1 858819204.6 858819704.5 858823562.6 858821357.3 858820475.3 1.92404e-05 858819200.0 858823600.0 -20.6 169.3 10291010.0 36.2 858822978.6 2.39020e-05 858819225.7 8.48006e-06 858822983.3 6.86066e-05
858820113.7 6.9 858820902.0 858821401.8 858825266.4 858823058.1 858822174.8 1.32127e-05 858820900.0 858825300.0 -20.7 169.4 10305440.0 34.6 858822979.6 2.35979e-05 858823653.3 8.72473e-06 -1.0 -1.00000e+00
831811177.8 7.4 831811961.8 831812442.7 831816450.9 831814191.0 831813287.0 2.88787e-05 831811900.0 831816500.0 -31.8 -179.2 10546210.0 156.0 831812771.2 2.26904e-05 831812715.1 2.35155e-05 -1.0 -1.00000e+00
872730333.0 7.2 872731099.4 872731612.4 872735228.3 872733130.3 872732291.1 2.44411e-05 872731000.0 872735300.0 -11.6 165.8 9790546.0 37.5 872733145.6 2.25207e-05 -1.0 -1.00000e+00 -1.0 -1.00000e+00
873689742.6 7.1 873690672.9 873691093.4 873696640.7 873693684.3 873692501.8 1.40931e-05 873690600.0 873696700.0 -2.2 99.6 13796190.0 20.0 873694679.7 2.22674e-05 873694674.2 8.46488e-06 873694665.2 8.33090e-05
843459745.6 6.9 843460463.7 843461009.0 843464120.9 843462245.7 843461495.7 1.57676e-05 843460400.0 843464200.0 -16.6 -172.0 8750484.0 40.0 843462358.1 2.18796e-05 -1.0 -1.00000e+00 -1.0 -1.00000e+00
853414079.0 7.5 853414926.3 853415393.5 853419943.7 853417430.3 853416424.9 3.50303e-05 853414900.0 853420000.0 1.1 126.4 11729450.0 23.5 853417240.7 2.18036e-05 -1.0 -1.00000e+00 -1.0 -1.00000e+00
816039543.5 6.8 816040194.9 816040727.8 816043259.4 816041666.9 816041029.9 1.64920e-05 816040100.0 816043300.0 38.0 144.9 7431609.0 14.2 816040205.9 2.17910e-05 816040204.5 1.62231e-05 816042142.1 4.75539e-05
820275234.9 7.1 820275928.3 820276395.0 820279946.9 820277927.5 820277119.7 9.91336e-06 820275900.0 820280000.0 -20.0 -178.1 9424012.0 584.1 820275933.3 2.17612e-05 820275932.3 3.35647e-05 820276578.4 2.10087e-05
865798200.1 6.7 865798655.5 865798998.5 865800472.9 865799498.8 865799109.2 2.11502e-05 865798600.0 865800500.0 13.7 -90.6 4545442.0 66.0 865799957.7 2.15951e-05 -1.0 -1.00000e+00 -1.0 -1.00000e+00
851171671.3 6.9 851172460.4 851172960.6 851176825.9 851174616.8 851173733.1 1.33092e-05 851172400.0 851176900.0 22.0 120.5 10309190.0 30.2 851175036.9 2.07052e-05 -1.0 -1.00000e+00 -1.0 -1.00000e+00
834293938.7 6.4 834294394.4 834294743.8 834296187.6 834295223.8 834294838.2 1.31799e-05 834294300.0 834296200.0 51.8 177.1 4497809.0 29.0 834295220.5 2.02314e-05 834295400.6 7.96381e-06 834295226.9 6.77101e-05
827846475.4 6.5 827847261.7 827847764.8 827851585.9 827849395.7 827848519.6 6.25654e-06 827847200.0 827851600.0 -29.7 -176.8 10220840.0 24.8 827849522.8 2.01811e-05 827849537.0 7.28901e-06 827849546.2 5.98159e-05
845083527.4 6.7 845084321.2 845084817.7 845088745.4 845086509.1 845085614.6 8.85482e-06 845084300.0 845088800.0 -5.9 151.0 10435950.0 34.2 845086895.2 2.00232e-05 845086925.9 8.10512e-06 -1.0 -1.00000e+00
841141147.3 6.8 841141928.0 841142429.9 841146228.5 841144050.8 841143179.8 1.07823e-05 841141900.0 841146300.0 -6.8 155.5 10162490.0 48.7 841143971.6 1.82730e-05 841143986.7 5.40921e-06 841143955.6 6.33336e-05
870627912.0 7.5 870628804.9 870629199.5 870634739.9 870631813.6 870630643.2 2.33600e-05 870628800.0 870634800.0 -6.1 107.6 13655750.0 293.8 870629126.2 1.76248e-05 870629124.7 1.12596e-05 870629884.4 3.29341e-05
818478981.2 6.7 818479714.2 818480250.4 818483501.0 818481563.9 818480789.1 1.04997e-05 818479700.0 818483600.0 -15.3 -178.6 9039531.0 33.0 818481438.2 1.72800e-05 818481473.8 5.39663e-06 -1.0 -1.00000e+00
874845400.7 6.8 874846184.3 874846687.6 874850491.6 874848309.8 874847437.1 1.11217e-05 874846100.0 874850500.0 -5.0 153.4 10181830.0 31.8 874848208.2 1.62727e-05 874848180.8 4.92322e-06 874848214.0 5.60088e-05
867034345.0 6.7 867035136.7 867035637.9 867039508.9 867037295.8 867036410.6 9.29167e-06 867035100.0 867039600.0 -8.0 154.6 10327920.0 17.9 867037747.3 1.54337e-05 867037743.0 5.64505e-06 867037751.7 4.26359e-05
871244547.0 6.5 871244981.4 871245331.7 871246644.6 871245745.7 871245386.1 1.77233e-05 871244900.0 871246700.0 50.3 -177.6 4195275.0 18.9 871246103.5 1.52470e-05 871246131.3 8.21398e-06 871246074.3 3.71139e-05
829629179.2 6.3 829629664.0 829630001.0 829631615.1 829630571.2 829630153.6 1.03291e-05 829629600.0 829631700.0 60.6 165.8 4871755.0 17.4 829630935.8 1.43360e-05 829630933.0 7.87514e-06 829630938.7 2.67981e-05
816290827.8 6.8 816291555.3 816292071.2 816295446.8 816293467.2 816292675.4 9.64027e-06 816291500.0 816295500.0 -22.4 -67.9 9238004.0 161.7 816291562.0 1.33938e-05 816291560.7 1.96784e-05 -1.0 -1.00000e+00
836426413.1 6.6 836426855.3 836427211.1 836428551.5 836427635.1 836427268.5 2.14242e-05 836426800.0 836428600.0 51.3 -179.3 4276709.0 8.5 836427646.8 1.29032e-05 836426867.2 5.13243e-06 836427606.4 4.86510e-05
854657833.3 6.2 854658314.5 854658654.9 854660236.6 854659206.6 854658794.6 8.91000e-06 854658300.0 854660300.0 19.4 -78.4 4806653.0 10.0 854659530.4 1.24945e-05 854659528.2 6.87542e-06 854659535.5 2.69843e-05
837159580.3 7.2 837160516.8 837160933.8 837166555.4 837163566.1 837162370.3 1.67633e-05 837160500.0 837166600.0 -9.3 107.4 13950180.0 20.0 837163288.3 1.15903e-05 837160954.8 4.92505e-06 837163295.4 6.25706e-05
870023349.0 7.2 870024111.0 870024606.7 870028346.9 870026204.9 870025348.2 2.07892e-05 870024100.0 870028400.0 -15.7 167.7 9995670.0 149.5 870026348.0 1.12523e-05 -1.0 -1.00000e+00 -1.0 -1.00000e+00
871288782.2 6.5 871289566.5 871290074.3 871293839.3 871291672.0 871290805.0 6.61112e-06 871289500.0 871293900.0 -9.8 159.5 10114110.0 9.5 871291531.3 1.10306e-05 871291568.4 3.57811e-06 871291536.5 3.87597e-05
856319796.0 6.3 856320428.0 856320943.5 856323339.7 856321821.0 856321213.5 6.85967e-06 856320400.0 856323400.0 -7.0 -80.4 7087231.0 9.9 856322062.9 1.02860e-05 -1.0 -1.00000e+00 -1.0 -1.00000e+00
869463632.0 6.9 869464467.5 869464938.3 869469377.3 869466915.0 869465930.1 1.15480e-05 869464400.0 869469400.0 2.9 127.6 11490580.0 39.8 869466657.8 1.01165e-05 869466652.4 2.51225e-06 869466663.7 3.84036e-05
837162804.1 6.1 837163734.8 837164149.7 837169754.8 837166775.9 837165584.4 1.62037e-06 837163700.0 837169800.0 -9.1 107.9 13901280.0 48.7 837167265.7 9.71768e-06 837167261.8 3.55821e-06 837163727.7 2.88124e-05
829653273.7 6.1 829653746.8 829654084.4 829655653.1 829654633.3 829654225.4 6.38068e-06 829653700.0 829655700.0 61.4 167.5 4758734.0 45.1 829654975.1 9.41801e-06 -1.0 -1.00000e+00 -1.0 -1.00000e+00
868540095.8 6.1 868540476.8 868540785.2 868541844.1 868541094.8 868540795.1 1.04454e-05 868540400.0 868541900.0 52.5 -168.1 3496760.0 13.3 868541495.5 9.38854e-06 868541257.5 4.33303e-06 868541127.2 2.23451e-05
840080519.9 7.0 840081467.6 840081882.2 840087597.5 840084564.2 840083350.9 1.16788e-05 840081400.0 840087600.0 -61.0 -34.3 14155110.0 0.5 840084561.5 9.15976e-06 840081818.0 3.67854e-06 840084566.2 3.67966e-05
839341855.2 6.1 839342235.0 839342542.5 839343630.0 839342869.4 839342565.1 8.34737e-06 839342200.0 839343700.0 18.5 -101.1 3549538.0 60.4 839343087.5 9.07288e-06 839343085.0 7.95224e-06 839343079.7 2.57598e-05
843673838.4 6.6 843674421.8 843674715.2 843677001.8 843675646.1 843675103.8 1.34333e-05 843674400.0 843677100.0 46.3 153.1 6326683.0 20.6 843676347.0 8.98711e-06 843675093.8 3.73012e-06 843676351.0 2.17391e-05
831264189.7 6.3 831264571.8 831264881.2 831265975.6 831265210.3 831264904.1 1.28663e-05 831264500.0 831266000.0 52.6 -169.2 3571817.0 54.5 831265348.6 8.66484e-06 831265345.8 3.29365e-06 831265263.4 2.53188e-05
871684962.4 6.5 871685679.8 871686234.4 871689272.8 871687425.5 871686686.6 8.19937e-06 871685600.0 871689300.0 8.1 -39.2 8620836.0 0.7 871687475.2 8.56228e-06 -1.0 -1.00000e+00 -1.0 -1.00000e+00
854168103.6 6.9 854169054.7 854169465.5 854175241.1 854172182.2 854170958.6 9.42911e-06 854169000.0 854175300.0 -54.9 146.3 14275130.0 10.0 854172593.4 8.17038e-06 854172571.0 3.72938e-06 -1.0 -1.00000e+00
835411188.5 6.2 835411647.7 835411995.1 835413461.4 835412487.3 835412097.7 8.78287e-06 835411600.0 835413500.0 52.2 176.1 4545718.0 30.0 835413067.3 7.87765e-06 -1.0 -1.00000e+00 -1.0 -1.00000e+00
855993881.5 6.7 855994733.1 855995196.9 855999808.5 855997268.3 855996252.3 7.72220e-06 855994700.0 855999900.0 -1.0 127.1 11854060.0 27.7 855997249.7 7.85017e-06 855997326.2 3.12782e-06 855997255.5 2.59244e-05
846956332.0 6.6 846957130.5 846957627.5 846961578.6 846959330.1 846958430.7 7.50735e-06 846957100.0 846961600.0 -6.4 150.8 10493190.0 18.4 846959382.7 7.66644e-06 846959433.7 3.66981e-06 846959386.1 2.10498e-05
851502662.8 6.6 851503575.6 851504008.8 851509316.4 851506464.8 851505324.2 5.76638e-06 851503500.0 851509400.0 13.3 51.4 13307210.0 8.3 851507122.7 7.53582e-06 851507258.6 3.35213e-06 851507128.6 1.99268e-05
843728776.5 6.5 843729359.0 843729652.8 843731933.1 843730580.3 843730039.1 1.11398e-05 843729300.0 843732000.0 46.5 153.2 6313043.0 20.7 843731283.3 7.37673e-06 843729377.7 3.82148e-06 843730453.3 1.82530e-05
859780623.4 6.3 859781277.1 859781811.8 859784345.8 859782750.5 859782112.3 6.59673e-06 859781200.0 859784400.0 37.4 -24.6 7444755.0 4.3 859783103.1 7.34420e-06 -1.0 -1.00000e+00 -1.0 -1.00000e+00
831828523.1 6.8 831829448.8 831829869.8 831835382.4 831832442.7 831831266.8 7.84141e-06 831829400.0 831835400.0 0.1 97.1 13718500.0 30.7 831833495.4 7.09795e-06 -1.0 -1.00000e+00 -1.0 -1.00000e+00
874978567.1 6.3 874979359.2 874979860.4 874983733.8 874981519.5 874980633.8 4.22510e-06 874979300.0 874983800.0 -21.2 169.5 10333450.0 17.0 874980112.4 6.95998e-06 874980110.0 2.79207e-06 874981445.8 2.22941e-05
874976523.9 6.3 874977316.9 874977818.1 874981696.1 874979479.4 874978592.8 4.25791e-06 874977300.0 874981700.0 -21.2 169.4 10344510.0 14.4 874980112.4 6.95998e-06 874981700.0 4.39159e-06 874981445.8 1.99821e-05
832821144.7 6.4 832821936.1 832822432.3 832826348.1 832824118.1 832823226.1 4.71543e-06 832821900.0 832826400.0 -5.7 151.2 10406740.0 43.9 832824397.9 6.68985e-06 832824356.9 2.41840e-06 832823945.6 2.19011e-05
820755308.6 6.7 820756085.7 820756588.2 820760359.5 820758194.9 820757329.0 8.72225e-06 820756000.0 820760400.0 36.3 23.3 10101780.0 58.4 820758801.4 6.64358e-06 820756092.6 6.14682e-06 820758257.2 2.37341e-05
848921611.0 6.0 848922361.4 848922890.0 848926285.5 848924282.1 848923480.8 2.60740e-06 848922300.0 848926300.0 -21.5 -174.6 9349154.0 13.8 848924286.8 6.60667e-06 848924263.6 2.73142e-06 848924272.8 2.01093e-05
835412370.5 6.0 835413065.0 835413532.3 835417085.5 835415064.8 835414256.5 1.61879e-07 835413000.0 835417100.0 -20.0 -178.2 9429965.0 574.9 835413064.7 6.53539e-06 835413066.6 4.63688e-06 835413068.7 1.91992e-05
830459849.7 6.7 830460607.2 830461131.1 830464602.5 830462565.6 830461750.8 1.03345e-05 830460600.0 830464700.0 -27.1 -71.2 9505588.0 13.7 830462705.9 6.45823e-06 830460616.6 4.69278e-06 830462692.7 1.69348e-05
854228284.0 6.6 854229000.3 854229544.6 854232654.4 854230781.3 854230032.1 8.58007e-06 854229000.0 854232700.0 21.2 144.8 8740683.0 51.7 854229035.1 6.39959e-06 854229034.1 6.90190e-06 854230744.3 1.89926e-05
818033585.0 6.3 818034373.8 818034873.2 818038744.4 818036533.2 818035648.8 3.97209e-06 818034300.0 818038800.0 -30.3 -177.6 10318700.0 35.2 818036727.9 6.02160e-06 818037097.0 2.50052e-06 818036512.7 1.50579e-05
816526396.0 6.0 816526750.8 816527039.2 816528001.8 816527313.6 816527038.3 8.29902e-06 816526700.0 816528100.0 53.9 -164.0 3211741.0 40.7 816527281.5 6.00081e-06 816527372.8 2.26539e-06 816527285.2 1.94055e-05
826354668.4 6.7 826355527.0 826355985.8 826360691.6 826358110.2 826357077.7 7.49001e-06 826355500.0 826360700.0 -3.6 127.3 12046510.0 32.8 826358086.8 5.86903e-06 826355833.5 3.66381e-06 826358092.8 2.03071e-05
854248569.7 6.5 854249354.9 854249852.0 854253721.0 854251513.3 854250630.2 5.61237e-06 854249300.0 854253800.0 -29.9 -177.9 10302610.0 60.5 854251284.6 5.81831e-06 -1.0 -1.00000e+00 -1.0 -1.00000e+00
870057478.5 6.2 870058101.9 870058548.5 870060965.3 870059471.0 870058873.2 5.50962e-06 870058100.0 870061000.0 47.0 141.8 6973470.0 21.1 870060947.6 5.81517e-06 870060570.4 5.59662e-06 870060930.5 8.96712e-06
873685817.2 6.5 873686745.0 873687166.0 873692691.9 873689745.6 873688567.1 4.33395e-06 873686700.0 873692700.0 -1.7 99.6 13749430.0 24.8 873691007.0 5.64796e-06 873690998.3 5.79368e-06 873692361.6 2.04154e-05
872735737.4 6.3 872736505.5 872737018.3 872740645.7 872738542.1 872737700.7 4.26041e-06 872736500.0 872740700.0 -11.8 165.7 9816536.0 33.0 872739754.5 5.49474e-06 -1.0 -1.00000e+00 -1.0 -1.00000e+00
874312288.9 6.7 874313216.0 874313636.2 874319166.5 874316219.0 874315040.0 6.40585e-06 874313200.0 874319200.0 -2.0 100.1 13755050.0 30.9 874317258.9 5.49361e-06 874313544.9 2.62414e-06 874317074.6 1.71338e-05
859719764.4 6.5 859720556.3 859721058.2 859724924.0 859722712.7 859721828.2 6.36369e-06 859720500.0 859725000.0 -20.7 169.0 10319300.0 14.5 859723393.7 5.45380e-06 859723244.9 2.56218e-06 859722697.0 1.47294e-05
815222913.6 6.3 815223707.6 815224204.3 815228130.7 815225894.8 815225000.4 3.95674e-06 815223700.0 815228200.0 -3.2 148.2 10434240.0 32.3 815225917.1 5.44872e-06 815227171.4 4.22903e-06 815225560.8 1.46588e-05
856825926.0 6.0 856826540.5 856826824.7 856829324.4 856827868.0 856827285.4 3.98983e-06 856826500.0 856829400.0 26.6 -44.6 6796779.0 10.0 856828009.5 5.42881e-06 856828150.7 2.11775e-06 856828014.7 1.77983e-05
854659081.1 6.2 854659916.5 854660393.6 854664769.1 854662331.4 854661356.3 3.12046e-06 854659900.0 854664800.0 -56.0 -123.0 11375990.0 10.0 854660058.7 5.37767e-06 854660221.1 3.19246e-06 854659928.2 8.87862e-06
818346056.2 6.5 818346851.6 818347351.3 818351257.2 818349028.2 818348136.6 6.30423e-06 818346800.0 818351300.0 -6.6 152.2 10402060.0 14.4 818348979.6 5.32557e-06 -1.0 -1.00000e+00 -1.0 -1.00000e+00
828433858.5 6.4 828434612.8 828435138.9 828438576.4 828436554.4 828435745.6 5.84370e-06 828434600.0 828438600.0 -16.6 177.0 9435870.0 13.5 828436593.9 5.25148e-06 -1.0 -1.00000e+00 -1.0 -1.00000e+00
845673457.8 6.4 845674159.0 845674718.3 845677654.5 845675855.9 845675136.5 6.37081e-06 845674100.0 845677700.0 29.5 140.3 8393358.0 31.1 845675651.8 5.22904e-06 845674172.8 3.41002e-06 845675657.0 1.75286e-05
819289215.9 6.2 819290049.3 819290527.5 819294879.3 819292452.1 819291481.3 3.13812e-06 819290000.0 819294900.0 -54.6 -136.0 11326860.0 10.0 819292545.1 5.19841e-06 819292557.6 2.45645e-06 819292449.4 1.34194e-05
861885732.6 6.2 861886163.7 861886507.4 861887882.5 861886961.1 861886592.6 6.40265e-06 861886100.0 861887900.0 52.0 -180.0 4299680.0 126.9 861886167.3 5.11191e-06 861886166.8 6.68903e-06 861886740.6 1.09126e-05
859703690.7 6.4 859704475.6 859704980.7 859708776.0 859706596.6 859705724.8 5.23331e-06 859704400.0 859708800.0 -7.8 156.5 10170710.0 19.5 859707143.0 5.08591e-06 -1.0 -1.00000e+00 -1.0 -1.00000e+00
823966059.1 6.2 823966771.4 823967319.1 823970386.3 823968531.7 823967789.9 3.79518e-06 823966700.0 823970400.0 20.9 146.2 8654385.0 48.9 823968766.5 5.01911e-06 823966777.4 5.47683e-06 823968275.5 1.40907e-05
859964979.7 6.1 859965633.2 859966167.9 859968707.1 859967109.6 859966470.7 4.36874e-06 859965600.0 859968800.0 37.3 -24.5 7454821.0 9.1 859967312.3 4.93588e-06 859967309.5 2.35356e-06 859967317.2 1.11182e-05
847469565.9 6.2 847470362.1 847470858.9 847474798.2 847472555.8 847471658.8 3.26968e-06 847470300.0 847474800.0 -6.4 151.2 10464640.0 25.7 847472653.2 4.90257e-06 847473220.3 4.18651e-06 847472599.7 8.99215e-06
822919737.9 6.7 822920422.0 822920892.4 822924359.6 822922378.9 822921586.6 2.93568e-06 822920400.0 822924400.0 -17.8 -178.3 9243503.0 599.6 822920425.7 4.82087e-06 -1.0 -1.00000e+00 -1.0 -1.00000e+00
830777142.7 6.0 830777885.8 830778416.3 830781760.8 830779781.6 830778989.9 2.47748e-06 830777800.0 830781800.0 -20.7 -173.9 9236119.0 27.4 830779853.0 4.56336e-06 -1.0 -1.00000e+00 -1.0 -1.00000e+00
837341871.5 6.1 837342799.8 837343216.0 837348793.3 837345826.8 837344640.2 1.62561e-06 837342700.0 837348800.0 -6.6 105.4 13843630.0 49.3 837347992.9 4.52021e-06 -1.0 -1.00000e+00 -1.0 -1.00000e+00
862521127.3 6.5 862521814.0 862522271.0 862525854.7 862523828.7 862523018.3 1.12037e-06 862521800.0 862525900.0 -19.5 -179.3 9454761.0 678.6 862521815.3 4.52002e-06 -1.0 -1.00000e+00 -1.0 -1.00000e+00
837344952.8 6.3 837345747.1 837346244.5 837350166.8 837347932.2 837347038.4 4.01539e-06 837345700.0 837350200.0 -5.5 150.7 10428110.0 28.3 837347991.9 4.49621e-06 837347987.1 1.96461e-06 837347977.2 1.24753e-05
861068770.8 6.3 861069537.4 861070055.9 861073623.0 861071543.5 861070711.7 4.65709e-06 861069500.0 861073700.0 25.7 125.1 9704405.0 11.6 861069551.0 4.41388e-06 -1.0 -1.00000e+00 -1.0 -1.00000e+00
847416410.4 6.8 847417122.0 847417577.3 847421335.5 847419224.7 847418380.4 3.92308e-06 847417100.0 847421400.0 -26.2 -63.3 9850180.0 581.9 847419233.0 4.39705e-06 847417128.4 6.63116e-06 -1.0 -1.00000e+00
825147078.4 6.0 825147924.2 825148390.7 825152937.4 825150426.4 825149422.0 1.76510e-06 825147900.0 825153000.0 28.1 56.8 11718020.0 31.1 825151008.9 4.39513e-06 825149159.4 2.84624e-06 825151082.7 1.24202e-05
826020752.1 6.1 826021675.8 826022103.5 826027536.1 826024628.6 826023465.7 2.03249e-06 826021600.0 826027600.0 -60.4 -46.6 13568060.0 4.9 826022384.4 4.36492e-06 826022382.4 3.59253e-06 826022386.2 5.74522e-06
818459277.6 6.5 818460061.9 818460530.8 818464649.4 818462347.2 818461426.4 3.38985e-06 818460000.0 818464700.0 36.4 71.1 10743560.0 223.9 818460885.1 4.33934e-06 -1.0 -1.00000e+00 -1.0 -1.00000e+00
849553836.1 6.4 849554415.6 849554711.2 849556964.6 849555623.8 849555087.5 9.40127e-06 849554400.0 849557000.0 46.2 154.4 6257057.0 16.9 849554426.0 4.33754e-06 849554424.8 3.89170e-06 849556016.3 1.12659e-05
863340987.1 6.3 863341830.1 863342304.6 863346753.5 863344282.2 863343293.7 3.88298e-06 863341800.0 863346800.0 20.6 100.8 11532690.0 1.3 863344611.2 4.19557e-06 863344605.5 1.52283e-06 863344597.3 1.35890e-05
847693236.3 6.0 847693814.4 847694110.3 847696356.1 847695019.1 847694484.2 4.25077e-06 847693800.0 847696400.0 46.4 154.5 6239531.0 18.5 847694099.4 4.17462e-06 847694098.1 4.58520e-06 847695042.3 3.78525e-06
859550557.1 6.2 859551343.0 859551849.3 859555638.1 859553460.5 859552589.5 3.58934e-06 859551300.0 859555700.0 -8.7 157.6 10162050.0 11.5 859553571.8 4.16722e-06 859553569.4 2.54389e-06 859553578.2 1.09219e-05
871276630.7 6.4 871277313.5 871277875.1 871280643.6 871278923.8 871278235.9 6.85534e-06 871277300.0 871280700.0 -14.3 -76.1 8025649.0 24.7 871279123.4 4.13932e-06 -1.0 -1.00000e+00 -1.0 -1.00000e+00
868630671.7 6.8 868631326.5 868631859.3 868634752.6 868633003.6 868632304.1 7.68669e-06 868631300.0 868634800.0 36.9 134.8 8161659.0 349.0 868631419.6 4.12389e-06 868631426.2 2.66904e-06 868632510.1 8.06122e-06
852295735.7 6.1 852296641.4 852297076.6 852302320.3 852299498.3 852298369.5 2.00550e-06 852296600.0 852302400.0 8.0 92.5 13169190.0 17.4 852298465.8 4.08594e-06 852298464.3 3.32776e-06 852299837.1 6.64360e-06
851181601.4 6.0 851182169.5 851182468.4 851184649.0 851183342.9 851182820.5 4.27586e-06 851182100.0 851184700.0 48.4 154.8 6095211.0 23.1 851184238.8 3.98334e-06 851184237.2 3.45502e-06 851184240.5 4.12439e-06
822031393.2 6.3 822032174.5 822032678.9 822036459.0 822034287.9 822033419.5 4.08990e-06 822032100.0 822036500.0 -17.4 167.8 10131560.0 33.4 822034793.8 3.93680e-06 822034854.7 2.06270e-06 822034863.9 9.74411e-06
847390904.4 6.2 847391698.9 847392194.2 847396137.6 847393894.8 847392997.7 3.11513e-06 847391600.0 847396200.0 -6.3 151.0 10466480.0 38.0 847393964.8 3.91581e-06 847394635.5 2.98249e-06 847393764.1 1.05431e-05
858219081.6 6.2 858219651.0 858219950.4 858222133.2 858220825.4 858220302.2 6.54441e-06 858219600.0 858222200.0 4.6 -78.5 6103299.0 17.7 858219653.0 3.83653e-06 858219651.9 4.04429e-06 858221004.3 8.66006e-06
849973697.6 6.3 849974517.6 849974967.1 849979504.7 849977015.9 849976020.4 1.82442e-06 849974500.0 849979600.0 3.7 124.9 11614210.0 215.0 849975798.8 3.80721e-06 -1.0 -1.00000e+00 -1.0 -1.00000e+00
868583615.9 6.6 868584293.4 868584849.7 868587555.5 868585867.1 868585191.7 1.07995e-05 868584200.0 868587600.0 37.6 138.5 7879185.0 7.4 868586386.5 3.80100e-06 868584304.1 4.94807e-06 868586390.3 1.11155e-05
819184163.3 6.2 819185011.8 819185467.1 819190139.7 819187578.4 819186553.8 2.16844e-06 819185000.0 819190200.0 -0.2 124.7 11952770.0 86.3 819187280.0 3.77543e-06 819189545.6 3.45288e-06 819187773.5 4.72485e-06
859667183.6 6.2 859667976.9 859668479.5 859672344.6 859670132.8 859669248.0 3.57242e-06 859667900.0 859672400.0 -20.6 169.0 10321980.0 7.6 859670768.5 3.73864e-06 -1.0 -1.00000e+00 -1.0 -1.00000e+00
824313578.0 6.2 824314363.5 824314861.1 824318727.9 824316520.8 824315637.9 2.95883e-06 824314300.0 824318800.0 -5.2 152.1 10299800.0 56.4 824316363.5 3.68492e-06 -1.0 -1.00000e+00 -1.0 -1.00000e+00
874958280.5 6.1 874959072.3 874959573.0 874963448.9 874961233.9 874960347.9 2.74953e-06 874959000.0 874963500.0 -21.1 169.4 10336680.0 19.9 874961154.7 3.68303e-06 874961861.0 1.88407e-06 874961158.9 1.24832e-05
819210771.5 6.0 819211312.0 819211625.3 819213593.9 819212384.3 819211900.5 5.06076e-06 819211300.0 819213600.0 6.8 -82.7 5644621.0 7.8 819212818.6 3.67762e-06 819212817.0 3.03001e-06 819212820.5 5.59362e-06
851285754.9 6.0 851286499.4 851286966.9 851290837.1 851288659.0 851287787.8 3.95726e-07 851286400.0 851290900.0 -5.8 154.5 10164370.0 373.5 851290673.8 3.66843e-06 -1.0 -1.00000e+00 -1.0 -1.00000e+00
864855313.5 6.1 864856144.6 864856623.8 864860950.9 864858534.9 864857568.5 2.54187e-06 864856100.0 864861000.0 23.1 101.0 11274800.0 11.6 864859190.2 3.65360e-06 864859185.3 1.48640e-06 864859027.7 1.05320e-05
861213239.0 6.2 861214064.2 861214544.1 861218827.0 861216432.1 861215474.2 3.02546e-06 861214000.0 861218900.0 -45.2 -72.5 11175950.0 23.8 861216807.4 3.64048e-06 861216960.2 1.71483e-06 861216363.4 1.18251e-05
825704002.0 6.1 825705206.1 825705417.8 825713199.1 825709257.5 825707680.8 1.27462e-06 825705200.0 825713200.0 -40.2 78.4 18394370.0 10.0 825710218.5 3.58363e-06 -1.0 -1.00000e+00 -1.0 -1.00000e+00
820002419.0 6.1 820002952.5 820003264.6 820005214.2 820004016.3 820003537.1 5.65394e-06 820002900.0 820005300.0 7.7 -82.3 5590432.0 29.6 820003255.2 3.53156e-06 820003253.7 3.48899e-06 820004494.1 3.45346e-06
870272706.1 6.1 870273260.9 870273567.7 870275637.5 870274381.2 870273878.7 5.82367e-06 870273200.0 870275700.0 -4.8 -105.4 5862962.0 10.0 870274469.2 3.52083e-06 -1.0 -1.00000e+00 -1.0 -1.00000e+00
847997867.8 6.1 847998422.8 847998729.6 848000800.5 847999543.7 847999040.9 5.82074e-06 847998400.0 848000900.0 -4.6 -104.7 5865415.0 10.0 847999634.0 3.50300e-06 -1.0 -1.00000e+00 -1.0 -1.00000e+00
820554012.9 6.1 820554556.1 820554868.7 820556852.9 820555635.7 820555148.9 6.16804e-06 820554500.0 820556900.0 6.7 -82.3 5680056.0 5.5 820555923.9 3.44361e-06 -1.0 -1.00000e+00 -1.0 -1.00000e+00
839024349.5 6.8 839025111.9 839025607.5 839029350.1 839027207.0 839026349.8 9.02873e-06 839025100.0 839029400.0 -15.8 167.8 10001160.0 148.5 839025821.6 3.35597e-06 839025820.2 2.54579e-06 839027088.0 7.81304e-06
840491452.0 6.5 840491995.1 840492299.0 840494338.5 840493101.4 840492606.6 1.12387e-05 840491900.0 840494400.0 51.2 157.4 5772983.0 54.2 840493185.1 3.33973e-06 840492011.4 2.67807e-06 840493190.3 1.18222e-05
831870390.4 6.0 831871135.9 831871668.5 831875007.3 831873028.6 831872237.2 2.68573e-06 831871100.0 831875100.0 -20.7 -173.8 9233967.0 11.1 831873047.3 3.32743e-06 -1.0 -1.00000e+00 -1.0 -1.00000e+00
817564402.3 6.4 817565060.1 817565599.4 817568205.1 817566575.3 817565923.4 7.00131e-06 817565000.0 817568300.0 38.1 142.2 7605549.0 38.4 817566542.3 3.28586e-06 -1.0 -1.00000e+00 -1.0 -1.00000e+00
852312124.4 6.0 852312918.1 852313418.0 852317312.3 852315088.9 852314199.6 2.21897e-06 852312900.0 852317400.0 39.8 70.3 10375740.0 18.4 852315822.0 3.23488e-06 852316647.6 2.62458e-06 852315746.7 6.95164e-06
822084661.0 6.2 822085218.9 822085521.8 822087631.4 822086358.4 822085849.2 6.59703e-06 822085200.0 822087700.0 6.9 -77.8 5940719.0 23.8 822086577.4 3.16689e-06 822085413.0 2.79584e-06 822086557.3 9.03281e-06
864591747.6 6.4 864592280.7 864592578.0 864594612.7 864593384.8 864592893.6 7.49278e-06 864592200.0 864594700.0 52.2 157.2 5730251.0 122.3 864592413.4 3.13467e-06 864592287.1 3.63472e-06 864593272.1 8.21074e-06
847744209.5 6.1 847745169.1 847745561.2 847751470.2 847748358.5 847747113.8 1.74269e-06 847745100.0 847751500.0 -52.1 139.6 14521420.0 18.1 847748652.9 3.12089e-06 847748651.4 3.38394e-06 847748030.5 3.72886e-06
845938487.1 6.0 845939162.8 845939718.2 845942441.7 845940746.9 845940068.9 2.99294e-06 845939100.0 845942500.0 -13.3 -76.6 7909279.0 29.7 845940850.0 3.10191e-06 845940848.2 2.59690e-06 845940970.7 4.06559e-06
824958522.2 6.4 824959238.8 824959698.2 824963455.2 824961341.0 824960495.4 1.09418e-06 824959200.0 824963500.0 -23.7 -179.9 9865965.0 534.3 824959240.5 3.08028e-06 824959239.9 3.83312e-06 824959241.4 3.75552e-06
840501900.5 6.6 840502636.1 840503142.4 840506637.3 840504607.3 840503795.2 5.61580e-06 840502600.0 840506700.0 -24.3 -67.0 9473537.0 184.9 840502639.4 3.03651e-06 840502637.5 3.98206e-06 840503397.2 4.53778e-06
847653940.8 6.0 847654515.1 847654813.2 847657026.3 847655704.0 847655175.0 4.39024e-06 847654500.0 847657100.0 47.0 154.9 6171061.0 14.7 847655915.7 2.90027e-06 847657063.6 3.13882e-06 847655917.2 2.67939e-06
860764852.6 6.4 860765805.0 860766213.3 860772021.3 860768949.0 860767720.1 3.40850e-06 860765800.0 860772100.0 -58.1 148.2 14337480.0 17.5 860768827.6 2.88579e-06 860769237.7 1.24948e-06 860768832.1 8.31805e-06
837085375.6 6.2 837086137.7 837086659.5 837090172.9 837088116.9 837087294.5 3.88411e-06 837086100.0 837090200.0 -28.7 -72.5 9594670.0 10.0 837088340.5 2.86056e-06 837086138.7 1.96678e-06 837088239.0 7.50723e-06
857195382.7 6.3 857196303.2 857196727.3 857202176.5 857199264.9 857198100.2 2.83594e-06 857196300.0 857202200.0 -0.5 100.5 13587630.0 30.1 857200236.6 2.84919e-06 857200230.5 1.35956e-06 857200223.4 6.68619e-06
861064017.9 6.1 861064781.6 861065297.8 861068869.8 861066790.4 861065958.7 2.85100e-06 861064700.0 861068900.0 25.7 125.1 9703694.0 30.4 861064790.0 2.83547e-06 -1.0 -1.00000e+00 -1.0 -1.00000e+00
868700385.0 6.1 868701159.8 868701669.2 868705365.4 868703231.0 868702377.2 2.77400e-06 868701100.0 868705400.0 -26.2 -177.7 9960948.0 28.9 868703598.1 2.76680e-06 868703575.1 1.19972e-06 868703089.5 8.72853e-06
859591237.0 6.2 859592023.0 859592528.9 859596322.3 859594142.9 859593271.1 3.56036e-06 859592000.0 859596400.0 -8.6 157.4 10170450.0 13.3 859595366.8 2.76475e-06 859593576.6 2.20076e-06 859593789.5 6.26816e-06
859546173.6 6.0 859546953.9 859547456.0 859551250.2 859549074.5 859548204.2 1.96349e-06 859546900.0 859551300.0 -7.3 156.2 10153170.0 49.1 859549208.9 2.74190e-06 -1.0 -1.00000e+00 -1.0 -1.00000e+00
856016743.1 6.0 856017594.6 856018058.0 856022673.2 856020131.7 856019115.1 1.74180e-06 856017500.0 856022700.0 -1.1 127.0 11860130.0 30.4 856018279.9 2.71510e-06 -1.0 -1.00000e+00 -1.0 -1.00000e+00
853435994.0 6.2 853436836.7 853437299.9 853441858.6 853439345.2 853438339.9 2.46733e-06 853436800.0 853441900.0 1.1 126.4 11729180.0 59.7 853439238.3 2.70700e-06 853439243.2 2.18940e-06 853439200.9 5.27854e-06
850852260.1 6.2 850853153.2 850853592.8 850858712.2 850855947.0 850854840.9 2.43184e-06 850853100.0 850858800.0 10.7 92.4 12904140.0 31.0 850857369.1 2.69793e-06 850858192.6 2.55938e-06 850856603.6 5.47520e-06
873712138.4 6.3 873712976.2 873713448.7 873717885.5 873715422.5 873714437.3 3.59748e-06 873712900.0 873717900.0 3.8 126.5 11494060.0 24.4 873713790.1 2.68373e-06 873713788.0 2.16347e-06 873715277.5 8.60923e-06
869067306.9 6.4 869068025.3 869068523.8 869071981.1 869069977.9 869069176.6 2.49472e-06 869068000.0 869072000.0 -22.2 -65.7 9348451.0 290.6 869068097.6 2.67944e-06 869068096.7 3.09176e-06 869068639.7 2.61828e-06
872871308.4 6.2 872871896.9 872872175.9 872874584.1 872873180.2 872872618.7 4.34788e-06 872871800.0 872874600.0 45.8 150.1 6551345.0 100.6 872871900.8 2.67232e-06 872871900.3 2.82873e-06 872873031.3 3.76721e-06
824962736.7 6.0 824963462.2 824964003.4 824967180.4 824965276.0 824964514.2 2.52057e-06 824963400.0 824967200.0 -15.3 -176.3 8887420.0 34.1 824965190.7 2.67212e-06 -1.0 -1.00000e+00 -1.0 -1.00000e+00
865212055.0 6.2 865212855.3 865213350.3 865217331.3 865215070.0 865214165.5 3.27927e-06 865212800.0 865217400.0 -3.3 146.8 10552690.0 22.2 865215254.1 2.66106e-06 865215121.0 1.03118e-06 865215276.9 7.74618e-06
824033414.2 7.4 824034227.0 824034701.3 824038957.5 824036581.8 824035631.5 2.89944e-05 824034200.0 824039000.0 11.6 122.7 11086480.0 96.0 824034961.5 2.64044e-06 824034849.8 2.19762e-06 824034218.3 4.65868e-06
871652793.9 6.4 871653621.2 871654099.9 871658407.8 871656001.8 871655039.5 4.56812e-06 871653600.0 871658500.0 6.1 127.4 11227650.0 23.8 871655635.3 2.52591e-06 -1.0 -1.00000e+00 -1.0 -1.00000e+00
857188194.0 6.4 857189115.7 857189540.6 857194989.3 857192077.0 857190912.1 3.59789e-06 857189100.0 857195000.0 -0.5 100.5 13590650.0 22.5 857192948.3 2.52448e-06 857193047.6 1.18823e-06 857192507.2 7.05407e-06
861071027.3 6.0 861071795.3 861072314.5 861075882.6 861073801.8 861072969.4 2.59131e-06 861071700.0 861075900.0 25.6 125.1 9710695.0 4.9 861072889.6 2.51048e-06 -1.0 -1.00000e+00 -1.0 -1.00000e+00
868398898.9 6.0 868399319.6 868399659.3 868400928.3 868400058.6 868399710.7 6.18300e-06 868399300.0 868401000.0 51.9 -176.3 4058743.0 46.1 868400046.7 2.51033e-06 868399341.1 1.99592e-06 868400030.5 8.49261e-06
869582803.6 6.1 869583591.9 869584094.3 869587933.3 869585734.9 869584855.5 2.74886e-06 869583500.0 869588000.0 -21.5 171.0 10259380.0 22.2 869585787.6 2.50894e-06 869585782.6 1.23412e-06 869585519.6 7.93497e-06
847368693.9 6.4 847369508.6 847369999.6 847374105.5 847371786.3 847370858.6 5.13354e-06 847369500.0 847374200.0 16.9 119.6 10823190.0 1.0 847370838.3 2.46961e-06 -1.0 -1.00000e+00 -1.0 -1.00000e+00
868526871.3 6.1 868527644.8 868528156.1 868531826.3 868529702.7 868528853.3 2.85963e-06 868527600.0 868531900.0 -15.4 168.6 9909940.0 23.5 868527652.6 2.45946e-06 868527650.5 2.60111e-06 868527647.7 2.60764e-06
859380557.2 6.2 859381394.0 859381871.2 859386253.9 859383812.4 859382835.9 3.17087e-06 859381300.0 859386300.0 -56.1 -123.3 11393460.0 5.4 859383894.3 2.45000e-06 859383610.1 1.46372e-06 859383579.5 5.92372e-06
861543270.1 6.4 861544039.4 861544545.1 861548241.4 861546110.8 861545258.6 4.63003e-06 861544000.0 861548300.0 -14.3 166.9 9942447.0 67.8 861545941.1 2.42590e-06 861545946.6 1.73167e-06 861545827.0 7.21057e-06
847293045.8 6.0 847293845.4 847294334.9 847298362.9 847296084.2 847295172.7 1.80521e-06 847293800.0 847298400.0 -6.0 148.6 10634200.0 53.5 847297366.0 2.40330e-06 847297426.0 2.33479e-06 847295921.5 4.87079e-06
853309279.3 6.2 853310222.5 853310637.8 853316318.1 853313301.5 853312094.8 2.34615e-06 853310200.0 853316400.0 -55.3 -29.5 14077750.0 10.0 853314191.8 2.39440e-06 853314290.1 1.38125e-06 853313987.6 6.04039e-06
817404837.3 6.2 817405671.8 817406143.7 817410566.4 817408111.1 817407128.9 2.78294e-06 817405600.0 817410600.0 6.2 124.0 11458360.0 36.8 817406650.1 2.34304e-06 817408231.2 2.00084e-06 817407903.1 7.65564e-06
823034065.9 6.0 823034955.2 823035398.2 823040458.9 823037719.1 823036623.1 1.60959e-06 823034900.0 823040500.0 11.9 92.4 12785890.0 25.0 823038211.2 2.33776e-06 -1.0 -1.00000e+00 -1.0 -1.00000e+00
824063369.5 7.9 824064203.5 824064683.1 824069023.7 824066600.4 824065631.2 7.49038e-05 824064200.0 824069100.0 9.6 122.0 11308460.0 2.0 824064280.6 2.28982e-06 824067764.8 2.18850e-06 824067761.4 2.09908e-06
816444625.5 6.5 816445544.2 816445969.7 816451393.2 816448492.8 816447332.6 4.37587e-06 816445500.0 816451400.0 2.2 96.8 13535370.0 28.5 816450038.8 2.26173e-06 816445863.9 1.51528e-06 816449086.9 7.76097e-06
827920954.3 6.1 827921741.3 827922247.2 827926045.2 827923863.4 827922990.7 2.92549e-06 827921700.0 827926100.0 22.9 121.3 10181720.0 10.3 827924746.3 2.22027e-06 827921749.5 1.16281e-06 827924751.6 5.71466e-06
819093084.2 6.1 819093850.2 819094366.4 819097950.0 819095864.7 819095030.5 2.93438e-06 819093800.0 819098000.0 12.2 141.1 9731565.0 23.0 819093863.5 2.20752e-06 819093862.4 2.04743e-06 819096058.5 3.03484e-06
857445776.9 6.0 857446400.2 857446912.5 857449643.2 857447986.2 857447323.4 4.04165e-07 857446400.0 857449700.0 43.2 133.5 7732425.0 441.4 857447129.1 2.20740e-06 -1.0 -1.00000e+00 -1.0 -1.00000e+00
852324755.5 6.3 852325458.7 852325946.3 852329398.2 852327408.5 852326612.6 1.22134e-06 852325400.0 852329400.0 -18.7 -177.8 9285474.0 410.5 852328221.7 2.14820e-06 852328220.1 2.30292e-06 852328216.8 2.52346e-06
859637081.2 6.0 859637871.0 859638376.6 859642193.9 859640002.7 859639126.3 2.42470e-06 859637800.0 859642200.0 -7.8 155.8 10225290.0 4.4 859639945.8 2.11764e-06 -1.0 -1.00000e+00 -1.0 -1.00000e+00
849214350.6 6.0 849214801.6 849215147.5 849216591.5 849215631.1 849215246.9 5.07342e-06 849214800.0 849216600.0 14.0 -91.2 4481732.0 62.8 849215942.2 2.09864e-06 -1.0 -1.00000e+00 -1.0 -1.00000e+00
857387683.9 6.2 857388681.9 857389066.0 857395395.4 857392090.5 857390768.5 2.11624e-06 857388600.0 857395400.0 -58.2 -7.7 15423040.0 4.0 857392227.6 2.05087e-06 857390686.5 1.64194e-06 857392145.7 4.55656e-06
871440770.1 6.0 871441448.6 871442006.6 871444754.9 871443047.1 871442364.0 2.91057e-06 871441400.0 871444800.0 -13.8 -76.3 7969627.0 33.4 871443266.8 2.02624e-06 871441458.3 1.86426e-06 871443254.0 5.96888e-06
825581291.1 6.0 825582015.6 825582524.6 825585936.9 825583945.8 825583149.4 9.98620e-07 825582000.0 825586000.0 -20.2 -175.6 9291726.0 210.0 825583063.1 1.99982e-06 -1.0 -1.00000e+00 -1.0 -1.00000e+00
830024793.4 6.1 830025711.5 830026136.3 830031563.7 830028662.1 830027501.5 1.79901e-06 830025700.0 830031600.0 2.0 97.0 13540720.0 33.3 830029513.0 1.98491e-06 830026035.3 8.01405e-07 830029197.8 6.21722e-06
873136301.2 6.2 873137073.9 873137579.1 873141299.5 873139157.4 873138300.5 3.05226e-06 873137000.0 873141300.0 24.3 122.3 9996752.0 58.2 873137078.3 1.97945e-06 873137080.4 1.66174e-06 873137079.0 2.99201e-06
847821807.1 6.2 847822546.5 847823080.0 847826382.1 847824421.4 847823637.1 3.88492e-06 847822500.0 847826400.0 28.6 129.9 9149990.0 25.2 847825366.2 1.96436e-06 847825364.6 1.81959e-06 847826020.9 2.87406e-06
842435139.5 6.3 842435990.9 842436455.4 842441059.3 842438522.2 842437507.4 3.45230e-06 842435900.0 842441100.0 -3.1 129.5 11839650.0 25.3 842438878.0 1.96164e-06 842438943.9 9.15736e-07 842438863.1 5.75633e-06
856739611.5 6.1 856740553.3 856740966.9 856746656.0 856743636.9 856742429.3 1.79283e-06 856740500.0 856746700.0 -55.3 -29.2 14088940.0 21.4 856744315.1 1.96101e-06 -1.0 -1.00000e+00 -1.0 -1.00000e+00
873784907.7 6.4 873785840.0 873786256.8 873791853.9 873788877.0 873787686.2 3.38541e-06 873785800.0 873791900.0 -4.2 101.1 13892400.0 32.9 873790337.1 1.95535e-06 873786775.1 1.57701e-06 873790021.8 6.68893e-06
862315626.8 6.2 862316456.3 862316936.7 862321240.3 862318834.5 862317872.2 3.17453e-06 862316400.0 862321300.0 -1.3 -15.0 11227040.0 10.0 862319250.1 1.95531e-06 862319247.8 1.12627e-06 862319288.4 5.15776e-06
859974725.9 6.1 859975643.6 859976069.0 859981486.5 859978589.1 859977430.1 1.81936e-06 859975600.0 859981500.0 2.9 95.7 13521240.0 31.2 859979796.4 1.92989e-06 859978708.6 1.54832e-06 859979419.4 4.85236e-06
818067699.7 6.1 818068482.8 818068952.7 818073054.0 818070759.3 818069841.4 1.07934e-06 818068400.0 818073100.0 -5.5 147.0 10708620.0 222.0 818069655.9 1.89898e-06 -1.0 -1.00000e+00 -1.0 -1.00000e+00
846881823.9 6.0 846882620.5 846883101.0 846887193.9 846884892.5 846883971.9 1.31503e-06 846882600.0 846887200.0 -5.5 146.6 10740120.0 115.0 846886945.5 1.88196e-06 -1.0 -1.00000e+00 -1.0 -1.00000e+00
866182742.2 6.3 866183529.8 866184032.3 866187866.4 866185670.3 866184791.9 4.17481e-06 866183500.0 866187900.0 -3.6 151.0 10248510.0 23.4 866186252.2 1.87142e-06 866183783.9 1.05696e-06 866185470.9 6.00276e-06
834686457.8 6.8 834687281.3 834687762.1 834692026.1 834689639.7 834688685.1 1.01735e-05 834687200.0 834692100.0 7.3 127.2 11136690.0 24.0 834691120.5 1.85992e-06 -1.0 -1.00000e+00 -1.0 -1.00000e+00
868752473.7 6.1 868753247.5 868753755.9 868757456.1 868755320.8 868754466.7 2.67446e-06 868753200.0 868757500.0 -26.3 -177.7 9964688.0 37.1 868755704.9 1.85906e-06 868755700.6 7.56200e-07 868755709.6 5.08858e-06
874856596.5 6.1 874857524.3 874857944.0 874863483.5 874860531.9 874859351.3 1.77200e-06 874857500.0 874863500.0 -1.8 99.4 13773870.0 31.3 874861545.2 1.85051e-06 874858285.8 1.53617e-06 874861528.7 3.50158e-06
827238444.7 6.1 827239252.2 827239737.5 827243855.5 827241536.6 827240609.0 2.26348e-06 827239200.0 827243900.0 -3.3 143.2 10821710.0 50.4 827240195.2 1.83470e-06 -1.0 -1.00000e+00 -1.0 -1.00000e+00
853757972.4 6.0 853758754.5 853759257.2 853763056.8 853760877.8 853760006.2 2.05349e-06 853758700.0 853763100.0 22.6 122.0 10168700.0 39.6 853759822.9 1.81756e-06 853759821.5 1.96690e-06 853763097.8 2.89418e-06
821361523.2 6.1 821362383.5 821362802.1 821367899.1 821365166.6 821364073.5 7.16274e-07 821362300.0 821367900.0 -7.9 122.6 12751930.0 261.7 821364226.8 1.76973e-06 821364225.4 1.89671e-06 821364508.9 2.32740e-06
859682404.9 6.0 859683184.3 859683685.6 859687482.1 859685306.2 859684435.8 1.89090e-06 859683100.0 859687500.0 -7.2 156.1 10154530.0 56.7 859685439.8 1.75682e-06 -1.0 -1.00000e+00 -1.0 -1.00000e+00
825028307.4 7.8 825029137.7 825029613.1 825033972.9 825031544.8 825030573.6 6.16816e-05 825029100.0 825034000.0 8.5 123.1 11331000.0 31.0 825032183.0 1.74676e-06 -1.0 -1.00000e+00 -1.0 -1.00000e+00
873749212.5 6.0 873750066.9 873750533.0 873755137.5 873752598.3 873751582.5 1.92850e-06 873750000.0 873755200.0 -57.8 -147.2 11850030.0 10.0 873752607.9 1.73710e-06 -1.0 -1.00000e+00 -1.0 -1.00000e+00
862524083.6 6.0 862524769.2 862525225.0 862528810.6 862526784.7 862525974.4 9.04969e-08 862524700.0 862528900.0 -19.5 -179.3 9454003.0 692.1 862524770.7 1.73693e-06 -1.0 -1.00000e+00 -1.0 -1.00000e+00
869441867.3 6.0 869442775.2 869443207.0 869448498.4 869445656.5 869444519.7 1.50763e-06 869442700.0 869448500.0 7.1 92.5 13262210.0 27.7 869446617.3 1.71144e-06 -1.0 -1.00000e+00 -1.0 -1.00000e+00
825748149.7 6.2 825748911.0 825749409.0 825753124.9 825750992.7 825750139.8 2.23804e-06 825748900.0 825753200.0 -14.8 167.4 9950471.0 138.9 825751893.8 1.69793e-06 -1.0 -1.00000e+00 -1.0 -1.00000e+00
836292386.4 6.0 836293103.4 836293650.0 836296747.6 836294878.5 836294130.9 2.53988e-06 836293100.0 836296800.0 -15.3 -173.6 8722337.0 37.5 836294682.6 1.67543e-06 836293125.3 1.56697e-06 836294588.3 6.49711e-06
852561099.2 6.0 852561956.6 852562414.2 852567123.4 852564541.6 852563508.9 1.59895e-06 852561900.0 852567200.0 -3.6 127.3 12048340.0 43.3 852564747.6 1.65504e-06 852564802.7 1.59274e-06 852564503.5 2.91163e-06
860523873.9 6.1 860524613.7 860525150.5 860528428.2 860526476.4 860525695.6 3.38305e-06 860524600.0 860528500.0 -35.0 -108.8 9108701.0 10.0 860527235.6 1.64809e-06 -1.0 -1.00000e+00 -1.0 -1.00000e+00
855705791.4 6.0 855706429.0 855706950.2 855709412.6 855707860.7 855707239.9 3.29095e-06 855706400.0 855709500.0 41.8 143.5 7242386.0 33.0 855706997.8 1.64628e-06 855706996.6 1.47465e-06 855708027.5 4.22390e-06
845203549.5 6.4 845204312.1 845204809.4 845208538.9 845206400.6 845205545.3 3.70231e-06 845204300.0 845208600.0 -15.1 167.3 9978825.0 138.2 845207619.2 1.63595e-06 -1.0 -1.00000e+00 -1.0 -1.00000e+00
824825759.6 6.0 824826446.0 824826911.3 824830429.9 824828428.4 824827627.7 1.29359e-07 824826400.0 824830500.0 -18.0 -179.5 9340488.0 622.9 824826447.2 1.63574e-06 -1.0 -1.00000e+00 -1.0 -1.00000e+00
861804172.0 6.1 861805145.4 861805535.9 861811587.5 861808409.5 861807138.2 1.75230e-06 861805100.0 861811600.0 -60.9 -20.4 14830910.0 10.0 861808994.0 1.63393e-06 861806538.6 1.41723e-06 861808405.5 2.09566e-06
867719374.4 6.1 867719791.4 867720128.1 867721427.8 867720547.8 867720195.7 5.39544e-06 867719700.0 867721500.0 16.6 -93.5 4106933.0 121.9 867720909.7 1.61999e-06 867719920.2 2.22763e-06 867720912.0 3.34218e-06
838034216.4 6.0 838035135.7 838035560.2 838040998.4 838038091.9 838036929.2 1.43039e-06 838035100.0 838041000.0 1.7 97.1 13564090.0 31.8 838039034.8 1.59551e-06 838039130.5 8.20570e-07 838039039.5 4.74875e-06
867486374.9 6.3 867487150.2 867487663.5 867491325.6 867489203.9 867488355.2 4.56739e-06 867487100.0 867491400.0 0.7 -30.3 9901366.0 10.0 867489317.4 1.59492e-06 -1.0 -1.00000e+00 -1.0 -1.00000e+00
862390314.1 6.1 862391125.2 862391615.5 862395706.6 862393395.6 862392471.1 2.66588e-06 862391100.0 862395800.0 34.3 82.0 10784970.0 14.2 862394420.3 1.57870e-06 862394071.3 7.37815e-07 862394020.7 4.88826e-06
848799152.6 6.2 848799986.3 848800457.7 848804878.9 848802424.7 848801443.1 2.72646e-06 848799900.0 848804900.0 2.6 128.5 11452550.0 42.2 848802458.8 1.57168e-06 848802812.4 1.33895e-06 848802213.0 5.38005e-06
848956825.3 6.2 848957655.1 848958135.4 848962442.5 848960035.1 848959072.2 3.17184e-06 848957600.0 848962500.0 -54.0 -134.2 11234400.0 10.0 848959996.2 1.56829e-06 848960343.0 1.41056e-06 848959750.4 5.62656e-06
831046669.2 6.1 831047871.4 831048083.3 831055745.4 831051855.6 831050299.7 1.30061e-06 831047800.0 831055800.0 -36.7 78.6 18152350.0 10.0 831053056.3 1.56177e-06 831053223.1 7.73379e-07 831053043.1 4.96490e-06
857365426.8 6.1 857366114.1 857366662.5 857369608.5 857367816.4 857367099.5 2.12792e-06 857366100.0 857369700.0 30.0 140.2 8363409.0 140.1 857369209.8 1.55838e-06 857366198.2 1.69397e-06 857366753.9 2.32229e-06
825432131.2 7.0 825432950.6 825433431.4 825437669.1 825435295.7 825434346.3 1.46763e-05 825432900.0 825437700.0 13.6 120.1 11075700.0 36.0 825433467.4 1.55454e-06 825436787.7 1.64933e-06 825437292.2 1.65287e-06
827257628.9 6.0 827258387.9 827258905.1 827262442.8 827260379.7 827259554.5 2.19768e-06 827258300.0 827262500.0 -16.9 174.5 9627902.0 40.6 827260208.0 1.55176e-06 -1.0 -1.00000e+00 -1.0 -1.00000e+00
852745041.5 6.0 852745610.5 852745910.6 852748086.7 852746781.6 852746259.6 4.44799e-06 852745600.0 852748100.0 46.9 156.3 6090319.0 15.3 852746817.3 1.53583e-06 852747712.0 8.80864e-07 852746820.1 3.96345e-06
829353014.5 6.0 829353783.4 829354296.1 829357928.5 829355822.5 829354980.1 2.24438e-06 829353700.0 829358000.0 -12.5 166.4 9828138.0 30.8 829357038.9 1.53210e-06 829355369.2 1.16657e-06 829355803.9 3.21054e-06
832719254.8 6.3 832720179.3 832720603.2 832726079.1 832723154.4 832721984.5 2.92140e-06 832720100.0 832726100.0 -8.1 110.3 13648550.0 19.9 832724260.7 1.52350e-06 832720499.5 9.62294e-07 832724446.8 4.33247e-06
858206604.1 6.0 858207174.9 858207475.3 858209657.0 858208348.6 858207825.3 4.55160e-06 858207100.0 858209700.0 4.6 -78.5 6105727.0 10.0 858208580.6 1.51655e-06 -1.0 -1.00000e+00 -1.0 -1.00000e+00
859606520.8 6.2 859607306.0 859607776.2 859611888.8 859609588.2 859608668.0 1.51860e-06 859607300.0 859611900.0 36.5 70.7 10736010.0 213.0 859610289.8 1.51531e-06 -1.0 -1.00000e+00 -1.0 -1.00000e+00
855311738.9 6.0 855312444.0 855313000.6 855315973.3 855314158.5 855313432.6 2.73257e-06 855312400.0 855316000.0 35.9 -10.2 8468926.0 30.4 855312463.6 1.50376e-06 -1.0 -1.00000e+00 -1.0 -1.00000e+00
861211247.4 6.0 861212018.5 861212527.5 861216205.2 861214080.4 861213230.5 2.09159e-06 861212000.0 861216300.0 -13.9 166.7 9915527.0 42.7 861216222.0 1.50259e-06 861216300.0 1.35233e-06 861216230.9 8.30440e-06
849016922.8 6.3 849017820.6 849018254.6 849023458.5 849020657.5 849019537.1 2.81558e-06 849017800.0 849023500.0 -8.3 118.7 13071530.0 46.8 849018728.4 1.49508e-06 849018447.3 1.19871e-06 849020377.4 3.37410e-06
844423322.5 6.3 844424119.2 844424617.3 844428547.4 844426308.2 844425412.5 4.14571e-06 844424100.0 844428600.0 20.7 120.1 10449770.0 18.4 844424126.2 1.49359e-06 844424124.9 1.56263e-06 844427425.2 2.74422e-06
834091300.9 6.3 834092003.9 834092540.3 834095641.8 834093781.4 834093037.3 3.37334e-06 834092000.0 834095700.0 33.2 131.3 8681849.0 143.2 834092045.8 1.48300e-06 -1.0 -1.00000e+00 -1.0 -1.00000e+00
839364869.6 6.1 839365788.2 839366213.4 839371639.0 839368737.8 839367577.4 1.82409e-06 839365700.0 839371700.0 2.4 96.4 13538620.0 30.2 839370037.6 1.46956e-06 -1.0 -1.00000e+00 -1.0 -1.00000e+00
871355061.3 6.4 871355917.9 871356376.2 871361074.9 871358497.7 871357466.8 3.95409e-06 871355900.0 871361100.0 -5.3 129.5 12027220.0 42.4 871358644.2 1.45927e-06 871356232.1 7.53174e-07 871358119.9 5.96032e-06
819409659.7 6.1 819410248.7 819410513.7 819413018.7 819411579.1 819411003.3 2.21110e-06 819410200.0 819413100.0 -1.4 -77.6 6718032.0 193.0 819411043.6 1.45870e-06 819411042.0 1.57868e-06 819411815.9 2.12792e-06
871299355.7 6.0 871300037.0 871300597.5 871303364.5 871301646.4 871300959.2 2.91122e-06 871300000.0 871303400.0 -14.3 -76.2 8017509.0 31.8 871302141.1 1.43125e-06 -1.0 -1.00000e+00 -1.0 -1.00000e+00
847549274.7 6.1 847550106.0 847550528.7 847555388.3 847552768.2 847551720.2 5.46774e-07 847550100.0 847555400.0 -6.4 128.0 12227270.0 336.2 847551375.4 1.41019e-06 847552224.9 1.59056e-06 847554689.5 1.94394e-06
848980716.1 6.3 848981604.1 848982016.4 848987361.0 848984513.2 848983374.0 1.57938e-06 848981600.0 848987400.0 3.4 99.1 13289810.0 206.1 848983204.3 1.36980e-06 -1.0 -1.00000e+00 -1.0 -1.00000e+00
845542530.3 6.1 845543723.4 845543936.3 845551175.4 845547470.4 845545988.3 1.39972e-06 845543700.0 845551200.0 -45.8 96.1 17290280.0 10.0 845549380.1 1.35849e-06 -1.0 -1.00000e+00 -1.0 -1.00000e+00
835218916.7 6.3 835219775.7 835220233.4 835224953.0 835222366.0 835221331.2 3.22501e-06 835219700.0 835225000.0 -0.4 123.3 12072620.0 37.6 835222087.4 1.34102e-06 835220618.6 7.92238e-07 835222095.3 5.44730e-06
839721241.4 6.1 839721977.9 839722488.0 839725957.6 839723936.4 839723127.9 1.66909e-06 839721900.0 839726000.0 -21.4 -176.2 9432422.0 160.5 839722023.0 1.30996e-06 839721978.4 1.60683e-06 839722039.9 1.55436e-06
853111144.3 6.2 853112073.2 853112496.8 853118003.0 853115063.5 853113887.8 2.43087e-06 853112000.0 853118100.0 10.1 58.7 13717270.0 10.0 853114691.8 1.30770e-06 853114690.3 1.29244e-06 853114959.3 3.00626e-06
859517393.2 6.2 859518219.5 859518700.0 859522983.1 859520587.5 859519629.2 3.09486e-06 859518200.0 859523000.0 -45.4 -72.8 11179700.0 17.9 859520944.3 1.30309e-06 859520942.8 6.40667e-07 859520515.2 3.78303e-06
816707505.2 6.1 816708308.2 816708789.7 816712914.6 816710596.3 816709669.0 1.92099e-06 816708300.0 816713000.0 -5.2 145.2 10818690.0 87.8 816710400.0 1.30198e-06 816711939.2 1.00070e-06 816710231.8 4.22779e-06
860437502.8 6.0 860438440.1 860438858.9 860444467.0 860441482.4 860440288.5 1.53288e-06 860438400.0 860444500.0 -61.8 161.1 13928430.0 10.0 860442758.9 1.29769e-06 -1.0 -1.00000e+00 -1.0 -1.00000e+00
816622602.7 6.1 816623317.9 816623845.3 816627071.1 816625156.1 816624390.1 1.90807e-06 816623300.0 816627100.0 31.0 130.1 8936760.0 145.8 816623362.1 1.24081e-06 816623359.9 1.23197e-06 816623364.0 1.88277e-06
830051176.5 6.1 830052129.7 830052539.3 830058339.7 830055269.7 830054041.8 1.84090e-06 830052100.0 830058400.0 -57.6 148.0 14326350.0 10.0 830055164.9 1.21956e-06 -1.0 -1.00000e+00 -1.0 -1.00000e+00
874732575.3 6.2 874733329.9 874733784.0 874737834.7 874735580.7 874734679.1 6.99645e-07 874733300.0 874737900.0 -31.0 -180.0 10518790.0 417.5 874736089.6 1.21890e-06 -1.0 -1.00000e+00 -1.0 -1.00000e+00
855319543.2 6.1 855320376.3 855320852.6 855325220.7 855322787.5 855321814.2 2.43722e-06 855320300.0 855325300.0 5.4 126.5 11355020.0 19.0 855322454.2 1.19931e-06 855323820.4 1.08201e-06 855322460.8 2.39813e-06
860120684.0 6.0 860121376.1 860121840.0 860125405.4 860123381.9 860122572.6 1.37446e-07 860121300.0 860125500.0 -20.2 -178.1 9442805.0 607.7 860121871.5 1.19688e-06 860125395.0 1.37069e-06 860121897.4 1.65730e-06
858188558.5 6.2 858189405.8 858189873.1 858194422.4 858191909.3 858190904.1 2.84829e-06 858189400.0 858194500.0 1.1 126.3 11727710.0 23.1 858191784.0 1.16906e-06 858189677.8 9.22622e-07 858191675.9 4.84485e-06
843933809.1 6.3 843934576.4 843935065.2 843938897.0 843936716.5 843935844.3 2.53155e-06 843934500.0 843938900.0 -18.9 169.0 10175750.0 169.2 843934857.7 1.16865e-06 843934577.4 1.16357e-06 843935487.9 2.38863e-06
843442623.5 6.0 843443205.8 843443500.1 843445775.2 843444424.5 843443884.2 4.20854e-06 843443200.0 843445800.0 46.5 153.3 6303573.0 18.0 843445398.0 1.15714e-06 -1.0 -1.00000e+00 -1.0 -1.00000e+00
843570520.7 6.1 843571123.4 843571404.2 843573872.4 843572435.9 843571861.4 4.05960e-06 843571100.0 843573900.0 10.9 -61.7 6703476.0 55.4 843572764.5 1.15708e-06 -1.0 -1.00000e+00 -1.0 -1.00000e+00
870955534.5 6.0 870956298.0 870956811.8 870960404.4 870958317.3 870957482.4 2.13772e-06 870956200.0 870960500.0 -11.3 166.2 9739861.0 43.1 870958172.6 1.13960e-06 870956341.6 9.59885e-07 870958179.7 2.95215e-06
842900102.7 6.0 842901030.7 842901452.7 842906969.6 842904026.7 842902849.5 1.49359e-06 842901000.0 842907000.0 -9.1 110.3 13733770.0 19.4 842901105.0 1.12648e-06 842901103.6 1.22301e-06 842903984.9 1.92390e-06
827874899.8 6.2 827875734.9 827876205.3 827880645.5 827878183.0 827877198.1 2.69966e-06 827875700.0 827880700.0 3.8 126.5 11491280.0 43.6 827876540.0 1.12349e-06 -1.0 -1.00000e+00 -1.0 -1.00000e+00
875079441.0 6.0 875080359.0 875080784.0 875086207.3 875083307.5 875082147.6 1.42957e-06 875080300.0 875086300.0 2.9 95.5 13532550.0 32.6 875083825.5 1.12070e-06 -1.0 -1.00000e+00 -1.0 -1.00000e+00
853043321.5 6.0 853044132.8 853044606.4 853048860.2 853046486.5 853045537.0 1.32518e-06 853044100.0 853048900.0 -3.3 139.9 11077460.0 104.9 853045086.0 1.11421e-06 -1.0 -1.00000e+00 -1.0 -1.00000e+00
866679931.4 6.5 866680938.0 866681315.7 866687763.2 866684406.7 866683064.1 3.81893e-06 866680900.0 866687800.0 -55.6 -2.4 15663710.0 10.0 866681422.8 1.09116e-06 866681410.1 7.29336e-07 866686907.2 2.41574e-06
837186373.6 6.1 837187308.2 837187726.4 837193323.0 837190344.7 837189153.4 1.84602e-06 837187300.0 837193400.0 -9.4 108.3 13898930.0 19.1 837192025.5 1.03696e-06 837188219.0 5.68403e-07 837192030.2 2.57567e-06
842927558.6 6.0 842928273.2 842928726.4 842932519.8 842930393.6 842929543.1 1.45392e-07 842928200.0 842932600.0 -26.8 -63.1 9922418.0 583.0 842929522.0 1.03107e-06 842928273.8 1.65498e-06 842929523.4 1.30732e-06
833867922.1 6.1 833868609.4 833869082.9 833872547.2 833870565.0 833869772.1 2.88186e-07 833868600.0 833872600.0 -17.6 -178.7 9250282.0 565.7 833868793.9 1.02579e-06 833868734.8 9.49726e-07 833868795.5 1.49261e-06
829514221.8 6.2 829515146.7 829515569.5 829521058.5 829518128.5 829516956.5 2.31204e-06 829515100.0 829521100.0 2.6 93.2 13673350.0 23.9 829519699.9 1.02519e-06 829519699.3 1.75127e-06 829518382.7 4.63553e-06
830975224.2 6.0 830976427.5 830976639.3 830984368.1 830980449.3 830978881.8 1.01474e-06 830976400.0 830984400.0 -38.6 78.6 18287790.0 10.0 830981610.4 9.82320e-07 830981176.7 9.72383e-07 830980659.7 2.09651e-06
842520868.2 6.2 842521637.6 842522130.0 842525944.8 842523769.1 842522898.9 2.15482e-06 842521600.0 842526000.0 -31.8 -67.1 10153280.0 142.0 842521640.2 9.80479e-07 842521638.8 1.58124e-06 842523821.8 1.50749e-06
861174782.3 6.1 861175525.7 861175988.1 861179893.5 861177703.0 861176826.8 5.06900e-07 861175500.0 861179900.0 -3.6 151.4 10222460.0 407.8 861178829.8 9.59631e-07 861176716.0 9.09332e-07 861177636.1 1.19446e-06
869957746.0 6.2 869958562.2 869959048.7 869963209.3 869960867.9 869959931.3 3.19214e-06 869958500.0 869963300.0 -0.2 -17.8 10926450.0 17.6 869961978.4 9.56725e-07 869962282.8 4.36181e-07 869960974.7 2.23599e-06
830420270.0 6.1 830421032.7 830421530.7 830425254.8 830423118.5 830422263.9 1.74478e-06 830421000.0 830425300.0 -15.1 167.4 9969669.0 134.1 830424139.4 9.18020e-07 830423578.7 1.00894e-06 830422749.4 1.69737e-06
844502586.7 6.0 844503421.8 844503897.9 844508281.1 844505840.6 844504864.5 1.98876e-06 844503400.0 844508300.0 -56.1 -122.4 11388700.0 14.9 844505868.3 9.05079e-07 844503497.6 9.48275e-07 844505548.4 1.95679e-06
863465363.8 6.0 863466156.1 863466653.8 863470560.5 863468333.3 863467442.5 2.06416e-06 863466100.0 863470600.0 -30.8 -178.2 10393310.0 32.6 863468057.4 9.00991e-07 -1.0 -1.00000e+00 -1.0 -1.00000e+00
824702658.7 6.2 824703674.3 824704046.5 824710603.5 824707198.6 824705836.6 1.98202e-06 824703600.0 824710700.0 -54.6 1.6 15889560.0 10.0 824704156.5 8.97046e-07 824704155.1 9.18248e-07 824706980.7 1.62441e-06
874222085.2 6.0 874223012.3 874223431.0 874228975.3 874226022.4 874224841.2 1.35331e-06 874223000.0 874229000.0 -2.8 100.8 13780190.0 38.4 874227130.3 8.48805e-07 874227485.0 7.38548e-07 874226649.6 1.96168e-06
870480157.0 6.0 870480912.7 870481438.7 870484882.7 870482857.4 870482047.3 2.61635e-06 870480900.0 870484900.0 27.3 126.8 9451330.0 10.2 870483851.0 8.41662e-07 870483847.0 5.45451e-07 870484072.8 2.50522e-06
834596402.2 6.7 834597214.3 834597690.2 834601926.4 834599558.9 834598611.9 7.33638e-06 834597200.0 834602000.0 13.6 120.6 11048450.0 89.0 834601501.0 8.22799e-07 834599315.7 1.05060e-06 834600623.4 8.69863e-07
843668830.4 6.0 843669518.6 843670072.4 843672986.5 843671205.3 843670492.8 1.90605e-06 843669500.0 843673000.0 -15.6 -73.2 8312033.0 108.3 843669546.2 8.20950e-07 -1.0 -1.00000e+00 -1.0 -1.00000e+00
832085081.0 6.1 832085932.8 832086391.0 832091058.4 832088496.7 832087471.9 1.91142e-06 832085900.0 832091100.0 -0.3 124.9 11954950.0 58.5 832086790.6 8.00094e-07 832086765.3 7.58788e-07 832088263.6 2.21604e-06
833268710.9 6.0 833269408.7 833269871.3 833273482.2 833271437.4 833270619.4 1.46473e-07 833269400.0 833273500.0 -20.9 -178.6 9542476.0 592.0 833269600.5 7.84530e-07 -1.0 -1.00000e+00 -1.0 -1.00000e+00
864466579.9 6.0 864467430.9 864467895.8 864472491.7 864469958.1 864468944.6 1.80452e-06 864467400.0 864472500.0 -1.0 127.5 11823560.0 24.1 864470614.7 7.75013e-07 864467708.9 5.52852e-07 864470583.5 1.87887e-06
834715579.0 6.2 834716384.1 834716880.4 834720876.9 834718606.4 834717698.2 3.50327e-06 834716300.0 834720900.0 18.9 120.3 10595860.0 4.0 834719641.5 7.57850e-07 834719871.6 8.05256e-07 834719693.1 1.16099e-06
862321583.0 6.9 862322506.9 862322933.4 862328379.7 862325466.8 862324301.7 9.99268e-06 862322500.0 862328400.0 -0.5 100.3 13593430.0 10.0 862328074.7 7.56615e-07 862324139.7 6.81147e-07 -1.0 -1.00000e+00
873734971.2 6.0 873735897.2 873736314.4 873741865.5 873738910.8 873737728.9 1.27125e-06 873735800.0 873741900.0 -3.2 101.4 13788600.0 50.9 873736379.5 7.47103e-07 873736378.3 9.40860e-07 873737276.6 1.27357e-06
869059638.0 6.0 869060244.5 869060743.6 869063498.9 869061844.2 869061182.3 1.56791e-07 869060200.0 869063500.0 -8.1 -71.2 7721961.0 633.7 869060755.0 7.35357e-07 869060244.9 1.46917e-06 869061616.1 1.29698e-06
864435822.3 6.1 864436597.4 864437087.6 864440956.0 864438755.9 864437875.8 1.67750e-06 864436500.0 864441000.0 -4.6 151.9 10267440.0 134.3 864436602.6 6.86680e-07 864436601.4 9.02079e-07 864438896.3 1.56087e-06
862332775.0 6.9 862333698.7 862334125.3 862339569.3 862336657.5 862335492.7 9.99683e-06 862333600.0 862339600.0 -0.5 100.4 13588650.0 10.0 862334679.8 6.24182e-07 862334678.5 7.91083e-07 -1.0 -1.00000e+00
872167065.2 6.1 872167783.8 872168312.1 872171548.9 872169627.3 872168858.7 2.05171e-06 872167700.0 872171600.0 -17.5 -174.3 8967323.0 128.3 872167820.8 6.22908e-07 872167819.7 8.75317e-07 872169845.1 1.57850e-06
873175620.4 6.0 873176456.9 873176933.3 873181321.9 873178878.4 873177901.0 2.03390e-06 873176400.0 873181400.0 -56.2 -123.7 11402980.0 10.0 873178738.4 6.13346e-07 873180492.8 6.19905e-07 873180021.3 1.35907e-06
863630383.0 6.2 863631512.4 863631663.8 863639476.9 863635579.5 863634020.6 1.32859e-07 863631500.0 863639500.0 -58.0 79.9 18187770.0 650.0 863633111.4 6.01123e-07 863633110.2 5.42913e-07 863637780.9 2.06390e-06
868253043.7 6.1 868253684.2 868254209.6 868256804.6 868255192.8 868254548.1 2.30121e-06 868253600.0 868256900.0 -7.9 -74.3 7521801.0 152.4 868255383.2 5.74193e-07 868253685.4 7.73635e-07 868255413.7 1.13660e-06
862571730.3 6.0 862572544.2 862573033.8 862577149.9 862574827.2 862573898.1 2.18008e-06 862572500.0 862577200.0 -44.9 -80.5 10839140.0 10.0 862574719.1 5.43265e-07 -1.0 -1.00000e+00 -1.0 -1.00000e+00
862461876.0 6.9 862462799.7 862463226.3 862468670.3 862465758.5 862464593.7 9.99683e-06 862462700.0 862468700.0 -0.5 100.4 13588650.0 10.0 862468508.7 5.03117e-07 -1.0 -1.00000e+00 -1.0 -1.00000e+00
871036057.0 6.1 871037004.5 871037417.4 871043148.1 871040109.1 871038893.5 1.86748e-06 871037000.0 871043200.0 -60.5 153.9 14182260.0 10.0 871040320.3 4.98004e-07 871039661.9 4.28221e-07 871040997.7 1.53012e-06
862465021.0 6.5 862465946.0 862466373.4 862471816.1 862468903.9 862467739.0 4.67265e-06 862465900.0 862471900.0 -0.5 100.4 13590170.0 3.0 862471339.3 4.84423e-07 -1.0 -1.00000e+00 -1.0 -1.00000e+00
841866396.5 6.5 841867217.6 841867704.8 841871888.8 841869534.9 841868593.4 6.12290e-06 841867200.0 841871900.0 13.5 121.7 10984600.0 1.0 841869586.7 4.72935e-07 841869044.4 6.40657e-07 841867211.3 1.20361e-06
841810406.7 6.3 841811240.4 841811624.6 841816846.4 841814086.5 841812982.6 4.47369e-07 841811200.0 841816900.0 -7.3 120.1 12879320.0 579.1 841812387.9 4.66993e-07 841812162.6 3.90047e-07 841813837.7 1.31353e-06
835008806.9 6.0 835009399.5 835009676.2 835012119.9 835010700.1 835010132.1 2.56304e-06 835009300.0 835012200.0 45.4 149.3 6626013.0 106.1 835010061.3 4.57650e-07 835009430.9 6.61653e-07 835010091.5 9.24122e-07
864319503.0 6.4 864320335.9 864320736.9 864325803.0 864323103.0 864322023.0 9.91013e-07 864320300.0 864325900.0 -2.3 118.2 12599920.0 468.0 864323651.3 4.48139e-07 864325530.4 5.85267e-07 864320926.3 1.40033e-06
866931798.3 6.0 866932737.0 866933153.1 866938797.6 866935797.9 866934598.0 1.46139e-06 866932700.0 866938800.0 -10.5 108.2 13998530.0 18.2 866933056.3 4.35532e-07 -1.0 -1.00000e+00 -1.0 -1.00000e+00
863801734.0 7.5 863802552.7 863803041.3 863807195.7 863804855.0 863803918.7 3.86671e-05 863802500.0 863807200.0 13.7 122.4 10923380.0 0.0 863805549.9 4.32572e-07 863806533.2 4.92766e-07 -1.0 -1.00000e+00
834053118.3 6.5 834053926.4 834054420.4 834058457.7 834056169.4 834055254.1 6.24998e-06 834053900.0 834058500.0 17.4 121.2 10678930.0 6.0 834058141.0 4.03371e-07 -1.0 -1.00000e+00 -1.0 -1.00000e+00
833503845.5 8.0 833504641.8 833505121.0 833509224.2 833506919.1 833505997.0 8.84859e-05 833504600.0 833509300.0 18.0 119.1 10757420.0 124.0 833506073.6 3.28161e-07 833504662.9 3.08214e-07 833507051.1 7.80005e-07
833223436.9 8.4 833224238.6 833224734.9 833228711.6 833226451.0 833225546.8 1.90067e-04 833224200.0 833228800.0 19.1 120.9 10549290.0 13.0 833226314.1 3.01464e-07 833227354.4 5.75929e-07 -1.0 -1.00000e+00
