    1129885799.6         1129886582.9         9.03589e-06               1           
    1133509823.6         1133510622.0         3.24587e-05               1           
    1133509824.5         1133510622.0         3.24587e-05               1           
    1133509823.0         1133510622.2         3.24587e-05               1           
    1133691727.4         1133692581.2         2.87996e-06               1           
    1133691725.5         1133692581.1         2.87996e-06               1           
    1131483108.0         1131483843.0         5.08451e-06               1           
    1136777150.6         1136777788.7         1.78718e-06               1           
    1136777150.0         1136777788.1         1.78718e-06               1           
    1131779424.3         1131780193.4         2.35823e-06               1           
    1130643872.2         1130644755.6         4.82887e-07               1           
    1136565504.1         1136566341.0         1.80792e-06               1           
    1136565502.9         1136566341.0         1.80792e-06               1           
    1136565502.0         1136566340.1         1.80792e-06               1           
    1136567301.0         1136567913.6          1.5811e-06               1           
    1135021460.1         1135022294.3         3.37411e-07               1           
    1132131989.1         1132132847.6         4.55816e-08               1           
    1128560324.2         1128561157.0         3.89567e-07               1           
    1133701098.8         1133701859.6         3.16256e-07               1           
    1132131990.5         1132132847.1         4.55816e-08               1           
    1136777145.3         1136777831.9         1.88033e-06               1           
    1132406512.8         1132407181.9         6.47105e-08               0           
    1129608275.1         1129609478.0          8.1566e-08               0           
    1127338852.4         1127339700.4         1.66748e-07               1           
    1134526270.3         1134527054.2         1.95576e-07               1           
    1136627128.6         1136628331.9         7.36029e-08               0           
    1129885789.0         1129886575.2         9.03589e-06               1           
    1127888832.8         1127889599.3         2.22044e-07               1           
    1136699779.2         1136700474.5          1.0285e-07               1           
    1136627128.4         1136628331.8         7.36029e-08               0           
    1135033875.2         1135034730.5         1.32622e-08               1           
    1134924926.9         1134925934.4          1.0365e-07               0           
    1134588322.5         1134589089.6          1.2342e-07               1           
    1133024922.1         1133025650.6         2.81185e-07               1           
    1131669590.5         1131670064.9         4.25311e-07               1           
    1131320196.2         1131321051.0         1.20437e-08               1           
    1130100417.3         1130101167.8         6.73375e-07               1           
    1129820354.7         1129821144.3         1.02029e-07               1           
    1127887439.1         1127888233.6         2.08354e-07               1           
    1137176675.4         1137177451.7         1.80968e-07               1           
    1136804675.0         1136805408.6         1.98882e-07               1           
    1134924926.5         1134925933.8          1.0365e-07               0           
    1134588322.6         1134589089.6          1.2342e-07               1           
    1136664316.7         1136665098.6         1.51093e-08               1           
    1135743756.7         1135744371.5         9.47844e-08               0           
    1133784331.7         1133785294.3         1.14675e-07               0           
    1132513078.6         1132513923.5          5.1704e-08               0           
    1131010514.3         1131011428.8         4.70388e-07               0           
    1131005634.4         1131006335.6         2.28826e-08               0           
    1129368565.8         1129369247.0         1.58084e-08               0           
    1127137755.5         1127137873.7         4.36046e-06               1           
    1126688846.5         1126689617.6          1.4858e-07               1           
    1136664316.0         1136665097.9         1.51093e-08               1           
    1136463139.4         1136463994.9         1.46752e-07               1           
    1133614584.4         1133615354.4         7.43366e-08               0           
    1133456986.3         1133457677.5         1.90961e-08               0           
    1132724697.1         1132725466.8          1.1119e-07               1           
    1132714284.8         1132714900.9         1.98065e-08               1           
    1132660004.2         1132660472.0         1.09139e-07               0           
    1132346498.5         1132346900.7         6.39242e-07               1           
    1131816593.3         1131817383.1         2.53712e-07               1           
    1131429874.2         1131430655.9         2.78389e-07               1           
    1131258410.7         1131258992.4         3.78401e-07               1           
    1129139556.9         1129140359.2         1.27354e-08               1           
    1128672318.6         1128673159.4         5.28266e-08               0           
    1128654936.2         1128655708.1         6.49206e-08               0           
    1137204824.2         1137205608.6         4.22633e-08               1           
    1137021766.0         1137022630.5         8.31235e-08               1           
    1136812506.2         1136813322.8         5.15982e-08               1           
    1136804675.8         1136805409.3         1.98882e-07               1           
    1134572633.0         1134573566.2         1.70547e-08               1           
    1133998391.9         1133999177.6         3.93252e-08               0           
    1133741389.8         1133742179.5         1.55213e-07               1           
    1132949962.3         1132950972.4         1.53831e-08               1           
    1131091986.6         1131092891.9         4.41424e-08               1           
    1130776375.8         1130777166.4         1.00554e-07               1           
    1129743096.4         1129743857.3         1.65467e-08               0           
    1127965806.5         1127966576.8         2.62005e-08               0           
    1127357790.7         1127358645.5         2.36901e-08               1           
    1136808946.5         1136809864.2          4.9586e-08               1           
    1131091983.0         1131092892.1         4.41424e-08               1           
    1136383974.1         1136384716.0         1.95502e-08               0           
    1135632595.9         1135633387.0         3.21923e-08               0           
    1135140212.2         1135141413.3         9.73941e-09               0           
    1134024146.1         1134025002.7         1.21026e-07               1           
    1133705658.4         1133706515.4         1.55231e-07               1           
    1133488045.5         1133488834.1         1.23063e-08               1           
    1133466712.5         1133467480.8         1.37321e-07               1           
    1132785187.3         1132786023.8         1.34232e-08               0           
    1132757256.3         1132758184.1         1.00609e-08               0           
    1132751515.8         1132752422.1         2.85121e-08               0           
    1132648458.6         1132649298.8         2.30914e-08               1           
    1131452514.0         1131453241.5         1.50194e-07               1           
    1130384944.5         1130385586.9         1.46434e-07               1           
    1129979115.4         1129980299.7         7.18026e-09               0           
    1129336631.5         1129337379.0         1.13287e-08               1           
    1128938865.1         1128939466.5         1.90157e-08               1           
    1128220238.6         1128220789.6         1.34516e-07               1           
    1127060334.9         1127061271.1          3.7073e-08               1           
    1126686701.6         1126687470.4         5.41954e-08               0           
    1137122455.8         1137122920.8         7.37633e-08               1           
    1136586013.3         1136586728.4         2.06099e-08               1           
    1136121552.6         1136121984.1         3.43679e-07               1           
    1136091553.4         1136092385.9         2.40196e-08               1           
    1135264806.1         1135265535.4          2.2437e-08               1           
    1134391460.2         1134392259.8         9.78674e-09               0           
    1134006754.7         1134007334.3         1.18395e-07               1           
    1134006442.4         1134007280.8         1.14658e-07               1           
    1133703193.1         1133703882.9          3.9034e-07               1           
    1133699968.2         1133700822.6         3.21516e-07               1           
    1133191765.5         1133192549.5           1.26e-08                1           
    1133086126.0         1133086906.8         1.57474e-08               1           
    1132929941.3         1132930676.9         1.35153e-08               1           
    1131293524.3         1131294236.2         2.62094e-08               0           
    1131212920.1         1131213651.0         2.12172e-07               1           
    1131079604.7         1131080341.9         1.31422e-08               0           
    1130807413.5         1130807801.4         1.40586e-07               0           
    1130659950.9         1130660873.0         1.46487e-08               1           
    1130644279.6         1130645164.3         4.59879e-07               1           
    1130122185.0         1130122627.3         1.03845e-08               1           
    1129983338.3         1129984522.0         7.84938e-09               0           
    1129511847.3         1129512771.1         1.29652e-08               1           
    1127693117.8         1127694050.3         2.70042e-08               1           
    1126948969.4         1126949722.2         1.44985e-08               1           
    1126686892.6         1126687690.3         1.67267e-07               0           
    1137257680.8         1137258474.6         9.56928e-08               1           
    1137204142.4         1137205063.6         4.33975e-08               1           
    1136121552.5         1136121983.9         3.43679e-07               1           
    1134944915.5         1134945646.2         7.24355e-08               1           
    1136006927.2         1136007772.4         1.43089e-08               1           
    1135953390.9         1135954191.9         7.69357e-09               1           
    1135162870.0         1135163658.9          8.2089e-09               1           
    1134944917.0         1134945646.3         7.24355e-08               1           
    1134162738.8         1134163114.5         1.72899e-08               1           
    1133698001.2         1133698856.5         3.22224e-07               1           
    1133694946.2         1133695801.2         6.46064e-07               1           
    1133492096.7         1133492830.7         1.94653e-08               1           
    1133146971.5         1133147708.7         1.37425e-08               1           
    1132753180.3         1132754011.5         2.64729e-08               0           
    1131976201.7         1131977055.9         1.21719e-08               0           
    1130972051.4         1130972894.4         1.25712e-08               1           
    1130723979.4         1130724484.3         4.11577e-08               1           
    1130517424.7         1130518278.3         8.55297e-08               0           
    1130468665.3         1130469348.7         2.44997e-08               0           
    1130239620.4         1130240444.0         1.56111e-07               0           
    1129819689.0         1129820070.9         6.72305e-08               1           
    1129509165.4         1129510362.1         1.41563e-08               1           
    1128669822.8         1128670743.7         6.06568e-08               0           
    1128659757.8         1128660315.1         1.64235e-08               0           
    1127836330.3         1127837170.2         2.05883e-08               1           
    1127576133.8         1127576924.7         2.10171e-07               1           
    1127551627.6         1127552274.4         1.12963e-08               0           
    1126619494.0         1126620265.6         8.59468e-09               0           
    1137208939.4         1137209721.5         2.18523e-08               1           
    1137180127.2         1137180972.0          4.3073e-08               1           
    1137079820.5         1137080665.1         3.27781e-08               1           
    1137054640.7         1137055131.8         1.11021e-07               1           
    1137005690.7         1137006610.0         9.62086e-08               1           
    1136998697.7         1136999216.1         4.26314e-08               1           
    1136752515.8         1136753323.4         2.65648e-08               1           
    1136636859.5         1136637698.3         8.32843e-09               0           
    1136627220.2         1136628423.6         7.37355e-08               0           
    1135953390.5         1135954191.9         7.69357e-09               1           
    1136636865.3         1136637697.2         8.32843e-09               0           
    1136199048.9         1136199874.4         2.03943e-08               0           
    1135365872.5         1135366684.3         9.03127e-09               1           
    1135064647.0         1135065411.3         9.07424e-09               0           
    1135023539.7         1135024328.9         8.96894e-06               1           
    1134920230.5         1134921026.8         4.65748e-08               0           
    1134234522.1         1134235475.1         2.87855e-07               1           
    1134021217.0         1134021887.2         1.14855e-07               1           
    1133839265.8         1133840194.6         1.08354e-07               1           
    1133795023.4         1133795784.2         1.63756e-08               0           
    1133188290.1         1133189075.8         9.25247e-09               1           
    1132066257.3         1132067103.8         8.84122e-09               0           
    1131784437.8         1131785207.3         1.14153e-07               1           
    1131454495.4         1131455223.8         1.21513e-07               1           
    1131112673.4         1131113475.6         2.09682e-08               0           
    1131061680.7         1131062621.6         2.20124e-08               0           
    1130660114.8         1130660999.4         1.45311e-08               1           
    1130470520.5         1130470999.3         2.31772e-08               0           
    1130236037.8         1130236884.0         1.04865e-07               0           
    1130210338.9         1130211255.2         8.46898e-09               1           
    1129900335.8         1129901024.1         4.86748e-08               1           
    1129889363.0         1129890296.3         2.44683e-06               1           
    1128826044.8         1128826876.0         1.48968e-08               0           
    1128497484.6         1128498241.1         6.14512e-08               0           
    1127703009.9         1127703942.6         1.64166e-08               1           
    1126764438.2         1126765212.7         1.31683e-08               1           
    1126658931.4         1126659767.8         2.86682e-08               0           
    1137159855.0         1137160643.3         1.94488e-08               1           
    1137093933.8         1137095137.1         3.24866e-08               1           
    1137019103.5         1137019892.5         7.73952e-08               1           
    1136854625.0         1136855572.9         3.75358e-08               1           
    1136785196.7         1136785907.6         3.35382e-08               1           
    1136777915.1         1136778788.4         2.06351e-06               1           
    1136755111.5         1136755886.0         5.46013e-08               1           
    1136744960.9         1136745710.5         9.32365e-09               1           
    1136699267.8         1136700205.5         1.08854e-07               1           
    1136199048.4         1136199874.3         2.03943e-08               0           
    1136170372.7         1136170789.3         1.56719e-08               0           
    1131112673.9         1131113475.5         2.09682e-08               0           
    1127316923.0         1127317759.4         7.83902e-08               0           
    1127234249.0         1127235097.2          1.6747e-08               1           
    1126569317.7         1126570093.1         1.72296e-08               0           
    1136498874.7         1136499636.1         9.25781e-09               1           
    1136468031.3         1136468804.7         1.48296e-08               1           
    1136279246.5         1136280030.7         3.55229e-08               0           
    1136216460.1         1136217268.9         2.32445e-08               1           
    1136170370.0         1136170788.6         1.56719e-08               0           
    1135635754.3         1135636161.8         1.98078e-08               0           
    1135481152.3         1135481600.2         1.05583e-08               0           
    1135479533.5         1135480269.9         1.18272e-08               0           
    1135187905.2         1135188680.3          8.6576e-09               1           
    1134922688.6         1134923295.5          4.6491e-08               0           
    1134900546.8         1134901331.1         4.79295e-08               0           
    1134888219.0         1134888776.9         6.44516e-08               1           
    1134736649.3         1134737364.7          2.157e-08                0           
    1134684291.9         1134685073.1         2.89882e-08               1           
    1134236947.2         1134237899.2          5.143e-07                1           
    1134168994.2         1134169779.5         2.14963e-08               0           
    1133808948.9         1133809781.7          1.4001e-07               1           
    1133698656.5         1133699510.9         2.60374e-07               1           
    1133464614.0         1133465589.6         1.38205e-07               1           
    1133193332.1         1133194065.4         1.30104e-08               1           
    1132789674.1         1132790174.7         1.64154e-08               0           
    1132674419.8         1132675334.3         7.57186e-09               0           
    1132659651.3         1132660467.7         1.27812e-07               0           
    1132485799.0         1132486623.3          5.7748e-08               0           
    1132391673.0         1132392444.2          6.4956e-09               0           
    1132241664.9         1132242626.9         1.57481e-08               1           
    1132215092.8         1132215503.7         7.06441e-09               1           
    1131799880.6         1131800728.2         1.44266e-07               1           
    1131707085.6         1131708283.1         1.07059e-08               0           
    1131599532.1         1131600295.7         2.65133e-08               0           
    1131432906.1         1131433548.2         1.02092e-07               1           
    1131148471.4         1131148875.9         1.57513e-08               0           
    1130898640.3         1130899465.5         1.56851e-08               0           
    1130876059.6         1130876474.7          3.1301e-08               1           
    1130781791.0         1130782442.6         7.92645e-08               1           
    1130775870.9         1130776754.0         1.03123e-07               1           
    1130656009.0         1130656802.8         6.62013e-09               1           
    1130506853.2         1130507678.0         8.05336e-09               1           
    1130224718.9         1130225635.8         1.02761e-07               0           
    1130223554.3         1130224358.7         1.22193e-07               0           
    1129986922.0         1129987773.6         7.94573e-09               0           
    1129905555.3         1129906264.5         2.72347e-08               1           
    1129535446.9         1129536643.7         9.11567e-09               0           
    1129370791.0         1129371558.9         1.72766e-08               0           
    1128655909.3         1128656681.4         6.42315e-08               0           
    1128393230.9         1128394189.8         2.66564e-08               1           
    1128225050.4         1128225840.9         5.40273e-09               1           
    1128042592.4         1128043403.6         7.04123e-09               1           
    1127880866.7         1127881671.1         7.35301e-08               1           
    1127574150.9         1127574536.9          2.441e-07                1           
    1127291309.0         1127292305.2         2.42408e-08               0           
    1127069288.3         1127070102.6         4.12856e-08               0           
    1126911975.0         1126912771.6         1.66482e-08               1           
    1126870584.7         1126871538.0         2.14203e-08               0           
    1126753339.0         1126754107.0         1.22658e-08               1           
    1126657701.3         1126658494.2         2.83013e-08               0           
    1126585459.1         1126586233.8         2.30302e-08               0           
    1137276264.3         1137277091.2         2.65038e-07               1           
    1137085555.4         1137086307.5         2.82773e-08               1           
    1137079736.0         1137080464.9          3.0183e-08               1           
    1136954173.9         1136955067.6         1.66327e-08               1           
    1136756274.0         1136757072.1         6.30303e-08               1           
    1136706777.8         1136707582.1         9.90491e-09               1           
    1136656950.9         1136657902.9         4.33364e-07               1           
    1136498873.8         1136499635.2         9.25781e-09               1           
    1136482866.5         1136483650.6          1.3216e-08               1           
    1136468032.8         1136468804.6         1.48296e-08               1           
    1136299545.8         1136300250.8         3.35394e-08               0           
    1136294961.0         1136295884.4         2.68035e-08               0           
    1136279246.5         1136280030.0         3.55229e-08               0           
    1135635809.0         1135636812.3         3.82166e-08               0           
    1135481151.0         1135481599.8         1.10049e-08               0           
    1127060385.0         1127061582.6         5.87492e-08               1           
