    1129885799.6         1129886582.9         4.33059e-05          4.47480e-05          3.28596e-04              7.5              1.073853e+07            231.0                  1           
    1133509823.6         1133510622.0         0.000104274          3.55572e-05          3.36327e-04              7.2              1.051968e+07             26.0                  1           
    1133509824.5         1133510622.0         0.000104274          3.55572e-05          3.36327e-04              7.2              1.052325e+07             33.0                  1           
    1133509823.0         1133510622.2         0.000104274          3.55572e-05          3.36327e-04              7.2              1.052470e+07             22.0                  1           
    1133691727.4         1133692581.2         1.31453e-05          4.01817e-06          6.43352e-05              6.9              1.193119e+07             33.9                  1           
    1133691725.5         1133692581.1         1.31453e-05          4.01817e-06          6.43352e-05              6.9              1.192797e+07             21.0                  1           
    1131483108.0         1131483843.0         2.50049e-05          1.19687e-05          6.82168e-05              6.7              9.013333e+06             12.0                  1           
    1136777150.6         1136777788.7         1.12026e-05          3.57850e-06          5.03298e-05              6.7              7.275463e+06             46.0                  1           
    1136777150.0         1136777788.1         1.12026e-05          3.57850e-06          5.03298e-05              6.7              7.275694e+06             46.0                  1           
    1131779424.3         1131780193.4         1.05785e-05          4.21510e-06          3.43014e-05              6.5              9.760668e+06             11.0                  1           
    1130643872.2         1130644755.6         3.86305e-06          1.40136e-06          2.05540e-05              6.5              1.261926e+07             20.0                  1           
    1136565504.1         1136566341.0         9.21869e-06          3.59138e-06          2.81459e-05              6.5              1.145885e+07             20.8                  1           
    1136565502.9         1136566341.0         9.21869e-06          3.59138e-06          2.81459e-05              6.5              1.145644e+07             13.0                  1           
    1136565502.0         1136566340.1         9.21869e-06          3.59138e-06          2.81459e-05              6.5              1.145630e+07             13.0                  1           
    1136567301.0         1136567913.6          9.2187e-06          3.59138e-06          2.77001e-05              6.2              7.196065e+06            239.9                  1           
    1135021460.1         1135022294.3          7.0733e-06          8.06618e-06          8.44918e-06              6.2              1.135412e+07             12.3                  1           
    1132131989.1         1132132847.6         1.08866e-06          1.11575e-06          2.90492e-06              6.1              1.214902e+07             67.3                  1           
    1128560324.2         1128561157.0          3.373e-06           2.10094e-06          6.72894e-06              6.1              1.131057e+07             10.0                  1           
    1133701098.8         1133701859.6          4.0589e-06          2.56003e-06          1.07423e-05              6.1              9.567181e+06             10.0                  1           
    1132131990.5         1132132847.1         1.08866e-06          1.11575e-06          2.90492e-06              6.1              1.214336e+07             82.0                  1           
    1136777145.3         1136777831.9         1.12026e-05          3.58497e-06          5.02476e-05              6.1              9.267814e+06            582.6                  1           
    1132406512.8         1132407181.9         1.95588e-06          1.96698e-06          1.53038e-06              6.0              8.889856e+06            586.2                  0           
    1129608275.1         1129609478.0         1.68058e-06          1.78244e-06          2.75341e-06              6.0              1.823179e+07             10.0                  0           
    1127338852.4         1127339700.4         9.83604e-07          6.35589e-07          3.14585e-06              6.0              1.169234e+07             10.0                  1           
    1134526270.3         1134527054.2         2.19293e-06          1.88763e-06          6.23931e-06              6.0              1.010506e+07             10.0                  1           
    1136627128.6         1136628331.9         2.66603e-06          1.93956e-06          3.03435e-06              5.9              1.828618e+07             10.0                  0           
    1129885789.0         1129886575.2         4.33059e-05          4.47480e-05          3.28596e-04              5.9              1.074244e+07            206.9                  1           
    1127888832.8         1127889599.3         1.39427e-06          1.49471e-06          3.74027e-06              5.9              9.793989e+06             38.0                  1           
    1136699779.2         1136700474.5         2.34969e-06          2.38796e-06          1.80147e-06              5.9              8.791919e+06            263.0                  1           
    1136627128.4         1136628331.8         2.66603e-06          1.93956e-06          3.03435e-06              5.9              1.829406e+07             10.0                  0           
    1135033875.2         1135034730.5         2.23106e-06          2.36871e-06          2.78326e-06              5.8              1.222123e+07            119.0                  1           
    1134924926.9         1134925934.4         5.44168e-06          5.07343e-06          4.73406e-06              5.8              1.568591e+07             10.0                  0           
    1134588322.5         1134589089.6         2.34584e-06          2.31831e-06          2.38247e-06              5.8              9.834336e+06             47.6                  1           
    1133024922.1         1133025650.6         1.60661e-06          1.42789e-06          1.71581e-06              5.8              8.871344e+06             10.0                  1           
    1131669590.5         1131670064.9         2.37202e-06          2.67235e-06          4.80500e-06              5.8              4.706372e+06             6.7                   1           
    1131320196.2         1131321051.0         1.62571e-06          1.78927e-06          2.11077e-06              5.8              1.222732e+07            126.0                  1           
    1130100417.3         1130101167.8         1.55212e-06          1.34780e-06          2.20362e-06              5.8              9.699544e+06            141.0                  1           
    1129820354.7         1129821144.3          1.601e-06           1.86255e-06          1.63986e-06              5.8              1.024469e+07             10.0                  1           
    1127887439.1         1127888233.6         1.39427e-06          1.49472e-06          3.71895e-06              5.8              1.038032e+07             14.5                  1           
    1137176675.4         1137177451.7         2.92189e-06          2.33720e-06          4.32159e-06              5.8              9.914048e+06             7.0                   1           
    1136804675.0         1136805408.6         2.56681e-06          1.88568e-06          4.82521e-06              5.8              8.977082e+06             10.0                  1           
    1134924926.5         1134925933.8         5.44168e-06          5.07343e-06          4.73406e-06              5.8              1.568251e+07             10.0                  0           
    1134588322.6         1134589089.6         2.34584e-06          2.31831e-06          2.38247e-06              5.8              9.835035e+06             48.3                  1           
    1136664316.7         1136665098.6         1.92002e-06          1.77892e-06          2.19010e-06              5.7              1.072701e+07            239.0                  1           
    1135743756.7         1135744371.5          1.2121e-06          1.15526e-06          1.03768e-06              5.7              7.798104e+06            583.1                  0           
    1133784331.7         1133785294.3         3.65922e-06          3.77536e-06          5.75408e-06              5.7              1.455991e+07             10.0                  0           
    1132513078.6         1132513923.5         1.47725e-06          1.71000e-06          1.58844e-06              5.7              1.170532e+07             33.2                  0           
    1131010514.3         1131011428.8         3.15954e-06          2.97015e-06          4.08416e-06              5.7              1.355561e+07             69.0                  0           
    1131005634.4         1131006335.6         3.06948e-06          3.06978e-06          5.64173e-06              5.7              8.683999e+06            159.9                  0           
    1129368565.8         1129369247.0         9.43689e-07          9.64957e-07          8.73491e-07              5.7              8.592980e+06            304.0                  0           
    1127137755.5         1127137873.7         4.93229e-05          3.35173e-05          8.81588e-05              5.7              9.048801e+05             10.0                  1           
    1126688846.5         1126689617.6          7.6741e-07          1.29286e-06          2.33639e-06              5.7              9.868118e+06             28.0                  1           
    1136664316.0         1136665097.9         1.92002e-06          1.77892e-06          2.19010e-06              5.7              1.072505e+07            239.0                  1           
    1136463139.4         1136463994.9          2.1313e-06          1.88819e-06          2.45561e-06              5.6              1.185492e+07             4.0                   1           
    1133614584.4         1133615354.4         1.79042e-06          1.89846e-06          2.12214e-06              5.6              9.832560e+06             25.0                  0           
    1133456986.3         1133457677.5         4.28909e-06          3.79351e-06          4.92239e-06              5.6              9.298623e+06            547.0                  0           
    1132724697.1         1132725466.8          1.1769e-06          9.83772e-07          1.52510e-06              5.6              9.771007e+06             10.0                  1           
    1132714284.8         1132714900.9         8.33348e-07          9.01415e-07          8.83945e-07              5.6              6.945666e+06             69.0                  1           
    1132660004.2         1132660472.0         9.80752e-07          9.76142e-07          1.34402e-06              5.6              4.695458e+06             52.0                  0           
    1132346498.5         1132346900.7         4.35371e-06          3.89908e-06          9.42809e-06              5.6              3.803147e+06             34.0                  1           
    1131816593.3         1131817383.1         2.73938e-06          3.20074e-06          3.12101e-06              5.6              1.028152e+07             18.0                  1           
    1131429874.2         1131430655.9         3.52372e-06          2.61462e-06          5.31209e-06              5.6              1.011885e+07             27.0                  1           
    1131258410.7         1131258992.4          1.7608e-06          1.21196e-06          4.83630e-06              5.6              6.273995e+06             10.0                  1           
    1129139556.9         1129140359.2         4.31722e-07          5.30351e-07          5.76853e-07              5.6              1.055090e+07             10.1                  1           
    1128672318.6         1128673159.4         2.38533e-06          2.15681e-06          3.25171e-06              5.6              1.156185e+07             22.0                  0           
    1128654936.2         1128655708.1         1.59079e-06          1.58054e-06          2.45179e-06              5.6              9.864880e+06             21.0                  0           
    1137204824.2         1137205608.6         2.18018e-06          2.10329e-06          2.33284e-06              5.6              1.018465e+07             27.1                  1           
    1137021766.0         1137022630.5         3.67533e-06          2.59459e-06          3.89009e-06              5.6              1.207817e+07             4.1                   1           
    1136812506.2         1136813322.8         1.66712e-06          1.90317e-06          1.49403e-06              5.6              1.100367e+07             35.0                  1           
    1136804675.8         1136805409.3         2.56681e-06          1.88568e-06          4.82521e-06              5.6              8.976882e+06             10.0                  1           
    1134572633.0         1134573566.2         2.59413e-06          2.49207e-06          3.30123e-06              5.5              1.389147e+07             27.0                  1           
    1133998391.9         1133999177.6         3.01538e-06          3.16593e-06          2.41755e-06              5.5              1.015174e+07             10.0                  0           
    1133741389.8         1133742179.5         2.65624e-06          2.83680e-06          3.69644e-06              5.5              1.024676e+07             10.0                  1           
    1132949962.3         1132950972.4         1.70183e-06          1.50386e-06          2.22803e-06              5.5              1.575157e+07             10.0                  1           
    1131091986.6         1131092891.9         2.23238e-06          2.28246e-06          3.68446e-06              5.5              1.322466e+07             35.0                  1           
    1130776375.8         1130777166.4         6.63613e-07          6.90936e-07          9.01960e-07              5.5              1.027049e+07             10.0                  1           
    1129743096.4         1129743857.3         7.39952e-07          9.46848e-07          8.11982e-07              5.5              1.041173e+07            313.7                  0           
    1127965806.5         1127966576.8         8.47691e-07          1.01563e-06          1.19603e-06              5.5              9.767845e+06             5.9                   0           
    1127357790.7         1127358645.5         3.95832e-07          5.51560e-07          4.85389e-07              5.5              1.217075e+07            107.0                  1           
    1136808946.5         1136809864.2         1.71578e-06          1.96644e-06          1.93991e-06              5.5              1.343818e+07             10.0                  1           
    1131091983.0         1131092892.1         2.23238e-06          2.28246e-06          3.68446e-06              5.5              1.322222e+07             10.0                  1           
    1136383974.1         1136384716.0         1.38019e-06          1.58078e-06          1.46626e-06              5.4              9.240562e+06             37.5                  0           
    1135632595.9         1135633387.0         1.41807e-06          1.41406e-06          1.57249e-06              5.4              1.034867e+07             27.3                  0           
    1135140212.2         1135141413.3         1.54362e-06          1.69692e-06          1.29199e-06              5.4              1.803470e+07             10.0                  0           
    1134024146.1         1134025002.7         3.85322e-06          3.45571e-06          5.39382e-06              5.4              1.212661e+07             76.8                  1           
    1133705658.4         1133706515.4          3.1133e-06          3.12707e-06          5.03543e-06              5.4              1.191689e+07             10.0                  1           
    1133488045.5         1133488834.1         3.91716e-06          4.11875e-06          5.61108e-06              5.4              1.030572e+07             32.5                  1           
    1133466712.5         1133467480.8          3.3344e-06          2.99971e-06          1.28391e-06              5.4              9.839292e+06             38.9                  1           
    1132785187.3         1132786023.8         1.02249e-06          1.03558e-06          1.12499e-06              5.4              1.146037e+07             23.8                  0           
    1132757256.3         1132758184.1         1.00999e-06          1.07083e-06          1.27851e-06              5.4              1.383555e+07             50.5                  0           
    1132751515.8         1132752422.1         1.06014e-06          1.15084e-06          9.39809e-07              5.4              1.315113e+07             10.0                  0           
    1132648458.6         1132649298.8         1.08496e-06          1.02956e-06          1.39386e-06              5.4              1.160696e+07             39.4                  1           
    1131452514.0         1131453241.5         4.16019e-06          3.76304e-06          7.19816e-06              5.4              8.870092e+06             16.0                  1           
    1130384944.5         1130385586.9          1.8822e-06          2.28848e-06          1.56157e-06              5.4              7.354019e+06             47.0                  1           
    1129979115.4         1129980299.7         1.39217e-06          1.40521e-06          1.93741e-06              5.4              1.662679e+07             10.0                  0           
    1129336631.5         1129337379.0         9.12319e-07          1.14875e-06          8.79695e-07              5.4              9.468505e+06             78.0                  1           
    1128938865.1         1128939466.5         8.42801e-07          1.04568e-06          1.57781e-06              5.4              6.753251e+06             97.1                  1           
    1128220238.6         1128220789.6         7.16185e-07          6.13197e-07          1.06821e-06              5.4              5.806087e+06             10.0                  1           
    1127060334.9         1127061271.1         5.40868e-07          6.70129e-07          6.40839e-07              5.4              1.390609e+07             11.3                  1           
    1126686701.6         1126687470.4         7.12054e-07          1.29331e-06          1.06369e-06              5.4              9.741434e+06             8.0                   0           
    1137122455.8         1137122920.8         4.79255e-06          3.67737e-06          5.07381e-06              5.4              4.585166e+06             10.0                  1           
    1132648454.8         1132649299.0         1.08496e-06          1.02956e-06          1.39386e-06              5.4              1.160302e+07             11.5                  1           
    1136586013.3         1136586728.4          3.164e-06           2.37595e-06          4.31495e-06              5.3              9.870808e+06            552.5                  1           
    1136121552.6         1136121984.1         3.04444e-06          2.13580e-06          5.19436e-06              5.3              4.139517e+06             10.0                  1           
    1136091553.4         1136092385.9         2.60974e-06          2.15547e-06          2.11793e-06              5.3              1.132355e+07             14.5                  1           
    1135264806.1         1135265535.4         1.68456e-06          2.09966e-06          1.74836e-06              5.3              8.888180e+06             10.0                  1           
    1134391460.2         1134392259.8         1.98575e-06          1.66420e-06          2.20571e-06              5.3              1.068309e+07             70.0                  0           
    1134006754.7         1134007334.3         3.35001e-06          3.12291e-06          5.50938e-06              5.3              6.335705e+06             56.7                  1           
    1134006442.4         1134007280.8         3.43335e-06          3.19714e-06          4.24822e-06              5.3              1.145172e+07             10.0                  1           
    1133703193.1         1133703882.9         3.00951e-06          2.52835e-06          7.38897e-06              5.3              8.974342e+06            401.5                  1           
    1133699968.2         1133700822.6         4.05889e-06          2.56003e-06          1.22821e-05              5.3              1.190931e+07             24.3                  1           
    1133191765.5         1133192549.5         3.04488e-06          3.19355e-06          2.35098e-06              5.3              1.051335e+07            144.2                  1           
    1133086126.0         1133086906.8         1.53479e-06          1.70168e-06          1.57149e-06              5.3              1.018495e+07             56.1                  1           
    1132929941.3         1132930676.9         1.54199e-06          1.40832e-06          2.01200e-06              5.3              9.459877e+06            179.3                  1           
    1131293524.3         1131294236.2         1.00149e-06          1.14276e-06          1.15142e-06              5.3              8.667395e+06             58.9                  0           
    1131212920.1         1131213651.0         0.000509357          3.78622e-04          1.69747e-03              5.3              9.181916e+06            109.3                  1           
    1131079604.7         1131080341.9         2.06208e-06          2.17794e-06          2.24142e-06              5.3              9.294412e+06             99.2                  0           
    1130807413.5         1130807801.4         1.17693e-06          1.07594e-06          2.41157e-06              5.3              3.593813e+06             18.8                  0           
    1130659950.9         1130660873.0         8.93924e-07          9.60624e-07          1.52764e-06              5.3              1.362258e+07             28.9                  1           
    1130644279.6         1130645164.3         3.86305e-06          1.34338e-06          2.04276e-05              5.3              1.260935e+07             10.0                  1           
    1130122185.0         1130122627.3         1.43313e-06          1.20066e-06          1.85388e-06              5.3              4.405662e+06             93.9                  1           
    1129983338.3         1129984522.0         1.25949e-06          1.36354e-06          2.18905e-06              5.3              1.658382e+07             10.0                  0           
    1129511847.3         1129512771.1          1.0907e-06          1.13404e-06          1.21381e-06              5.3              1.361278e+07             15.3                  1           
    1127693117.8         1127694050.3         7.48745e-07          8.15083e-07          7.50409e-07              5.3              1.390224e+07             34.0                  1           
    1126948969.4         1126949722.2          4.7482e-07          6.11710e-07          4.10858e-07              5.3              9.989678e+06            228.9                  1           
    1126686892.6         1126687690.3         7.67411e-07          1.29331e-06          2.29391e-06              5.3              1.042403e+07             5.7                   0           
    1137257680.8         1137258474.6         2.47781e-06          2.44126e-06          3.62753e-06              5.3              1.034528e+07             10.0                  1           
    1137204142.4         1137205063.6         3.00499e-06          2.72271e-06          2.03488e-06              5.3              1.355198e+07             16.5                  1           
    1136121552.5         1136121983.9         3.04444e-06          2.13580e-06          5.19436e-06              5.3              4.138302e+06             10.0                  1           
    1134944915.5         1134945646.2         5.19049e-06          4.48199e-06          5.88622e-06              5.3              8.918955e+06             10.0                  1           
    1133741389.4         1133742180.4         2.65624e-06          2.83680e-06          3.69644e-06              5.3              1.027818e+07             10.0                  1           
    1130747000.5         1130747686.4         5.72932e-07          6.55967e-07          6.38476e-07              5.3              8.145370e+06             50.7                  0           
    1136006927.2         1136007772.4         1.74459e-06          1.44818e-06          1.87363e-06              5.2              1.199929e+07            130.3                  1           
    1135953390.9         1135954191.9         1.68843e-06          1.49218e-06          2.39092e-06              5.2              1.053141e+07             12.6                  1           
    1135162870.0         1135163658.9         1.18513e-06          1.37905e-06          9.21858e-07              5.2              1.032571e+07             36.8                  1           
    1134944917.0         1134945646.3         5.19049e-06          4.48199e-06          5.88622e-06              5.2              8.915223e+06             18.0                  1           
    1134162738.8         1134163114.5         1.59096e-06          1.64967e-06          2.12974e-06              5.2              3.481544e+06             46.7                  1           
    1133698001.2         1133698856.5          4.0589e-06          2.56003e-06          1.14094e-05              5.2              1.192381e+07             22.2                  1           
    1133694946.2         1133695801.2         5.02525e-06          2.63814e-06          1.40026e-05              5.2              1.192962e+07             25.5                  1           
    1133492096.7         1133492830.7         4.21451e-06          4.15355e-06          3.90302e-06              5.2              8.986772e+06             10.0                  1           
    1133146971.5         1133147708.7         1.24503e-06          1.39175e-06          1.20028e-06              5.2              9.053873e+06             10.0                  1           
    1132753180.3         1132754011.5         1.06015e-06          1.15084e-06          1.27606e-06              5.2              1.146955e+07             68.6                  0           
    1131976201.7         1131977055.9         1.14966e-06          1.30258e-06          8.30941e-07              5.2              1.184782e+07             10.0                  0           
    1130972051.4         1130972894.4         2.00303e-06          2.05421e-06          1.13315e-06              5.2              1.167084e+07             37.1                  1           
    1130723979.4         1130724484.3         6.97497e-07          7.25956e-07          9.19534e-07              5.2              5.225933e+06             61.0                  1           
    1130517424.7         1130518278.3         1.97804e-06          2.10338e-06          2.51359e-06              5.2              1.215082e+07            109.6                  0           
    1130468665.3         1130469348.7         2.91794e-06          2.68780e-06          5.43405e-06              5.2              9.246169e+06            608.4                  0           
    1130239620.4         1130240444.0         1.14505e-06          1.27265e-06          1.40577e-06              5.2              1.114030e+07             24.6                  0           
    1129819689.0         1129820070.9         1.37942e-06          1.38342e-06          2.53858e-06              5.2              3.554145e+06             42.0                  1           
    1129509165.4         1129510362.1          1.0907e-06          1.13404e-06          1.34850e-06              5.2              1.759677e+07             10.0                  1           
    1128669822.8         1128670743.7         2.38533e-06          2.15028e-06          1.67673e-06              5.2              1.351727e+07             10.0                  0           
    1128659757.8         1128660315.1          1.8542e-06          1.98129e-06          2.45060e-06              5.2              5.901121e+06             10.0                  0           
    1127836330.3         1127837170.2         1.43393e-06          1.54010e-06          1.19592e-06              5.2              1.180712e+07            109.8                  1           
    1127576133.8         1127576924.7         5.54124e-07          7.64799e-07          1.02901e-06              5.2              1.031857e+07             21.0                  1           
    1127551627.6         1127552274.4         4.08195e-07          4.98998e-07          5.02533e-07              5.2              7.341298e+06             10.0                  0           
    1126619494.0         1126620265.6         3.23496e-07          3.80822e-07          2.89208e-07              5.2              9.889869e+06             30.1                  0           
    1137208939.4         1137209721.5         2.49135e-06          2.41940e-06          2.46443e-06              5.2              1.019069e+07             46.4                  1           
    1137180127.2         1137180972.0         2.72392e-06          2.41441e-06          4.20939e-06              5.2              1.161105e+07             10.0                  1           
    1137079820.5         1137080665.1         3.39027e-06          3.69477e-06          3.45821e-06              5.2              1.198909e+07            131.8                  1           
    1137054640.7         1137055131.8         3.32093e-06          2.95858e-06          4.17825e-06              5.2              4.942507e+06             10.0                  1           
    1137005690.7         1137006610.0         3.03052e-06          2.56818e-06          4.75709e-06              5.2              1.365397e+07             61.7                  1           
    1136998697.7         1136999216.1          2.141e-06           2.29016e-06          4.03328e-06              5.2              5.361029e+06             24.9                  1           
    1136752515.8         1136753323.4         1.99182e-06          2.05938e-06          1.80961e-06              5.2              1.068173e+07             10.0                  1           
    1136636859.5         1136637698.3         1.99352e-06          1.92573e-06          1.47133e-06              5.2              1.146198e+07             10.0                  0           
    1136627220.2         1136628423.6         2.66602e-06          1.93956e-06          3.12407e-06              5.2              1.829970e+07             10.0                  0           
    1135953390.5         1135954191.9         1.68843e-06          1.49218e-06          2.39092e-06              5.2              1.053012e+07             10.0                  1           
    1136744969.0         1136745717.5          2.5889e-06          2.74287e-06          2.73228e-06              5.2              9.380723e+06             35.0                  1           
    1126650938.1         1126651706.4         2.85377e-07          4.01899e-07          4.24940e-07              5.2              9.737227e+06             10.0                  1           
    1136636865.3         1136637697.2         1.99352e-06          1.92573e-06          1.47133e-06              5.1              1.145896e+07             59.6                  0           
    1136199048.9         1136199874.4         2.69973e-06          2.19619e-06          4.57549e-06              5.1              1.112833e+07             10.0                  0           
    1135365872.5         1135366684.3         1.43197e-06          1.43732e-06          1.24537e-06              5.1              1.078689e+07             10.0                  1           
    1135064647.0         1135065411.3         3.22271e-06          2.88479e-06          3.33280e-06              5.1              9.972881e+06            121.4                  0           
    1135023539.7         1135024328.9         7.07335e-06          8.06618e-06          7.71342e-06              5.1              1.023428e+07             10.0                  1           
    1134920230.5         1134921026.8         4.45901e-06          3.86257e-06          5.39863e-06              5.1              1.040177e+07             9.3                   0           
    1134234522.1         1134235475.1         1.98882e-06          1.84996e-06          2.52303e-06              5.1              1.433308e+07             12.9                  1           
    1134021217.0         1134021887.2         3.15363e-06          3.49005e-06          4.73742e-06              5.1              7.760671e+06             12.3                  1           
    1133839265.8         1133840194.6         5.34603e-06          4.54674e-06          7.07612e-06              5.1              1.385177e+07             48.3                  1           
    1133795023.4         1133795784.2         3.34801e-06          3.28447e-06          5.66072e-06              5.1              9.589257e+06             16.2                  0           
    1133188290.1         1133189075.8          2.9113e-06          3.10481e-06          2.71478e-06              5.1              1.020272e+07             23.3                  1           
    1132066257.3         1132067103.8         1.04799e-06          1.17777e-06          1.38401e-06              5.1              1.165500e+07             10.0                  0           
    1131784437.8         1131785207.3         2.33741e-06          2.47158e-06          3.10114e-06              5.1              9.761131e+06             9.0                   1           
    1131454495.4         1131455223.8         4.47678e-06          3.78803e-06          6.46499e-06              5.1              8.871254e+06             10.0                  1           
    1131112673.4         1131113475.6         1.95994e-06          1.90587e-06          2.21824e-06              5.1              1.053874e+07             7.6                   0           
    1131061680.7         1131062621.6         2.65626e-06          2.59177e-06          3.64847e-06              5.1              1.423485e+07             75.1                  0           
    1130660114.8         1130660999.4         8.93923e-07          9.60624e-07          1.01774e-07              5.1              1.260992e+07             10.0                  1           
    1130470520.5         1130470999.3         2.67482e-06          2.68780e-06          2.42395e-06              5.1              4.809982e+06             28.3                  0           
    1130236037.8         1130236884.0         1.07357e-06          1.01254e-06          6.20706e-07              5.1              1.206082e+07            141.9                  0           
    1130210338.9         1130211255.2         9.82223e-07          9.66775e-07          1.37592e-06              5.1              1.340306e+07             10.0                  1           
    1129900335.8         1129901024.1         2.03294e-06          2.31063e-06          4.76309e-06              5.1              9.267532e+06            562.9                  1           
    1129889363.0         1129890296.3         7.22977e-06          3.84799e-06          5.61761e-05              5.1              1.387222e+07             21.0                  1           
    1128826044.8         1128826876.0         9.20703e-07          1.05540e-06          6.18271e-07              5.1              1.152596e+07             88.2                  0           
    1128497484.6         1128498241.1         1.35651e-06          1.65845e-06          1.33885e-06              5.1              1.015356e+07            257.0                  0           
    1127703009.9         1127703942.6          8.256e-07           8.15263e-07          9.57763e-07              5.1              1.391043e+07             35.0                  1           
    1126764438.2         1126765212.7         2.88108e-07          3.51869e-07          2.90307e-07              5.1              9.895680e+06             13.1                  1           
    1126658931.4         1126659767.8         3.47869e-07          3.91152e-07          4.73283e-07              5.1              1.147666e+07             29.0                  0           
    1137159855.0         1137160643.3         3.27732e-06          2.97822e-06          5.81299e-06              5.1              1.047586e+07             95.0                  1           
    1137093933.8         1137095137.1         3.95466e-06          3.25167e-06          5.27288e-06              5.1              1.828981e+07             10.0                  1           
    1137019103.5         1137019892.5         3.45065e-06          2.67140e-06          2.80235e-06              5.1              1.023111e+07             10.0                  1           
    1136854625.0         1136855572.9         1.67648e-06          1.86063e-06          1.66494e-06              5.1              1.419365e+07             10.0                  1           
    1136785196.7         1136785907.6         1.72596e-06          1.80673e-06          2.24016e-06              5.1              8.835401e+06            139.9                  1           
    1136777915.1         1136778788.4         1.12026e-05          2.79513e-06          5.22711e-05              5.1              1.278484e+07            158.2                  1           
    1136755111.5         1136755886.0         2.14003e-06          2.13352e-06          2.06373e-06              5.1              9.882985e+06             10.0                  1           
    1136744960.9         1136745710.5          2.5889e-06          2.74287e-06          2.73228e-06              5.1              9.316577e+06             10.0                  1           
    1136699267.8         1136700205.5         2.93469e-06          3.23734e-06          3.59705e-06              5.1              1.393789e+07             10.0                  1           
    1136199048.4         1136199874.3         2.69973e-06          2.19619e-06          4.57549e-06              5.1              1.113695e+07             10.0                  0           
    1136170372.7         1136170789.3          2.1252e-06          1.94036e-06          2.81852e-06              5.1              4.001723e+06             44.4                  0           
    1131112673.9         1131113475.5         1.95994e-06          1.90587e-06          2.21824e-06              5.1              1.053952e+07             10.6                  0           
    1127316923.0         1127317759.4         5.48513e-07          6.69455e-07          2.72639e-07              5.1              1.140155e+07             10.0                  0           
    1127234249.0         1127235097.2         8.39229e-07          1.02645e-06          4.66173e-07              5.1              1.169759e+07             10.0                  1           
    1126569317.7         1126570093.1         4.52277e-07          5.62820e-07          4.47648e-07              5.1              9.903269e+06             10.0                  0           
    1137053871.7         1137054362.2         3.32094e-06          2.95858e-06          3.11723e-06              5.1              4.935585e+06             10.0                  1           
    1136972570.4         1136973364.6         1.91089e-06          2.06342e-06          2.33676e-06              5.1              1.035775e+07             10.0                  1           
    1135187994.1         1135188769.6         1.06176e-06          1.23877e-06          8.89217e-07              5.1              9.907324e+06             10.0                  1           
    1131268082.2         1131268849.0         8.33135e-07          1.01322e-06          9.80541e-07              5.1              9.705134e+06             10.0                  0           
    1127838184.0         1127838952.2         1.43393e-06          1.54010e-06          1.88647e-06              5.1              9.818041e+06             32.5                  1           
    1136498874.7         1136499636.1         1.68954e-06          1.72649e-06          1.48971e-06              5.0              9.755100e+06             67.3                  1           
    1136468031.3         1136468804.7         1.84704e-06          1.76931e-06          2.11378e-06              5.0              9.878413e+06             15.7                  1           
    1136279246.5         1136280030.7         2.19784e-06          1.92696e-06          2.68801e-06              5.0              1.072631e+07            219.0                  0           
    1136216460.1         1136217268.9         3.54144e-06          2.80920e-06          5.05814e-06              5.0              1.076868e+07             24.1                  1           
    1136170370.0         1136170788.6          2.1252e-06          1.94036e-06          2.81852e-06              5.0              4.002527e+06             26.6                  0           
    1135635754.3         1135636161.8         1.15157e-06          1.21500e-06          1.07522e-06              5.0              3.879002e+06             39.9                  0           
    1135481152.3         1135481600.2         1.38177e-06          1.37234e-06          1.47136e-06              5.0              4.473728e+06             88.4                  0           
    1135479533.5         1135480269.9         1.38177e-06          1.43772e-06          8.73008e-07              5.0              9.036821e+06             10.0                  0           
    1135187905.2         1135188680.3         1.06217e-06          1.28603e-06          7.57865e-07              5.0              9.901567e+06             11.7                  1           
    1134922688.6         1134923295.5         4.19329e-06          3.72186e-06          6.65498e-06              5.0              6.675535e+06             10.0                  0           
    1134900546.8         1134901331.1         3.78473e-06          3.35239e-06          3.89403e-06              5.0              1.020689e+07             34.1                  0           
    1134888219.0         1134888776.9         3.01966e-06          3.07434e-06          4.82323e-06              5.0              5.986431e+06             47.8                  1           
    1134736649.3         1134737364.7         2.86158e-06          2.55601e-06          4.07021e-06              5.0              9.064323e+06            197.7                  0           
    1134684291.9         1134685073.1         2.90981e-06          3.12895e-06          3.15611e-06              5.0              1.018784e+07             52.9                  1           
    1134236947.2         1134237899.2         1.82844e-06          1.56670e-06          2.16512e-06              5.0              1.433771e+07             20.1                  1           
    1134168994.2         1134169779.5          1.6763e-06          1.79391e-06          1.64654e-06              5.0              1.024076e+07             37.5                  0           
    1133808948.9         1133809781.7         4.39497e-06          4.33754e-06          7.20797e-06              5.0              1.204211e+07            254.4                  1           
    1133698656.5         1133699510.9          4.0589e-06          2.56003e-06          9.99600e-06              5.0              1.192580e+07             28.9                  1           
    1133464614.0         1133465589.6         3.88073e-06          3.80349e-06          5.00135e-06              5.0              1.488928e+07             10.0                  1           
    1133193332.1         1133194065.4          3.6539e-06          3.39504e-06          5.04288e-06              5.0              8.988723e+06             14.7                  1           
    1132789674.1         1132790174.7         1.11263e-06          1.01662e-06          1.52130e-06              5.0              5.100393e+06             21.0                  0           
    1132674419.8         1132675334.3         9.77028e-07          9.95292e-07          1.09982e-06              5.0              1.348343e+07             45.0                  0           
    1132659651.3         1132660467.7         1.09614e-06          1.09283e-06          1.34594e-06              5.0              1.087932e+07             5.0                   0           
    1132485799.0         1132486623.3         1.66291e-06          1.65177e-06          1.99331e-06              5.0              1.150730e+07            141.0                  0           
    1132391673.0         1132392444.2         1.48095e-06          1.69181e-06          1.86010e-06              5.0              9.908751e+06             39.1                  0           
    1132241664.9         1132242626.9         9.15938e-07          1.01962e-06          7.53542e-07              5.0              1.454509e+07             10.0                  1           
    1132215092.8         1132215503.7          9.0636e-07          1.04363e-06          1.40577e-06              5.0              3.935303e+06             49.0                  1           
    1131799880.6         1131800728.2         2.45139e-06          2.52911e-06          1.24977e-06              5.0              1.168261e+07             10.0                  1           
    1131707085.6         1131708283.1         1.97985e-06          1.90478e-06          1.49898e-06              5.0              1.767146e+07             10.0                  0           
    1131599532.1         1131600295.7         3.01203e-06          3.58093e-06          3.26832e-06              5.0              9.717331e+06             35.0                  0           
    1131432906.1         1131433548.2          3.7793e-06          3.25931e-06          4.23348e-06              5.0              7.482819e+06            117.6                  1           
    1131148471.4         1131148875.9         1.83588e-06          1.83935e-06          2.87974e-06              5.0              3.846484e+06             44.4                  0           
    1130898640.3         1130899465.5         8.27643e-07          7.87720e-07          1.20383e-06              5.0              1.124624e+07             45.1                  0           
    1130876059.6         1130876474.7         6.11007e-07          6.45911e-07          5.75107e-07              5.0              3.989907e+06             48.7                  1           
    1130781791.0         1130782442.6         7.29085e-07          8.59091e-07          5.63087e-07              5.0              7.423874e+06             10.0                  1           
    1130775870.9         1130776754.0         6.63613e-07          6.90936e-07          9.26199e-07              5.0              1.261490e+07             20.2                  1           
    1130656009.0         1130656802.8         8.88124e-07          9.99903e-07          6.01753e-07              5.0              1.034413e+07             10.0                  1           
    1130506853.2         1130507678.0         1.78469e-06          2.06195e-06          1.55491e-06              5.0              1.123624e+07             44.7                  1           
    1130224718.9         1130225635.8          1.0748e-06          1.08213e-06          1.23789e-06              5.0              1.341731e+07             10.0                  0           
    1130223554.3         1130224358.7          1.0748e-06          1.08213e-06          1.10142e-06              5.0              1.080482e+07             71.7                  0           
    1129986922.0         1129987773.6         1.25949e-06          1.23948e-06          1.83016e-06              5.0              1.178119e+07             10.0                  0           
    1129905555.3         1129906264.5         1.99019e-06          2.02395e-06          3.02225e-06              5.0              8.742967e+06            115.7                  1           
    1129535446.9         1129536643.7         1.25558e-06          1.18530e-06          1.25327e-06              5.0              1.760809e+07             10.0                  0           
    1129370791.0         1129371558.9         8.34642e-07          9.53848e-07          5.71868e-07              5.0              9.847416e+06             46.0                  0           
    1128655909.3         1128656681.4         1.76738e-06          1.78077e-06          1.65880e-06              5.0              9.864565e+06             19.6                  0           
    1128393230.9         1128394189.8         6.13062e-07          7.06675e-07          5.42511e-07              5.0              1.444424e+07             3.8                   1           
    1128225050.4         1128225840.9         7.12576e-07          7.48165e-07          7.27160e-07              5.0              1.033361e+07             27.6                  1           
    1128042592.4         1128043403.6         7.76267e-07          9.03911e-07          6.13566e-07              5.0              1.088614e+07             41.6                  1           
    1127880866.7         1127881671.1         1.39632e-06          1.33165e-06          1.57358e-06              5.0              1.060357e+07             10.0                  1           
    1127574150.9         1127574536.9          1.5453e-06          1.06461e-06          3.24494e-06              5.0              3.571864e+06             19.8                  1           
    1127291309.0         1127292305.2         6.31887e-07          7.42765e-07          7.16021e-07              5.0              1.540332e+07             10.0                  0           
    1127069288.3         1127070102.6         6.50047e-07          7.86863e-07          5.87413e-07              5.0              1.137206e+07            181.2                  0           
    1126911975.0         1126912771.6         4.32291e-07          5.79485e-07          5.05224e-07              5.0              1.041310e+07             10.0                  1           
    1126870584.7         1126871538.0         3.22831e-07          4.67920e-07          3.43828e-07              5.0              1.432314e+07             8.6                   0           
    1126753339.0         1126754107.0         2.83914e-07          3.85189e-07          3.86439e-07              5.0              9.850293e+06             45.5                  1           
    1126657701.3         1126658494.2         3.47869e-07          3.91152e-07          2.87168e-07              5.0              1.037778e+07             23.8                  0           
    1126585459.1         1126586233.8         4.69522e-07          5.67079e-07          4.68694e-07              5.0              9.871620e+06             5.7                   0           
    1137276264.3         1137277091.2         1.97798e-06          2.22117e-06          2.04330e-06              5.0              1.162953e+07            161.0                  1           
    1137085555.4         1137086307.5         3.91406e-06          3.40019e-06          3.75989e-06              5.0              9.462391e+06             36.9                  1           
    1137079736.0         1137080464.9         3.39027e-06          3.69477e-06          5.40942e-06              5.0              9.093075e+06             90.3                  1           
    1136954173.9         1136955067.6         1.67923e-06          1.72336e-06          1.13118e-06              5.0              1.285128e+07             14.1                  1           
    1136756274.0         1136757072.1         2.16461e-06          2.18222e-06          3.11084e-06              5.0              1.046187e+07             13.3                  1           
    1136706777.8         1136707582.1         2.97747e-06          3.13977e-06          4.45103e-06              5.0              1.083569e+07             83.0                  1           
    1136656950.9         1136657902.9         2.38543e-06          2.68970e-06          2.66109e-06              5.0              1.447645e+07             62.9                  1           
    1136498873.8         1136499635.2         1.68954e-06          1.72649e-06          1.48971e-06              5.0              9.750800e+06             65.1                  1           
    1136482866.5         1136483650.6         1.72374e-06          1.59501e-06          1.59797e-06              5.0              1.011089e+07             10.0                  1           
    1136468032.8         1136468804.6         1.84704e-06          1.76931e-06          2.11378e-06              5.0              9.881762e+06             26.2                  1           
    1136299545.8         1136300250.8         1.93557e-06          1.84155e-06          2.26973e-06              5.0              8.420377e+06             15.0                  0           
    1136294961.0         1136295884.4         2.30371e-06          2.13849e-06          1.16866e-06              5.0              1.357873e+07             10.0                  0           
    1136279246.5         1136280030.0         2.19784e-06          1.92696e-06          2.68801e-06              5.0              1.072357e+07            223.1                  0           
    1135635809.0         1135636812.3         1.62652e-06          1.68267e-06          1.54915e-06              5.0              1.558196e+07             10.0                  0           
    1135481151.0         1135481599.8         1.38177e-06          1.37234e-06          1.52123e-06              5.0              4.475672e+06             81.0                  0           
    1127060385.0         1127061582.6         5.40868e-07          6.70129e-07          7.13466e-07              5.0              1.768538e+07             10.0                  1           
    1137177925.2         1137178730.7         2.92189e-06          2.33720e-06          5.84580e-06              5.0              1.084500e+07             75.0                  1           
    1133292213.3         1133293054.6         2.47479e-06          2.67101e-06          3.36086e-06              5.0              1.158585e+07             25.2                  0           
    1131742356.7         1131743126.8         1.41314e-06          1.77801e-06          1.10887e-06              5.0              9.770064e+06             7.8                   1           
    1126649553.5         1126650323.2         3.12015e-07          3.85910e-07          3.86102e-07              5.0              9.772642e+06             10.5                  1           
    1126585762.5         1126586535.3         4.69522e-07          5.67079e-07          7.11506e-07              5.0              9.913063e+06             29.0                  0           
    1126582354.7         1126583130.2         4.69522e-07          5.67079e-07          4.28166e-07              5.0              9.908550e+06             10.5                  0           
    1126581357.7         1126582128.9         4.29668e-07          5.27670e-07          4.85965e-07              5.0              9.902623e+06             36.6                  0           
