    1129885799.6         1129886582.9         3.21704e-05              7.5              1.073853e+07            231.0                  1           
    1133509823.6         1133510622.0          2.2886e-05              7.2              1.051968e+07             26.0                  1           
    1133509824.5         1133510622.0         2.26797e-05              7.2              1.052325e+07             33.0                  1           
    1133509823.0         1133510622.2         2.29874e-05              7.2              1.052470e+07             22.0                  1           
    1133691727.4         1133692581.2         1.11685e-05              6.9              1.193119e+07             33.9                  1           
    1133691725.5         1133692581.1         1.14271e-05              6.9              1.192797e+07             21.0                  1           
    1131483108.0         1131483843.0         1.10337e-05              6.7              9.013333e+06             12.0                  1           
    1136777150.6         1136777788.7         1.30855e-05              6.7              7.275463e+06             46.0                  1           
    1136777150.0         1136777788.1         1.30851e-05              6.7              7.275694e+06             46.0                  1           
    1131779424.3         1131780193.4         6.87207e-06              6.5              9.760668e+06             11.0                  1           
    1130643872.2         1130644755.6         4.89324e-06              6.5              1.261926e+07             20.0                  1           
    1136565504.1         1136566341.0         5.50279e-06              6.5              1.145885e+07             20.8                  1           
    1136565502.9         1136566341.0          5.6246e-06              6.5              1.145644e+07             13.0                  1           
    1136565502.0         1136566340.1         5.62468e-06              6.5              1.145630e+07             13.0                  1           
    1136567301.0         1136567913.6         2.25112e-06              6.2              7.196065e+06            239.9                  1           
    1135021460.1         1135022294.3         3.10045e-06              6.2              1.135412e+07             12.3                  1           
    1132131989.1         1132132847.6          1.7991e-06              6.1              1.214902e+07             67.3                  1           
    1128560324.2         1128561157.0         2.54898e-06              6.1              1.131057e+07             10.0                  1           
    1133701098.8         1133701859.6          3.1761e-06              6.1              9.567181e+06             10.0                  1           
    1132131990.5         1132132847.1         1.68756e-06              6.1              1.214336e+07             82.0                  1           
    1136777145.3         1136777831.9          2.6695e-07              6.1              9.267814e+06            582.6                  1           
    1132406512.8         1132407181.9         1.65396e-07              6.0              8.889856e+06            586.2                  0          
    1129608275.1         1129609478.0         1.01966e-06              6.0              1.823179e+07             10.0                  0          
    1127338852.4         1127339700.4         1.96467e-06              6.0              1.169234e+07             10.0                  1           
    1134526270.3         1134527054.2         2.39634e-06              6.0              1.010506e+07             10.0                  1           
    1136627128.6         1136628331.9         7.94492e-07              5.9              1.828618e+07             10.0                  0          
    1129885789.0         1129886575.2         5.96722e-07              5.9              1.074244e+07            206.9                  1           
    1127888832.8         1127889599.3         1.72681e-06              5.9              9.793989e+06             38.0                  1           
    1136699779.2         1136700474.5         5.74811e-07              5.9              8.791919e+06            263.0                  1           
    1136627128.4         1136628331.8         7.93927e-07              5.9              1.829406e+07             10.0                  0          
    1135033875.2         1135034730.5         5.97084e-07              5.8              1.222123e+07            119.0                  1           
    1134924926.9         1134925934.4         7.96675e-07              5.8              1.568591e+07             10.0                  0          
    1134588322.5         1134589089.6          1.2743e-06              5.8              9.834336e+06             47.6                  1           
    1133024922.1         1133025650.6         1.85666e-06              5.8              8.871344e+06             10.0                  1           
    1131669590.5         1131670064.9         4.27251e-06              5.8              4.706372e+06             6.7                   1           
    1131320196.2         1131321051.0         5.71254e-07              5.8              1.222732e+07            126.0                  1           
    1130100417.3         1130101167.8         7.27381e-07              5.8              9.699544e+06            141.0                  1           
    1129820354.7         1129821144.3         1.51914e-06              5.8              1.024469e+07             10.0                  1           
    1127887439.1         1127888233.6         1.44964e-06              5.8              1.038032e+07             14.5                  1           
    1137176675.4         1137177451.7          1.6207e-06              5.8              9.914048e+06             7.0                   1           
    1136804675.0         1136805408.6         1.82676e-06              5.8              8.977082e+06             10.0                  1           
    1134924926.5         1134925933.8         7.96954e-07              5.8              1.568251e+07             10.0                  0          
    1134588322.6         1134589089.6         1.26833e-06              5.8              9.835035e+06             48.3                  1           
    1136664316.7         1136665098.6         2.29255e-07              5.7              1.072701e+07            239.0                  1           
    1135743756.7         1135744371.5         3.28102e-08              5.7              7.798104e+06            583.1                  0          
    1133784331.7         1133785294.3         7.01342e-07              5.7              1.455991e+07             10.0                  0          
    1132513078.6         1132513923.5          8.4356e-07              5.7              1.170532e+07             33.2                  0          
    1131010514.3         1131011428.8         5.22231e-07              5.7              1.355561e+07             69.0                  0          
    1131005634.4         1131006335.6         5.39673e-07              5.7              8.683999e+06            159.9                  0          
    1129368565.8         1129369247.0         2.00606e-07              5.7              8.592980e+06            304.0                  0          
    1127137755.5         1127137873.7          2.2163e-05              5.7              9.048801e+05             10.0                  1           
    1126688846.5         1126689617.6         1.12736e-06              5.7              9.868118e+06             28.0                  1           
    1136664316.0         1136665097.9         2.29317e-07              5.7              1.072505e+07            239.0                  1           
    1136463139.4         1136463994.9         7.99649e-07              5.6              1.185492e+07             4.0                   1           
    1133614584.4         1133615354.4         9.05872e-07              5.6              9.832560e+06             25.0                  0          
    1133456986.3         1133457677.5          1.6621e-08              5.6              9.298623e+06            547.0                  0          
    1132724697.1         1132725466.8         1.02818e-06              5.6              9.771007e+06             10.0                  1           
    1132714284.8         1132714900.9         1.05446e-06              5.6              6.945666e+06             69.0                  1           
    1132660004.2         1132660472.0          2.0085e-06              5.6              4.695458e+06             52.0                  0          
    1132346498.5         1132346900.7         2.99952e-06              5.6              3.803147e+06             34.0                  1           
    1131816593.3         1131817383.1         8.94489e-07              5.6              1.028152e+07             18.0                  1           
    1131429874.2         1131430655.9         8.54071e-07              5.6              1.011885e+07             27.0                  1           
    1131258410.7         1131258992.4         1.91799e-06              5.6              6.273995e+06             10.0                  1           
    1129139556.9         1129140359.2         9.14417e-07              5.6              1.055090e+07             10.1                  1           
    1128672318.6         1128673159.4         7.22793e-07              5.6              1.156185e+07             22.0                  0          
    1128654936.2         1128655708.1         9.30053e-07              5.6              9.864880e+06             21.0                  0          
    1137204824.2         1137205608.6          8.4511e-07              5.6              1.018465e+07             27.1                  1           
    1137021766.0         1137022630.5          7.7548e-07              5.6              1.207817e+07             4.1                   1           
    1136812506.2         1136813322.8         7.05569e-07              5.6              1.100367e+07             35.0                  1           
    1136804675.8         1136805409.3          1.1653e-06              5.6              8.976882e+06             10.0                  1           
    1134572633.0         1134573566.2         3.89854e-07              5.5              1.389147e+07             27.0                  1           
    1133998391.9         1133999177.6          7.6268e-07              5.5              1.015174e+07             10.0                  0          
    1133741389.8         1133742179.5         7.51571e-07              5.5              1.024676e+07             10.0                  1           
    1132949962.3         1132950972.4         3.60232e-07              5.5              1.575157e+07             10.0                  1           
    1131091986.6         1131092891.9         3.96105e-07              5.5              1.322466e+07             35.0                  1           
    1130776375.8         1130777166.4         7.48852e-07              5.5              1.027049e+07             10.0                  1           
    1129743096.4         1129743857.3         5.10579e-08              5.5              1.041173e+07            313.7                  0          
    1127965806.5         1127966576.8          8.3969e-07              5.5              9.767845e+06             5.9                   0          
    1127357790.7         1127358645.5         2.42658e-07              5.5              1.217075e+07            107.0                  1           
    1136808946.5         1136809864.2         4.79698e-07              5.5              1.343818e+07             10.0                  1           
    1131091983.0         1131092892.1         4.93396e-07              5.5              1.322222e+07             10.0                  1           
    1136383974.1         1136384716.0         5.27028e-07              5.4              9.240562e+06             37.5                  0          
    1135632595.9         1135633387.0         4.85724e-07              5.4              1.034867e+07             27.3                  0          
    1135140212.2         1135141413.3         2.05804e-07              5.4              1.803470e+07             10.0                  0          
    1134024146.1         1134025002.7         2.28013e-07              5.4              1.212661e+07             76.8                  1           
    1133705658.4         1133706515.4         4.53529e-07              5.4              1.191689e+07             10.0                  1           
    1133488045.5         1133488834.1         4.64763e-07              5.4              1.030572e+07             32.5                  1           
    1133466712.5         1133467480.8         4.70522e-07              5.4              9.839292e+06             38.9                  1           
    1132785187.3         1132786023.8          4.234e-07               5.4              1.146037e+07             23.8                  0          
    1132757256.3         1132758184.1         2.32854e-07              5.4              1.383555e+07             50.5                  0          
    1132751515.8         1132752422.1         3.80759e-07              5.4              1.315113e+07             10.0                  0          
    1132648458.6         1132649298.8         3.55518e-07              5.4              1.160696e+07             39.4                  1           
    1131452514.0         1131453241.5          6.948e-07               5.4              8.870092e+06             16.0                  1           
    1130384944.5         1130385586.9         6.79999e-07              5.4              7.354019e+06             47.0                  1           
    1129979115.4         1129980299.7         2.43275e-07              5.4              1.662679e+07             10.0                  0          
    1129336631.5         1129337379.0         3.40506e-07              5.4              9.468505e+06             78.0                  1           
    1128938865.1         1128939466.5         4.69857e-07              5.4              6.753251e+06             97.1                  1           
    1128220238.6         1128220789.6         1.36983e-06              5.4              5.806087e+06             10.0                  1           
    1127060334.9         1127061271.1         3.39402e-07              5.4              1.390609e+07             11.3                  1           
    1126686701.6         1126687470.4         6.48013e-07              5.4              9.741434e+06             8.0                   0          
    1137122455.8         1137122920.8         1.88005e-06              5.4              4.585166e+06             10.0                  1           
    1132648454.8         1132649299.0         4.68004e-07              5.4              1.160302e+07             11.5                  1           
    1136586013.3         1136586728.4         1.20229e-09              5.3              9.870808e+06            552.5                  1           
    1136121552.6         1136121984.1         1.72828e-06              5.3              4.139517e+06             10.0                  1           
    1136091553.4         1136092385.9         3.60719e-07              5.3              1.132355e+07             14.5                  1           
    1135264806.1         1135265535.4         5.72213e-07              5.3              8.888180e+06             10.0                  1           
    1134391460.2         1134392259.8         2.16661e-07              5.3              1.068309e+07             70.0                  0          
    1134006754.7         1134007334.3         5.74292e-07              5.3              6.335705e+06             56.7                  1           
    1134006442.4         1134007280.8         3.71536e-07              5.3              1.145172e+07             10.0                  1           
    1133703193.1         1133703882.9         7.46185e-09              5.3              8.974342e+06            401.5                  1           
    1133699968.2         1133700822.6         2.95477e-07              5.3              1.190931e+07             24.3                  1           
    1133191765.5         1133192549.5         9.80647e-08              5.3              1.051335e+07            144.2                  1           
    1133086126.0         1133086906.8         2.74157e-07              5.3              1.018495e+07             56.1                  1           
    1132929941.3         1132930676.9         7.96015e-08              5.3              9.459877e+06            179.3                  1           
    1131293524.3         1131294236.2         3.47465e-07              5.3              8.667395e+06             58.9                  0          
    1131212920.1         1131213651.0         1.81163e-07              5.3              9.181916e+06            109.3                  1           
    1131079604.7         1131080341.9         1.98717e-07              5.3              9.294412e+06             99.2                  0          
    1130807413.5         1130807801.4         1.88172e-06              5.3              3.593813e+06             18.8                  0          
    1130659950.9         1130660873.0         2.18222e-07              5.3              1.362258e+07             28.9                  1           
    1130644279.6         1130645164.3         3.11519e-07              5.3              1.260935e+07             10.0                  1           
    1130122185.0         1130122627.3         6.30108e-07              5.3              4.405662e+06             93.9                  1           
    1129983338.3         1129984522.0         1.80358e-07              5.3              1.658382e+07             10.0                  0          
    1129511847.3         1129512771.1         2.54108e-07              5.3              1.361278e+07             15.3                  1           
    1127693117.8         1127694050.3         1.98314e-07              5.3              1.390224e+07             34.0                  1           
    1126948969.4         1126949722.2         4.20066e-08              5.3              9.989678e+06            228.9                  1           
    1126686892.6         1126687690.3         4.59598e-07              5.3              1.042403e+07             5.7                   0          
    1137257680.8         1137258474.6         4.44079e-07              5.3              1.034528e+07             10.0                  1           
    1137204142.4         1137205063.6         2.52853e-07              5.3              1.355198e+07             16.5                  1           
    1136121552.5         1136121983.9         1.72893e-06              5.3              4.138302e+06             10.0                  1           
    1134944915.5         1134945646.2          5.6903e-07              5.3              8.918955e+06             10.0                  1           
    1133741389.4         1133742180.4         4.49089e-07              5.3              1.027818e+07             10.0                  1           
    1130747000.5         1130747686.4         4.19705e-07              5.3              8.145370e+06             50.7                  0          
    1136006927.2         1136007772.4         5.78807e-08              5.2              1.199929e+07            130.3                  1           
    1135953390.9         1135954191.9         3.17625e-07              5.2              1.053141e+07             12.6                  1           
    1135162870.0         1135163658.9         2.43868e-07              5.2              1.032571e+07             36.8                  1           
    1134944917.0         1134945646.3         3.97657e-07              5.2              8.915223e+06             18.0                  1           
    1134162738.8         1134163114.5         1.10418e-06              5.2              3.481544e+06             46.7                  1           
    1133698001.2         1133698856.5         2.23748e-07              5.2              1.192381e+07             22.2                  1           
    1133694946.2         1133695801.2         2.14398e-07              5.2              1.192962e+07             25.5                  1           
    1133492096.7         1133492830.7         4.33336e-07              5.2              8.986772e+06             10.0                  1           
    1133146971.5         1133147708.7         4.27894e-07              5.2              9.053873e+06             10.0                  1           
    1132753180.3         1132754011.5         1.35574e-07              5.2              1.146955e+07             68.6                  0          
    1131976201.7         1131977055.9         2.63375e-07              5.2              1.184782e+07             10.0                  0          
    1130972051.4         1130972894.4          1.9372e-07              5.2              1.167084e+07             37.1                  1           
    1130723979.4         1130724484.3          5.3366e-07              5.2              5.225933e+06             61.0                  1           
    1130517424.7         1130518278.3         7.30267e-08              5.2              1.215082e+07            109.6                  0          
    1130468665.3         1130469348.7         2.48462e-10              5.2              9.246169e+06            608.4                  0          
    1130239620.4         1130240444.0         2.46817e-07              5.2              1.114030e+07             24.6                  0          
    1129819689.0         1129820070.9         1.13936e-06              5.2              3.554145e+06             42.0                  1           
    1129509165.4         1129510362.1         1.14264e-07              5.2              1.759677e+07             10.0                  1           
    1128669822.8         1128670743.7         2.03064e-07              5.2              1.351727e+07             10.0                  0          
    1128659757.8         1128660315.1         8.41722e-07              5.2              5.901121e+06             10.0                  0          
    1127836330.3         1127837170.2          7.6947e-08              5.2              1.180712e+07            109.8                  1           
    1127576133.8         1127576924.7         2.96944e-07              5.2              1.031857e+07             21.0                  1           
    1127551627.6         1127552274.4         6.03467e-07              5.2              7.341298e+06             10.0                  0          
    1126619494.0         1126620265.6         2.86123e-07              5.2              9.889869e+06             30.1                  0          
    1137208939.4         1137209721.5         2.21755e-07              5.2              1.019069e+07             46.4                  1           
    1137180127.2         1137180972.0         2.73693e-07              5.2              1.161105e+07             10.0                  1           
    1137079820.5         1137080665.1         5.68804e-08              5.2              1.198909e+07            131.8                  1           
    1137054640.7         1137055131.8         1.08586e-06              5.2              4.942507e+06             10.0                  1           
    1137005690.7         1137006610.0         1.04804e-07              5.2              1.365397e+07             61.7                  1           
    1136998697.7         1136999216.1         8.04239e-07              5.2              5.361029e+06             24.9                  1           
    1136752515.8         1136753323.4          3.1962e-07              5.2              1.068173e+07             10.0                  1           
    1136636859.5         1136637698.3         2.80447e-07              5.2              1.146198e+07             10.0                  0          
    1136627220.2         1136628423.6         1.04161e-07              5.2              1.829970e+07             10.0                  0          
    1135953390.5         1135954191.9         3.28056e-07              5.2              1.053012e+07             10.0                  1           
    1136744969.0         1136745717.5         2.95354e-07              5.2              9.380723e+06             35.0                  1           
    1126650938.1         1126651706.4         3.77264e-07              5.2              9.737227e+06             10.0                  1           
    1136636865.3         1136637697.2          1.0501e-07              5.1              1.145896e+07             59.6                  0          
    1136199048.9         1136199874.4         2.21867e-07              5.1              1.112833e+07             10.0                  0          
    1135365872.5         1135366684.3         2.35715e-07              5.1              1.078689e+07             10.0                  1           
    1135064647.0         1135065411.3         5.81472e-08              5.1              9.972881e+06            121.4                  0          
    1135023539.7         1135024328.9         2.60573e-07              5.1              1.023428e+07             10.0                  1           
    1134920230.5         1134921026.8          2.5504e-07              5.1              1.040177e+07             9.3                   0          
    1134234522.1         1134235475.1         1.25764e-07              5.1              1.433308e+07             12.9                  1           
    1134021217.0         1134021887.2         4.12587e-07              5.1              7.760671e+06             12.3                  1           
    1133839265.8         1133840194.6          8.2844e-08              5.1              1.385177e+07             48.3                  1           
    1133795023.4         1133795784.2         2.69588e-07              5.1              9.589257e+06             16.2                  0          
    1133188290.1         1133189075.8         2.17883e-07              5.1              1.020272e+07             23.3                  1           
    1132066257.3         1132067103.8         2.02464e-07              5.1              1.165500e+07             10.0                  0          
    1131784437.8         1131785207.3         2.88601e-07              5.1              9.761131e+06             9.0                   1           
    1131454495.4         1131455223.8         3.38282e-07              5.1              8.871254e+06             10.0                  1           
    1131112673.4         1131113475.6         2.54926e-07              5.1              1.053874e+07             7.6                   0          
    1131061680.7         1131062621.6         5.37936e-08              5.1              1.423485e+07             75.1                  0          
    1130660114.8         1130660999.4         1.72415e-07              5.1              1.260992e+07             10.0                  1           
    1130470520.5         1130470999.3         6.91914e-07              5.1              4.809982e+06             28.3                  0          
    1130236037.8         1130236884.0         3.01824e-08              5.1              1.206082e+07            141.9                  0          
    1130210338.9         1130211255.2         1.51565e-07              5.1              1.340306e+07             10.0                  1           
    1129900335.8         1129901024.1         1.43457e-10              5.1              9.267532e+06            562.9                  1           
    1129889363.0         1129890296.3         1.20697e-07              5.1              1.387222e+07             21.0                  1           
    1128826044.8         1128826876.0         6.98149e-08              5.1              1.152596e+07             88.2                  0          
    1128497484.6         1128498241.1         8.53227e-09              5.1              1.015356e+07            257.0                  0          
    1127703009.9         1127703942.6         9.87793e-08              5.1              1.391043e+07             35.0                  1           
    1126764438.2         1126765212.7         2.65928e-07              5.1              9.895680e+06             13.1                  1           
    1126658931.4         1126659767.8         1.60406e-07              5.1              1.147666e+07             29.0                  0          
    1137159855.0         1137160643.3         7.64853e-08              5.1              1.047586e+07             95.0                  1           
    1137093933.8         1137095137.1         7.32722e-08              5.1              1.828981e+07             10.0                  1           
    1137019103.5         1137019892.5         2.60723e-07              5.1              1.023111e+07             10.0                  1           
    1136854625.0         1136855572.9         1.33774e-07              5.1              1.419365e+07             10.0                  1           
    1136785196.7         1136785907.6         5.59826e-08              5.1              8.835401e+06            139.9                  1           
    1136777915.1         1136778788.4         2.13292e-08              5.1              1.278484e+07            158.2                  1           
    1136755111.5         1136755886.0         2.78154e-07              5.1              9.882985e+06             10.0                  1           
    1136744960.9         1136745710.5         3.09901e-07              5.1              9.316577e+06             10.0                  1           
    1136699267.8         1136700205.5         1.39237e-07              5.1              1.393789e+07             10.0                  1           
    1136199048.4         1136199874.3         2.21533e-07              5.1              1.113695e+07             10.0                  0          
    1136170372.7         1136170789.3         7.15693e-07              5.1              4.001723e+06             44.4                  0          
    1131112673.9         1131113475.5         2.44341e-07              5.1              1.053952e+07             10.6                  0          
    1127316923.0         1127317759.4         2.11528e-07              5.1              1.140155e+07             10.0                  0          
    1127234249.0         1127235097.2         2.00991e-07              5.1              1.169759e+07             10.0                  1           
    1126569317.7         1126570093.1         2.77096e-07              5.1              9.903269e+06             10.0                  0          
    1137053871.7         1137054362.2         8.60378e-07              5.1              4.935585e+06             10.0                  1           
    1136972570.4         1136973364.6         2.54743e-07              5.1              1.035775e+07             10.0                  1           
    1135187994.1         1135188769.6         2.76888e-07              5.1              9.907324e+06             10.0                  1           
    1131268082.2         1131268849.0         2.87652e-07              5.1              9.705134e+06             10.0                  0          
    1127838184.0         1127838952.2         2.05942e-07              5.1              9.818041e+06             32.5                  1           
    1136498874.7         1136499636.1         8.72056e-08              5.0              9.755100e+06             67.3                  1           
    1136468031.3         1136468804.7         1.90356e-07              5.0              9.878413e+06             15.7                  1           
    1136279246.5         1136280030.7         6.77928e-09              5.0              1.072631e+07            219.0                  0          
    1136216460.1         1136217268.9         1.40552e-07              5.0              1.076868e+07             24.1                  1           
    1136170370.0         1136170788.6         7.06016e-07              5.0              4.002527e+06             26.6                  0          
    1135635754.3         1135636161.8         6.00037e-07              5.0              3.879002e+06             39.9                  0          
    1135481152.3         1135481600.2         2.29554e-07              5.0              4.473728e+06             88.4                  0          
    1135479533.5         1135480269.9         2.46693e-07              5.0              9.036821e+06             10.0                  0          
    1135187905.2         1135188680.3          2.0181e-07              5.0              9.901567e+06             11.7                  1           
    1134922688.6         1134923295.5         4.20244e-07              5.0              6.675535e+06             10.0                  0          
    1134900546.8         1134901331.1         1.33999e-07              5.0              1.020689e+07             34.1                  0          
    1134888219.0         1134888776.9         2.78106e-07              5.0              5.986431e+06             47.8                  1           
    1134736649.3         1134737364.7         1.31214e-08              5.0              9.064323e+06            197.7                  0          
    1134684291.9         1134685073.1         1.00296e-07              5.0              1.018784e+07             52.9                  1           
    1134236947.2         1134237899.2         7.99429e-08              5.0              1.433771e+07             20.1                  1           
    1134168994.2         1134169779.5         1.26124e-07              5.0              1.024076e+07             37.5                  0          
    1133808948.9         1133809781.7         3.06063e-09              5.0              1.204211e+07            254.4                  1           
    1133698656.5         1133699510.9         1.05439e-07              5.0              1.192580e+07             28.9                  1           
    1133464614.0         1133465589.6         8.54546e-08              5.0              1.488928e+07             10.0                  1           
    1133193332.1         1133194065.4          2.3173e-07              5.0              8.988723e+06             14.7                  1           
    1132789674.1         1132790174.7         5.41664e-07              5.0              5.100393e+06             21.0                  0          
    1132674419.8         1132675334.3         6.25488e-08              5.0              1.348343e+07             45.0                  0          
    1132659651.3         1132660467.7         1.85489e-07              5.0              1.087932e+07             5.0                   0          
    1132485799.0         1132486623.3         1.97975e-08              5.0              1.150730e+07            141.0                  0          
    1132391673.0         1132392444.2          1.3135e-07              5.0              9.908751e+06             39.1                  0          
    1132241664.9         1132242626.9         9.03917e-08              5.0              1.454509e+07             10.0                  1           
    1132215092.8         1132215503.7         5.09848e-07              5.0              3.935303e+06             49.0                  1           
    1131799880.6         1131800728.2         1.47921e-07              5.0              1.168261e+07             10.0                  1           
    1131707085.6         1131708283.1          5.5282e-08              5.0              1.767146e+07             10.0                  0          
    1131599532.1         1131600295.7          1.4545e-07              5.0              9.717331e+06             35.0                  0          
    1131432906.1         1131433548.2         6.47072e-08              5.0              7.482819e+06            117.6                  1           
    1131148471.4         1131148875.9         5.65622e-07              5.0              3.846484e+06             44.4                  0          
    1130898640.3         1130899465.5         9.25984e-08              5.0              1.124624e+07             45.1                  0          
    1130876059.6         1130876474.7         5.02189e-07              5.0              3.989907e+06             48.7                  1           
    1130781791.0         1130782442.6         3.51223e-07              5.0              7.423874e+06             10.0                  1           
    1130775870.9         1130776754.0         1.06818e-07              5.0              1.261490e+07             20.2                  1           
    1130656009.0         1130656802.8         1.89971e-07              5.0              1.034413e+07             10.0                  1           
    1130506853.2         1130507678.0         9.33779e-08              5.0              1.123624e+07             44.7                  1           
    1130224718.9         1130225635.8         1.09113e-07              5.0              1.341731e+07             10.0                  0          
    1130223554.3         1130224358.7         6.64865e-08              5.0              1.080482e+07             71.7                  0          
    1129986922.0         1129987773.6         1.45303e-07              5.0              1.178119e+07             10.0                  0          
    1129905555.3         1129906264.5         5.04236e-08              5.0              8.742967e+06            115.7                  1           
    1129535446.9         1129536643.7          5.5817e-08              5.0              1.760809e+07             10.0                  0          
    1129370791.0         1129371558.9         1.19353e-07              5.0              9.847416e+06             46.0                  0          
    1128655909.3         1128656681.4         1.79475e-07              5.0              9.864565e+06             19.6                  0          
    1128393230.9         1128394189.8         1.01217e-07              5.0              1.444424e+07             3.8                   1           
    1128225050.4         1128225840.9         1.44564e-07              5.0              1.033361e+07             27.6                  1           
    1128042592.4         1128043403.6         1.04713e-07              5.0              1.088614e+07             41.6                  1           
    1127880866.7         1127881671.1         1.80765e-07              5.0              1.060357e+07             10.0                  1           
    1127574150.9         1127574536.9         9.18975e-07              5.0              3.571864e+06             19.8                  1           
    1127291309.0         1127292305.2         7.86632e-08              5.0              1.540332e+07             10.0                  0          
    1127069288.3         1127070102.6         1.08314e-08              5.0              1.137206e+07            181.2                  0          
    1126911975.0         1126912771.6         1.87474e-07              5.0              1.041310e+07             10.0                  1           
    1126870584.7         1126871538.0         9.57639e-08              5.0              1.432314e+07             8.6                   0          
    1126753339.0         1126754107.0         1.20331e-07              5.0              9.850293e+06             45.5                  1           
    1126657701.3         1126658494.2         1.52171e-07              5.0              1.037778e+07             23.8                  0          
    1126585459.1         1126586233.8         2.22829e-07              5.0              9.871620e+06             5.7                   0          
    1137276264.3         1137277091.2         1.41588e-08              5.0              1.162953e+07            161.0                  1           
    1137085555.4         1137086307.5         1.48681e-07              5.0              9.462391e+06             36.9                  1           
    1137079736.0         1137080464.9         6.96852e-08              5.0              9.093075e+06             90.3                  1           
    1136954173.9         1136955067.6         1.12867e-07              5.0              1.285128e+07             14.1                  1           
    1136756274.0         1136757072.1         1.76401e-07              5.0              1.046187e+07             13.3                  1           
    1136706777.8         1136707582.1         5.54194e-08              5.0              1.083569e+07             83.0                  1           
    1136656950.9         1136657902.9         4.00654e-08              5.0              1.447645e+07             62.9                  1           
    1136498873.8         1136499635.2         9.03845e-08              5.0              9.750800e+06             65.1                  1           
    1136482866.5         1136483650.6         1.98767e-07              5.0              1.011089e+07             10.0                  1           
    1136468032.8         1136468804.6         1.61438e-07              5.0              9.881762e+06             26.2                  1           
    1136299545.8         1136300250.8         2.59795e-07              5.0              8.420377e+06             15.0                  0          
    1136294961.0         1136295884.4         1.06166e-07              5.0              1.357873e+07             10.0                  0          
    1136279246.5         1136280030.0         6.35761e-09              5.0              1.072357e+07            223.1                  0          
    1135635809.0         1135636812.3         7.64501e-08              5.0              1.558196e+07             10.0                  0          
    1135481151.0         1135481599.8         2.57443e-07              5.0              4.475672e+06             81.0                  0          
    1127060385.0         1127061582.6         5.51659e-08              5.0              1.768538e+07             10.0                  1           
    1137177925.2         1137178730.7         6.26464e-08              5.0              1.084500e+07             75.0                  1           
    1133292213.3         1133293054.6         1.18768e-07              5.0              1.158585e+07             25.2                  0          
    1131742356.7         1131743126.8         2.19995e-07              5.0              9.770064e+06             7.8                   1           
    1126649553.5         1126650323.2         2.10812e-07              5.0              9.772642e+06             10.5                  1           
    1126585762.5         1126586535.3         1.53635e-07              5.0              9.913063e+06             29.0                  0          
    1126582354.7         1126583130.2         2.05215e-07              5.0              9.908550e+06             10.5                  0          
    1126581357.7         1126582128.9         1.36738e-07              5.0              9.902623e+06             36.6                  0          
