1132440671.4 7.6 1132441289.2 1132441797.9 1132444629.4 1132442933.1 1132442254.6 4.02128e-05 1132441200 1132444700 -10.1 -71.0 7.915994e+06 1132441911.0 1.58906e-05
1132440355.9 7.6 1132440977.5 1132441488.4 1132444338.2 1132442631.5 1132441948.8 4.03998e-05 1132440900 1132444400 -10.5 -70.9 7.964725e+06 1132441911.0 1.59438e-05
1129885799.6 7.5 1129886582.8 1129887051.0 1129891168.9 1129888867.8 1129887947.3 3.21699e-05 1129886500 1129891200 36.5 70.4 1.073868e+07 1129887540.4 9.03589e-06
1133509823.0 7.2 1133510622.1 1133511117.8 1133515085.3 1133512830.0 1133511927.9 2.29874e-05 1133510600 1133515100 38.2 72.8 1.052470e+07 1133513449.1 3.24587e-05
1133303117.1 7.1 1133304315.2 1133304524.1 1133312192.5 1133308303.0 1133306747.3 1.00057e-05 1133304300 1133312200 -47.6 85.1 1.815074e+07 1133309457.6 2.57690e-06
1129413139.6 7.1 1129413901.5 1129414399.8 1129418117.4 1129415984.1 1129415130.7 1.74066e-05 1129413900 1129418200 -14.9 167.3 9.955734e+06 1129415639.7 2.66474e-06
1133691725.5 6.9 1133692581.1 1133693044.0 1133697689.5 1133695133.5 1133694111.1 1.14271e-05 1133692500 1133697700 -4.1 129.5 1.192797e+07 1133695061.6 2.87996e-06
1131245196.8 6.9 1131245963.2 1131246482.2 1131250043.6 1131247966.4 1131247135.5 1.47943e-05 1131245900 1131250100 -29.5 -72.1 9.693544e+06 1131245979.7 5.25889e-06
1131242095.6 6.9 1131242861.7 1131243380.4 1131246943.5 1131244865.8 1131244034.7 1.47387e-05 1131242800 1131247000 -29.5 -72.0 9.695810e+06 1131245637.1 5.85497e-06
1131906681.6 6.8 1131907465.4 1131907972.7 1131911739.8 1131909572.0 1131908704.9 1.16353e-05 1131907400 1131911800 -8.9 158.4 1.011650e+07 1131909757.8 4.79761e-06
1130916720.9 6.8 1130917489.0 1130917999.3 1130921647.8 1130919536.3 1130918691.7 1.12333e-05 1130917400 1130921700 -30.9 -71.5 9.853924e+06 1130919729.5 3.31448e-06
1135897539.3 6.7 1135898370.0 1135898840.9 1135903247.4 1135900801.1 1135899822.5 7.60535e-06 1135898300 1135903300 24.8 93.7 1.141629e+07 1135901327.3 1.18925e-06
1132551935.4 6.7 1132552549.7 1132553055.5 1132555845.6 1132554169.8 1132553499.5 3.53421e-06 1132552500 1132555900 -9.2 -71.3 7.820373e+06 1132553170.9 1.63354e-06
1131483108.0 6.7 1131483843.0 1131484382.6 1131487614.4 1131485683.1 1131484910.6 1.10345e-05 1131483800 1131487700 31.0 128.9 9.012779e+06 1131486237.0 5.08451e-06
1134417010.0 6.6 1134417436.2 1134417780.1 1134419100.2 1134418204.4 1134417846.1 1.81828e-05 1134417400 1134419200 15.8 -93.6 4.180258e+06 1134418783.8 1.53304e-06
1131036439.2 6.6 1131037346.8 1131037782.5 1131043032.4 1131040206.7 1131039076.5 5.80729e-06 1131037300 1131043100 6.8 94.6 1.318650e+07 1131040436.4 6.07773e-07
1127145224.7 6.6 1127146064.2 1127146537.0 1127150980.3 1127148513.6 1127147527.0 6.72287e-06 1127146000 1127151000 -0.6 131.3 1.151113e+07 1127147443.3 4.98589e-07
1126892417.1 6.6 1126893190.0 1126893699.2 1126897386.1 1126895256.5 1126894404.7 7.68723e-06 1126893100 1126897400 -31.7 -71.4 9.938141e+06 1126895503.2 2.78149e-06
1136565502.9 6.5 1136566341.0 1136566815.7 1136571231.1 1136568776.2 1136567794.2 5.62460e-06 1136566300 1136571300 3.9 126.9 1.145644e+07 1136568748.6 1.80792e-06
1136565502.0 6.5 1136566340.1 1136566814.8 1136571230.1 1136568775.2 1136567793.3 5.62468e-06 1136566300 1136571300 3.9 126.9 1.145630e+07 1136568748.6 1.80792e-06
1131779424.3 6.5 1131780193.4 1131780710.4 1131784304.6 1131782213.1 1131781376.4 6.87207e-06 1131780100 1131784400 38.7 20.6 9.760668e+06 1131782463.2 2.35823e-06
1131120243.1 6.5 1131120651.7 1131120981.6 1131122169.1 1131121343.7 1131121013.5 1.96874e-05 1131120600 1131122200 51.6 -173.1 3.852122e+06 1131121807.9 2.97872e-06
1130643872.2 6.5 1130644755.5 1130645202.8 1130650181.8 1130647477.7 1130646396.0 4.89330e-06 1130644700 1130650200 -8.3 124.9 1.261912e+07 1130647404.1 4.82887e-07
1135648857.0 6.3 1135649815.2 1135650208.9 1135656082.9 1135652986.1 1135651747.4 2.80183e-06 1135649800 1135656100 -50.6 139.4 1.445178e+07 1135652894.6 4.79097e-07
1135106104.2 6.3 1135106890.1 1135107361.1 1135111471.0 1135109170.9 1135108250.9 2.08159e-06 1135106800 1135111500 36.5 71.1 1.073366e+07 1135107849.1 2.42987e-07
1127271095.8 6.3 1127271863.9 1127272374.2 1127276022.9 1127273911.3 1127273066.7 4.05197e-06 1127271800 1127276100 -30.8 -71.3 9.854162e+06 1127274109.6 8.34627e-07
1136567300.9 6.2 1136567913.6 1136568414.9 1136570898.2 1136569356.5 1136568739.8 2.26096e-06 1136567900 1136570900 44.5 141.1 7.194613e+06 1136568748.6 1.58110e-06
1135021460.1 6.2 1135022294.3 1135022771.5 1135027137.2 1135024704.2 1135023731.0 3.10045e-06 1135022200 1135027200 -55.8 -123.1 1.135412e+07 1135024530.9 3.37411e-07
1132693239.9 6.2 1132693986.0 1132694513.0 1132697901.7 1132695903.8 1132695104.6 3.66558e-06 1132693900 1132698000 -24.8 -70.6 9.323626e+06 1132696114.1 1.55929e-07
1130915088.4 6.2 1130915853.5 1130916372.6 1130919927.0 1130917853.3 1130917023.8 3.79720e-06 1130915800 1130920000 -29.5 -72.3 9.677228e+06 1130919729.5 3.61688e-06
1129599623.3 6.2 1129600650.0 1129601014.8 1129607709.2 1129604243.8 1129602857.7 1.92562e-06 1129600600 1129607800 -54.2 6.2 1.617166e+07 1129604373.4 1.03068e-07
1126702357.9 6.2 1126703134.4 1126703645.1 1126707339.4 1126705204.5 1126704350.5 3.58857e-06 1126703100 1126707400 -32.3 -72.1 9.962887e+06 1126705746.2 6.95653e-07
1126602661.7 6.2 1126603439.7 1126603951.8 1126607640.9 1126605506.9 1126604653.4 3.73420e-06 1126603400 1126607700 -32.4 -72.2 9.958245e+06 1126606348.2 5.02808e-07
1134672473.6 6.1 1134673338.2 1134673797.5 1134678535.2 1134675937.4 1134674898.2 2.28076e-06 1134673300 1134678600 3.6 117.6 1.212313e+07 1134675964.9 4.84485e-07
1133701098.8 6.1 1133701859.6 1133702382.2 1133705882.4 1133703832.3 1133703012.2 3.17610e-06 1133701800 1133705900 -16.7 175.2 9.567181e+06 1133703816.9 3.16256e-07
1132131990.5 6.1 1132132847.0 1132133298.5 1132138062.1 1132135460.0 1132134419.1 1.68756e-06 1132132800 1132138100 -7.1 129.9 1.214336e+07 1132134264.9 4.55816e-08
1128560324.2 6.1 1128561156.9 1128561635.4 1128565979.5 1128563555.8 1128562586.3 2.54898e-06 1128561100 1128566000 -54.5 -135.7 1.131057e+07 1128563582.9 3.89567e-07
1126849191.9 6.1 1126849964.2 1126850474.9 1126854144.9 1126852022.2 1126851173.1 2.78049e-06 1126849900 1126854200 -31.6 -71.7 9.906000e+06 1126852206.0 4.85310e-07
1126674424.5 6.1 1126675192.0 1126675711.2 1126679277.1 1126677197.4 1126676365.5 3.17323e-06 1126675100 1126679300 -29.6 -72.1 9.705170e+06 1126677923.5 2.00221e-07
1136021671.6 6.0 1136022503.8 1136022982.7 1136027319.8 1136024899.2 1136023930.9 2.06034e-06 1136022500 1136027400 -54.3 -136.3 1.129642e+07 1136024948.7 3.09606e-07
1136021671.0 6.0 1136022503.2 1136022982.0 1136027319.2 1136024898.5 1136023930.3 2.06035e-06 1136022500 1136027400 -54.3 -136.3 1.129635e+07 1136024948.7 3.09606e-07
1134526270.4 6.0 1134527054.1 1134527562.1 1134531322.7 1134529157.4 1134528291.3 2.39644e-06 1134527000 1134531400 -18.4 169.4 1.010476e+07 1134529445.6 1.95576e-07
1132406512.7 6.0 1132407181.9 1132407664.4 1132410959.8 1132409053.9 1132408291.6 1.64737e-07 1132407100 1132411000 18.8 145.3 8.894145e+06 1132407864.4 6.47105e-08
1129608275.1 6.0 1129609477.9 1129609689.8 1129617391.0 1129613484.2 1129611921.5 1.01966e-06 1129609400 1129617400 -45.8 37.2 1.823179e+07 1129614139.5 8.15660e-08
1129220332.5 6.0 1129221056.5 1129221603.8 1129224726.0 1129222843.0 1129222089.9 2.85279e-06 1129221000 1129224800 -16.2 -173.3 8.786864e+06 1129222821.1 4.96635e-07
1128836605.3 6.0 1128837167.4 1128837470.8 1128839594.0 1128838313.1 1128837800.8 4.62514e-06 1128837100 1128839600 48.9 156.2 5.977376e+06 1128839056.4 3.85866e-07
1126941197.5 6.0 1126941966.9 1126942474.2 1126946155.9 1126944030.9 1126943180.9 1.93922e-06 1126941900 1126946200 -31.4 -71.3 9.916754e+06 1126944216.0 1.81121e-07
1126627199.6 6.0 1126627858.0 1126628397.0 1126630970.6 1126629354.5 1126628708.0 3.50323e-06 1126627800 1126631000 15.3 -46.0 7.542006e+06 1126629550.3 5.31169e-07
1136627128.4 5.9 1136628331.7 1136628543.5 1136636275.5 1136632355.3 1136630787.2 7.93927e-07 1136628300 1136636300 -31.3 58.2 1.829406e+07 1136630055.6 7.36029e-08
1131727770.7 5.9 1131728339.7 1131728636.3 1131730836.8 1131729522.7 1131728997.1 3.24192e-06 1131728300 1131730900 48.3 154.2 6.132045e+06 1131729588.0 2.81365e-07
1129885789.0 5.9 1129886575.2 1129887045.8 1129891160.2 1129888858.3 1129887937.5 5.96722e-07 1129886500 1129891200 36.5 70.7 1.074244e+07 1129887540.4 9.03589e-06
1128098023.8 5.9 1128098790.8 1128099304.0 1128102921.4 1128100822.4 1128099982.8 1.76518e-06 1128098700 1128103000 -30.3 -71.5 9.795174e+06 1128101027.1 2.87287e-07
1127888832.8 5.9 1127889599.3 1127890112.0 1127893729.8 1127891631.1 1127890791.6 1.72681e-06 1127889500 1127893800 -30.3 -71.6 9.793989e+06 1127891848.8 2.22044e-07
1127489302.8 5.9 1127490033.3 1127490536.6 1127494025.6 1127492001.5 1127491191.9 6.66063e-07 1127490000 1127494100 -23.8 -66.6 9.445605e+06 1127490759.4 1.54152e-07
1127338852.4 5.9 1127339700.4 1127340170.1 1127344698.6 1127342193.1 1127341190.9 1.57482e-06 1127339700 1127344700 -57.1 -142.4 1.169234e+07 1127342243.0 1.66748e-07
1135995688.3 5.8 1135996414.3 1135996962.1 1136000089.6 1135998203.3 1135997448.8 1.93920e-06 1135996400 1136000100 30.6 132.7 8.802498e+06 1135998273.1 5.92170e-08
1135743756.6 5.8 1135744371.4 1135744877.5 1135747658.7 1135745986.4 1135745317.4 6.18949e-08 1135744300 1135747700 44.8 129.9 7.804345e+06 1135747097.8 9.47844e-08
1135695753.7 5.8 1135696535.7 1135697039.5 1135700829.7 1135698654.3 1135697784.1 1.32580e-06 1135696500 1135700900 -28.6 -177.3 1.015189e+07 1135698523.4 2.62926e-08
1135594635.1 5.8 1135595129.5 1135595461.2 1135597140.6 1135596066.8 1135595637.3 3.64435e-06 1135595100 1135597200 11.2 -86.6 5.010921e+06 1135596925.7 4.33800e-07
1135389118.5 5.8 1135389902.3 1135390405.8 1135394208.0 1135392026.8 1135391154.3 1.35407e-06 1135389900 1135394300 -6.2 154.8 1.017882e+07 1135391965.6 2.65258e-07
1135101502.0 5.8 1135102290.6 1135102795.5 1135106613.1 1135104422.6 1135103546.4 1.52387e-06 1135102200 1135106700 -40.7 -86.4 1.022217e+07 1135104444.9 2.79411e-08
1135033875.2 5.8 1135034730.5 1135035176.3 1135039985.8 1135037367.0 1135036319.4 5.97084e-07 1135034700 1135040000 -7.2 129.0 1.222123e+07 1135036157.4 1.32622e-08
1134924926.5 5.8 1134925933.8 1134926311.0 1134932767.7 1134929407.2 1134928063.0 7.96954e-07 1134925900 1134932800 -54.2 -1.5 1.568251e+07 1134930202.1 1.03650e-07
1134588322.6 5.8 1134589089.6 1134589600.2 1134593240.1 1134591132.6 1134590289.6 1.26833e-06 1134589000 1134593300 -30.6 -71.3 9.835035e+06 1134591339.6 1.23420e-07
1133024922.1 5.8 1133025650.6 1133026195.3 1133029357.8 1133027456.8 1133026696.4 1.85666e-06 1133025600 1133029400 -14.9 -176.6 8.871344e+06 1133028220.9 2.81185e-07
1132858386.5 5.8 1132859145.7 1132859669.1 1132863154.0 1132861110.8 1132860293.5 1.67018e-06 1132859100 1132863200 -23.6 -64.7 9.535036e+06 1132859938.3 5.10244e-08
1132182347.7 5.8 1132183116.3 1132183630.0 1132187252.4 1132185150.4 1132184309.5 1.45335e-06 1132183100 1132187300 -30.6 -71.8 9.809472e+06 1132185347.4 1.68291e-07
1132032729.5 5.8 1132033437.8 1132033995.9 1132036970.2 1132035152.7 1132034425.8 1.92543e-06 1132033400 1132037000 26.4 142.6 8.481342e+06 1132035360.9 2.14102e-07
1131669590.5 5.8 1131670064.9 1131670409.4 1131671943.7 1131670935.2 1131670531.8 4.27251e-06 1131670000 1131672000 17.8 -81.8 4.706372e+06 1131671359.3 4.25311e-07
1131320196.2 5.8 1131321051.0 1131321495.9 1131326309.9 1131323689.7 1131322641.7 5.71254e-07 1131321000 1131326400 -7.2 128.9 1.222732e+07 1131325172.1 1.20437e-08
1130487350.5 5.8 1130487760.9 1130488092.3 1130489286.1 1130488456.6 1130488124.8 5.19059e-06 1130487700 1130489300 51.6 -173.3 3.871092e+06 1130488759.5 3.84078e-07
1130426194.5 5.8 1130426930.3 1130427449.9 1130430841.2 1130428849.7 1130428053.2 9.30129e-07 1130426900 1130430900 -23.2 -68.4 9.293388e+06 1130429448.6 1.31118e-07
1130100417.3 5.8 1130101167.8 1130101672.3 1130105267.1 1130103188.6 1130102357.3 7.27381e-07 1130101100 1130105300 -11.0 166.4 9.699544e+06 1130103696.2 6.73375e-07
1129820354.7 5.8 1129821144.3 1129821648.6 1129825477.0 1129823281.7 1129822403.6 1.51914e-06 1129821100 1129825500 -29.3 -177.8 1.024469e+07 1129822828.4 1.02029e-07
1129673019.8 5.8 1129673844.9 1129674328.4 1129678575.1 1129676194.3 1129675241.9 1.36893e-06 1129673800 1129678600 -2.2 138.3 1.111046e+07 1129677082.6 5.65501e-08
1129297858.6 5.8 1129298667.7 1129299142.4 1129303371.2 1129301008.7 1129300063.7 7.53222e-07 1129298600 1129303400 13.9 120.6 1.102523e+07 1129299622.6 3.90602e-08
1129116806.0 5.8 1129117572.3 1129118089.6 1129121665.4 1129119582.8 1129118749.7 1.56673e-06 1129117500 1129121700 -25.5 -64.5 9.718949e+06 1129120200.9 8.03408e-08
1127887439.1 5.8 1127888233.5 1127888733.8 1127892629.2 1127890404.9 1127889515.1 1.44964e-06 1127888200 1127892700 -37.5 -73.7 1.038032e+07 1127891848.8 2.08354e-07
1127145433.2 5.8 1127146212.8 1127146719.8 1127150465.6 1127148308.8 1127147446.1 1.41447e-06 1127146200 1127150500 -10.2 160.5 1.006482e+07 1127147443.3 4.60356e-07
1136250738.0 5.7 1136251507.8 1136252021.3 1136255650.1 1136253544.9 1136252702.9 1.16650e-06 1136251500 1136255700 -30.7 -71.6 9.824254e+06 1136253800.8 1.30995e-07
1136066407.2 5.7 1136067112.0 1136067644.3 1136070783.5 1136068907.9 1136068157.7 5.40716e-07 1136067100 1136070800 22.1 143.6 8.752742e+06 1136067958.8 3.66990e-08
1135695753.0 5.7 1135696535.0 1135697038.8 1135700829.0 1135698653.6 1135697783.4 1.03745e-06 1135696500 1135700900 -28.6 -177.3 1.015203e+07 1135698523.4 2.62926e-08
1134747861.8 5.7 1134748632.8 1134749120.6 1134752984.5 1134750789.1 1134749910.9 4.19555e-07 1134748600 1134753000 -4.4 152.0 1.024529e+07 1134749640.4 2.73170e-08
1134572633.0 5.7 1134573566.2 1134573983.6 1134579580.1 1134576602.8 1134575411.8 6.72490e-07 1134573500 1134579600 -8.4 107.0 1.389418e+07 1134577881.1 1.70547e-08
1133784331.7 5.7 1133785294.2 1133785687.1 1133791611.7 1133788491.7 1133787243.7 7.01342e-07 1133785200 1133791700 -58.9 -23.9 1.455991e+07 1133788629.2 1.14675e-07
1133564032.1 5.7 1133564480.9 1133564824.2 1133566272.0 1133565312.1 1133564928.1 2.16879e-06 1133564400 1133566300 14.2 -90.9 4.479869e+06 1133565708.7 4.10162e-08
1132513078.6 5.7 1132513923.5 1132514390.0 1132518931.3 1132516423.0 1132515419.7 8.43560e-07 1132513900 1132519000 1.4 126.3 1.170532e+07 1132517612.3 5.17040e-08
1132251381.7 5.7 1132252179.7 1132252661.7 1132256750.1 1132254449.3 1132253529.0 5.94741e-07 1132252100 1132256800 36.4 71.4 1.073670e+07 1132255114.4 2.23350e-08
1131564038.4 5.7 1131564772.0 1131565313.1 1131568527.1 1131566603.4 1131565833.9 1.46335e-06 1131564700 1131568600 31.4 128.8 8.977374e+06 1131567165.1 1.69552e-07
1131017611.6 5.7 1131018019.1 1131018348.3 1131019535.8 1131018711.1 1131018381.3 4.07200e-06 1131018000 1131019600 51.5 -173.0 3.848352e+06 1131019166.6 3.52638e-07
1131010514.3 5.7 1131011428.8 1131011849.5 1131017292.1 1131014387.3 1131013225.4 5.22231e-07 1131011400 1131017300 0.8 98.9 1.355561e+07 1131016460.9 4.70388e-07
1131005634.4 5.7 1131006335.6 1131006870.1 1131009976.4 1131008115.5 1131007371.2 5.39673e-07 1131006300 1131010000 -17.3 -69.4 8.683999e+06 1131007064.8 2.28826e-08
1130928841.2 5.7 1130929609.2 1130930120.3 1130933762.2 1130931653.2 1130930809.6 1.02653e-06 1130929600 1130933800 -30.7 -71.4 9.842023e+06 1130931848.8 9.79358e-08
1130621119.0 5.7 1130622003.7 1130622452.4 1130627425.1 1130624722.5 1130623641.5 8.81592e-07 1130622000 1130627500 -8.3 124.9 1.261224e+07 1130622163.8 4.05547e-08
1129368565.8 5.7 1129369247.0 1129369768.8 1129372862.3 1129371020.9 1129370284.4 2.00606e-07 1129369200 1129372900 27.1 140.2 8.592980e+06 1129370690.3 1.58084e-08
1128101771.9 5.7 1128102203.1 1128102549.9 1128103899.5 1128102987.7 1128102622.9 2.20201e-06 1128102200 1128103900 51.9 -179.3 4.255268e+06 1128103074.4 8.62179e-08
1127664429.3 5.7 1127665366.6 1127665768.6 1127671539.8 1127668492.5 1127667273.5 3.86659e-07 1127665300 1127671600 -56.2 -27.7 1.422096e+07 1127670494.3 2.06621e-07
1127137755.5 5.7 1127137873.7 1127137966.8 1127138207.9 1127138014.0 1127137936.5 2.21630e-05 1127137800 1127138300 50.8 -130.2 9.048801e+05 1127138167.1 4.36046e-06
1126688846.5 5.7 1126689617.6 1126690129.5 1126693780.6 1126691666.0 1126690820.2 1.12736e-06 1126689600 1126693800 -31.1 -71.6 9.868118e+06 1126691857.6 1.48580e-07
1136463139.4 5.6 1136463994.9 1136464461.6 1136469066.7 1136466526.4 1136465510.3 7.99687e-07 1136463900 1136469100 -57.7 -147.9 1.185456e+07 1136466769.2 1.46752e-07
1135320946.9 5.6 1135321522.3 1135321798.6 1135324159.9 1135322782.9 1135322232.1 6.21710e-07 1135321500 1135324200 14.7 -61.3 6.425996e+06 1135322821.4 7.30470e-08
1133614584.4 5.6 1133615354.4 1133615867.6 1133619500.7 1133617393.7 1133616550.9 9.05872e-07 1133615300 1133619600 -30.8 -71.8 9.832560e+06 1133617603.6 7.43366e-08
1133456986.3 5.6 1133457677.5 1133458151.3 1133461635.6 1133459643.1 1133458846.1 1.66210e-08 1133457600 1133461700 -18.2 -178.7 9.298623e+06 1133460729.4 1.90961e-08
1132724697.1 5.6 1132725466.8 1132725983.6 1132729582.6 1132727488.8 1132726651.3 1.02818e-06 1132725400 1132729600 -30.4 -72.2 9.771007e+06 1132728380.9 1.11190e-07
1132714284.8 5.6 1132714900.8 1132715285.2 1132717757.7 1132716269.3 1132715674.0 1.05446e-06 1132714900 1132717800 43.4 146.4 6.945666e+06 1132715530.6 1.98065e-08
1132660004.2 5.6 1132660472.0 1132660811.0 1132662351.9 1132661345.7 1132660943.3 2.00850e-06 1132660400 1132662400 13.1 -88.9 4.695458e+06 1132661951.9 1.09139e-07
1132346498.5 5.6 1132346900.7 1132347225.8 1132348400.1 1132347585.1 1132347259.1 2.99952e-06 1132346900 1132348500 17.0 -98.9 3.803147e+06 1132347935.8 6.39242e-07
1131816593.3 5.6 1131817383.1 1131817885.4 1131821734.0 1131819530.9 1131818649.6 8.94489e-07 1131817300 1131821800 40.4 73.2 1.028152e+07 1131821608.4 2.53712e-07
1131429874.2 5.6 1131430655.8 1131431161.3 1131434933.5 1131432765.2 1131431897.9 8.54090e-07 1131430600 1131435000 -29.8 -64.5 1.011870e+07 1131433233.8 2.78389e-07
1131258410.7 5.6 1131258992.4 1131259288.5 1131261547.7 1131260203.3 1131259665.5 1.91799e-06 1131258900 1131261600 -9.1 -108.6 6.273995e+06 1131260349.8 3.78401e-07
1131236834.8 5.6 1131237601.8 1131238119.6 1131241694.6 1131239611.8 1131238778.7 1.01232e-06 1131237600 1131241700 6.2 147.6 9.719609e+06 1131239709.2 2.49897e-08
1131045304.4 5.6 1131046211.8 1131046647.6 1131051893.4 1131049069.6 1131047940.0 6.42527e-07 1131046200 1131051900 7.0 94.5 1.317801e+07 1131046616.8 4.25451e-08
1131014794.4 5.6 1131015202.3 1131015531.7 1131016716.8 1131015892.9 1131015563.4 3.40775e-06 1131015200 1131016800 51.5 -172.9 3.844705e+06 1131016460.9 3.34766e-07
1130651565.4 5.6 1130652359.3 1130652861.0 1130656739.3 1130654521.9 1130653635.0 9.42925e-07 1130652300 1130656800 -3.5 149.7 1.034782e+07 1130652385.9 2.07849e-07
1129595276.6 5.6 1129596116.6 1129596590.7 1129601025.3 1129598561.5 1129597576.0 7.94720e-07 1129596100 1129601100 29.6 70.3 1.149738e+07 1129599634.6 8.70820e-08
1129408409.1 5.6 1129409291.8 1129409741.9 1129414688.0 1129411997.0 1129410920.6 7.00419e-07 1129409200 1129414700 -57.4 -65.9 1.255789e+07 1129414636.0 1.18189e-06
1129139556.9 5.6 1129140359.2 1129140855.7 1129144832.4 1129142571.5 1129141667.1 9.14417e-07 1129140300 1129144900 -42.7 -82.5 1.055090e+07 1129142628.2 1.27354e-08
1129012723.2 5.6 1129013220.6 1129013507.0 1129015441.8 1129014276.7 1129013810.6 2.69500e-07 1129013200 1129015500 55.6 159.2 5.437189e+06 1129013995.2 4.24200e-08
1128672318.6 5.6 1128673159.4 1128673630.6 1128678099.5 1128675622.0 1128674631.0 7.22793e-07 1128673100 1128678100 -40.6 176.3 1.156185e+07 1128675658.8 5.28266e-08
1128654936.2 5.6 1128655708.1 1128656220.9 1128659868.6 1128657754.7 1128656909.1 9.30053e-07 1128655700 1128659900 -31.2 -71.8 9.864880e+06 1128658034.7 6.49206e-08
1126900585.7 5.6 1126901359.3 1126901869.5 1126905551.0 1126903423.0 1126902571.8 8.69336e-07 1126901300 1126905600 -31.8 -71.6 9.930613e+06 1126901535.2 2.17099e-07
1126703354.8 5.6 1126704125.0 1126704641.5 1126708246.6 1126706150.1 1126705311.5 1.02617e-06 1126704100 1126708300 -30.5 -72.2 9.783671e+06 1126705746.2 6.80653e-07
1126599514.9 5.6 1126600292.4 1126600805.2 1126604484.0 1126602354.4 1126601502.5 1.03420e-06 1126600200 1126604500 -32.2 -72.4 9.938352e+06 1126604271.1 1.84950e-07
1133998391.9 5.5 1133999177.6 1133999684.3 1134003467.7 1134001292.4 1134000422.2 7.62680e-07 1133999100 1134003500 -41.1 -90.1 1.015174e+07 1133999187.7 3.93252e-08
1133741389.8 5.5 1133742179.5 1133742683.8 1133746513.2 1133744317.5 1133743439.2 7.51571e-07 1133742100 1133746600 -35.9 -73.3 1.024676e+07 1133742739.1 1.55213e-07
1133512273.7 5.5 1133513056.0 1133513562.2 1133517330.8 1133515163.5 1133514296.6 6.93309e-07 1133513000 1133517400 41.7 74.6 1.011417e+07 1133513449.1 3.24566e-05
1133509888.4 5.5 1133510658.6 1133511167.0 1133514844.7 1133512720.6 1133511870.9 5.59672e-07 1133510600 1133514900 -31.4 -71.3 9.912561e+06 1133513449.1 3.21954e-05
1132949962.3 5.5 1132950972.3 1132951347.9 1132957838.1 1132954462.7 1132953112.6 3.60232e-07 1132950900 1132957900 -8.8 67.7 1.575157e+07 1132956124.2 1.53831e-08
1132858598.6 5.5 1132859357.8 1132859881.5 1132863364.3 1132861321.9 1132860504.9 8.41209e-07 1132859300 1132863400 -23.5 -64.6 9.531372e+06 1132859938.3 5.04002e-08
1132433119.3 5.5 1132433936.3 1132434424.1 1132438576.8 1132436237.9 1132435302.3 6.79615e-07 1132433900 1132438600 -0.1 -17.8 1.091495e+07 1132436263.1 4.87160e-08
1131277540.9 5.5 1131278460.6 1131278875.8 1131284404.1 1131281462.7 1131280286.2 2.43581e-07 1131278400 1131284500 -8.9 110.2 1.372642e+07 1131281605.9 1.67430e-07
1131091983.0 5.5 1131092892.1 1131093327.0 1131098594.1 1131095760.8 1131094627.5 4.93396e-07 1131092800 1131098600 6.4 94.8 1.322222e+07 1131096682.2 4.41424e-08
1131014538.6 5.5 1131015446.7 1131015882.6 1131021132.6 1131018306.6 1131017176.2 5.04400e-07 1131015400 1131021200 6.9 94.5 1.318798e+07 1131019166.6 4.50250e-07
1130960430.5 5.5 1130961240.5 1130961726.7 1130965851.8 1130963528.4 1130962599.1 5.42070e-07 1130961200 1130965900 16.5 119.8 1.084259e+07 1130965836.0 2.65062e-08
1130776375.8 5.5 1130777166.4 1130777670.1 1130781511.0 1130779310.2 1130778429.8 7.48852e-07 1130777100 1130781600 -3.7 150.9 1.027049e+07 1130780171.2 1.00554e-07
1130447397.8 5.5 1130448184.9 1130448691.5 1130452484.5 1130450304.5 1130449432.4 7.80397e-07 1130448100 1130452500 22.8 121.7 1.017348e+07 1130449430.1 1.77511e-07
1129743096.4 5.5 1129743857.3 1129744324.8 1129748302.2 1129746071.2 1129745178.7 5.10579e-08 1129743800 1129748400 -30.2 -179.3 1.041173e+07 1129744620.1 1.65467e-08
1128502582.4 5.5 1128503554.4 1128503945.2 1128509981.3 1128506810.3 1128505542.0 4.04113e-07 1128503500 1128510000 -60.7 -20.8 1.479773e+07 1128504852.9 1.05114e-07
1128450473.7 5.5 1128451245.9 1128451755.6 1128455434.4 1128453308.3 1128452457.9 6.34875e-07 1128451200 1128455500 -31.7 -71.7 9.921439e+06 1128454283.1 7.66708e-08
1127965806.5 5.5 1127966576.7 1127967094.2 1127970690.4 1127968597.3 1127967760.0 8.39690e-07 1127966500 1127970700 -30.3 -72.1 9.767845e+06 1127969215.0 2.62005e-08
1127357790.7 5.5 1127358645.5 1127359093.7 1127363876.1 1127361268.1 1127360224.9 2.42658e-07 1127358600 1127363900 -7.2 129.6 1.217075e+07 1127360170.1 2.36901e-08
1127326661.9 5.5 1127327459.8 1127327960.6 1127331870.3 1127329638.1 1127328745.2 7.79135e-07 1127327400 1127331900 -6.3 151.7 1.041687e+07 1127331828.3 2.98397e-08
1127323423.8 5.5 1127324210.6 1127324630.7 1127329202.7 1127326726.0 1127325735.4 7.31234e-09 1127324200 1127329300 5.3 123.8 1.155770e+07 1127325150.0 2.81294e-08
1126895830.5 5.5 1126896601.0 1126897113.5 1126900756.4 1126898645.3 1126897800.9 6.88855e-07 1126896600 1126900800 -31.0 -71.8 9.851749e+06 1126896681.8 3.81982e-07
1136383974.1 5.4 1136384717.4 1136385248.6 1136388588.1 1136386610.7 1136385819.7 6.06493e-07 1136384700 1136388600 27.9 129.6 9.227855e+06 1136388510.6 1.95502e-08
1136326908.4 5.4 1136327809.6 1136328236.9 1136333527.7 1136330690.9 1136329556.1 1.99392e-07 1136327800 1136333600 -9.4 117.7 1.323852e+07 1136327875.0 1.89395e-08
1135632595.9 5.4 1135633387.0 1135633886.5 1135637770.2 1135635552.6 1135634665.6 4.85724e-07 1135633300 1135637800 -30.4 -178.0 1.034867e+07 1135635006.9 3.21923e-08
1135140212.2 5.4 1135141413.2 1135141625.3 1135149229.0 1135145364.7 1135143818.9 2.05827e-07 1135141400 1135149300 -42.0 84.6 1.803370e+07 1135144337.8 9.73941e-09
1134512233.5 5.4 1134513066.6 1134513544.9 1134517891.8 1134515466.8 1134514496.8 4.95733e-07 1134513000 1134517900 29.4 81.7 1.131648e+07 1134516683.4 1.45737e-08
1134474425.3 5.4 1134475252.3 1134475734.2 1134480008.8 1134477615.9 1134476658.7 5.07060e-07 1134475200 1134480100 -1.3 -15.8 1.116711e+07 1134477765.2 2.55599e-08
1134423116.6 5.4 1134423675.0 1134423914.3 1134426418.9 1134425003.6 1134424437.5 1.61155e-08 1134423600 1134426500 48.0 146.9 6.604531e+06 1134423940.8 2.38298e-08
1134024146.1 5.4 1134025002.7 1134025455.0 1134030209.4 1134027610.9 1134026571.5 2.28013e-07 1134025000 1134030300 -6.9 129.9 1.212661e+07 1134025212.2 1.21026e-07
1133705658.4 5.4 1133706515.4 1133706980.0 1133711616.9 1133709063.3 1133708041.8 4.53529e-07 1133706500 1133711700 -4.1 129.6 1.191689e+07 1133707512.2 1.55231e-07
1133517915.3 5.4 1133518712.6 1133519209.9 1133523150.8 1133520907.0 1133520009.5 5.12446e-07 1133518700 1133523200 38.6 73.2 1.047104e+07 1133518780.6 3.28656e-07
1133488045.5 5.4 1133488834.1 1133489334.1 1133493198.3 1133490990.0 1133490106.6 4.64763e-07 1133488800 1133493200 -30.1 -177.6 1.030572e+07 1133491679.8 1.23063e-08
1133466712.5 5.4 1133467480.8 1133467992.2 1133471632.1 1133469523.7 1133468680.3 4.70522e-07 1133467400 1133471700 -10.6 164.1 9.839292e+06 1133471119.1 1.37321e-07
1133238367.8 5.4 1133239085.0 1133239637.7 1133242689.9 1133240837.6 1133240096.6 7.67206e-07 1133239000 1133242700 21.5 145.7 8.644086e+06 1133241108.1 6.37955e-08
1133134046.9 5.4 1133134837.9 1133135341.4 1133139186.0 1133136983.5 1133136102.5 5.82305e-07 1133134800 1133139200 39.3 40.3 1.027822e+07 1133137692.1 2.91136e-08
1132785187.3 5.4 1132786023.8 1132786497.1 1132790917.5 1132788461.7 1132787479.4 4.23400e-07 1132786000 1132791000 3.8 126.9 1.146037e+07 1132789015.6 1.34232e-08
1132757256.0 5.4 1132758184.1 1132758600.0 1132764179.0 1132761212.0 1132760025.2 2.30660e-07 1132758100 1132764200 -7.1 106.0 1.384599e+07 1132763078.2 1.00609e-08
1132751515.8 5.4 1132752422.1 1132752858.6 1132758091.4 1132755273.3 1132754146.1 3.80759e-07 1132752400 1132758100 15.2 59.5 1.315113e+07 1132756443.9 2.85121e-08
1132521455.5 5.4 1132522285.0 1132522765.0 1132527074.6 1132524666.4 1132523703.1 4.91840e-07 1132522200 1132527100 31.9 49.5 1.123812e+07 1132523389.7 6.98950e-08
1132368395.3 5.4 1132369162.1 1132369680.8 1132373247.2 1132371167.8 1132370336.0 6.39346e-07 1132369100 1132373300 -24.8 -175.6 9.703806e+06 1132371932.6 2.93237e-08
1131452514.0 5.4 1131453241.4 1131453785.4 1131456949.3 1131455048.5 1131454288.1 6.94750e-07 1131453200 1131457000 17.3 147.2 8.870504e+06 1131455077.9 1.50194e-07
1130834664.5 5.4 1130835433.4 1130835951.1 1130839536.5 1130837448.5 1130836613.3 6.44622e-07 1130835400 1130839600 -30.1 -72.3 9.743980e+06 1130838068.8 3.30863e-08
1130384944.5 5.4 1130385586.9 1130386112.6 1130388621.5 1130387045.6 1130386415.3 6.79999e-07 1130385500 1130388700 41.6 142.0 7.354019e+06 1130387626.6 1.46434e-07
1129979115.4 5.4 1129980160.4 1129980513.4 1129987428.8 1129983865.9 1129982440.7 2.43275e-07 1129980100 1129987500 -16.6 66.5 1.662679e+07 1129987436.0 7.15235e-09
1129336631.5 5.4 1129337379.0 1129337896.8 1129341365.7 1129339336.7 1129338525.2 3.40506e-07 1129337300 1129341400 12.9 143.9 9.468505e+06 1129338130.9 1.13287e-08
1129149910.9 5.4 1129150693.9 1129151194.0 1129155023.2 1129152832.2 1129151955.8 3.93088e-07 1129150600 1129155100 -5.1 152.9 1.022465e+07 1129152902.6 1.66095e-07
1128938865.1 5.4 1128939466.5 1128939741.5 1128942241.8 1128940794.6 1128940215.8 4.69857e-07 1128939400 1128942300 -2.5 -78.8 6.753251e+06 1128941130.6 1.90157e-08
1128220238.6 5.4 1128220789.6 1128221098.0 1128223141.6 1128221897.4 1128221399.8 1.36983e-06 1128220700 1128223200 -3.9 -104.1 5.806087e+06 1128222111.5 1.34516e-07
1127900655.5 5.4 1127901737.9 1127902064.3 1127909436.8 1127905673.4 1127904168.0 2.17507e-07 1127901700 1127909500 -26.2 70.8 1.756265e+07 1127906354.1 6.68610e-08
1127774987.6 5.4 1127775703.7 1127776240.6 1127779402.1 1127777510.2 1127776753.4 3.32896e-07 1127775700 1127779500 -16.3 -173.9 8.829104e+06 1127776728.6 1.25165e-08
1127669171.2 5.4 1127669555.8 1127669867.1 1127670965.4 1127670196.4 1127669888.9 1.87598e-06 1127669500 1127671000 18.0 -101.3 3.588389e+06 1127670494.3 1.64404e-07
1127604067.8 5.4 1127604886.4 1127605371.1 1127609565.4 1127607209.3 1127606266.8 4.76375e-07 1127604800 1127609600 -2.6 140.2 1.099534e+07 1127607956.6 2.12329e-08
1127436160.6 5.4 1127436799.9 1127437322.0 1127439767.3 1127438221.5 1127437603.2 1.00683e-06 1127436700 1127439800 20.1 -45.5 7.213416e+06 1127438505.0 7.57986e-08
1127435571.5 5.4 1127436209.2 1127436729.8 1127439163.7 1127437624.2 1127437008.4 1.01283e-06 1127436200 1127439200 20.3 -45.7 7.184358e+06 1127438505.0 9.15670e-08
1127423102.0 5.4 1127423873.8 1127424383.4 1127428060.5 1127425935.4 1127425085.4 4.73706e-07 1127423800 1127428100 -31.7 -71.7 9.916933e+06 1127426029.9 3.03378e-08
1127272864.6 5.4 1127273657.5 1127274158.6 1127278037.7 1127275820.7 1127274933.8 5.46457e-07 1127273600 1127278100 -21.0 169.0 1.034619e+07 1127274109.6 8.79087e-07
1127060334.9 5.4 1127061271.1 1127061690.2 1127067288.0 1127064308.1 1127063116.2 3.39402e-07 1127061200 1127067300 -6.0 103.6 1.390609e+07 1127066973.6 3.70730e-08
1126885045.0 5.4 1126885815.7 1126886328.4 1126889970.5 1126887859.6 1126887015.2 5.35356e-07 1126885800 1126890000 -31.0 -71.8 9.850948e+06 1126886037.8 4.94084e-08
1126686701.6 5.4 1126687470.4 1126687988.3 1126691572.3 1126689484.9 1126688649.9 6.48013e-07 1126687400 1126691600 -30.1 -72.2 9.741434e+06 1126690430.3 5.41954e-08
1136586013.3 5.3 1136586728.4 1136587185.9 1136590948.7 1136588833.5 1136587987.5 1.20229e-09 1136586700 1136591000 -23.1 179.1 9.870808e+06 1136588148.3 2.06099e-08
1136325308.3 5.3 1136325673.6 1136325969.8 1136326954.2 1136326248.8 1136325966.7 2.31790e-06 1136325600 1136327000 18.8 -107.2 3.291780e+06 1136326627.6 1.44049e-07
1136121552.5 5.3 1136121983.9 1136122331.7 1136123621.6 1136122734.9 1136122380.2 1.72893e-06 1136121900 1136123700 15.4 -95.2 4.138302e+06 1136123147.0 3.43679e-07
1136091553.1 5.3 1136092384.6 1136092863.0 1136097201.6 1136094780.8 1136093812.5 3.64567e-07 1136092300 1136097300 -54.2 -136.9 1.129702e+07 1136094748.9 2.40196e-08
1135264806.1 5.3 1135265535.4 1135266079.5 1135269250.3 1135267345.6 1135266583.8 5.72190e-07 1135265500 1135269300 -33.0 -108.8 8.888403e+06 1135267366.7 2.24370e-08
1134944915.5 5.3 1134945646.2 1134946189.3 1134949374.9 1134947463.7 1134946699.3 5.69030e-07 1134945600 1134949400 -17.3 -173.7 8.918955e+06 1134948913.3 7.24355e-08
1134391460.1 5.3 1134392259.8 1134392746.4 1134396802.0 1134394512.6 1134393596.9 2.17360e-07 1134392200 1134396900 17.8 120.6 1.068366e+07 1134393377.2 9.78674e-09
1134333534.1 5.3 1134334273.8 1134334804.5 1134338131.2 1134336161.0 1134335372.9 4.00663e-07 1134334200 1134338200 -19.6 -174.9 9.194158e+06 1134334427.5 2.34333e-08
1134092775.8 5.3 1134093633.0 1134094097.4 1134098736.9 1134096182.1 1134095160.2 3.45472e-07 1134093600 1134098800 -4.1 129.5 1.192207e+07 1134095219.2 2.86388e-08
1134006754.7 5.3 1134007334.3 1134007623.3 1134009922.5 1134008564.9 1134008021.8 5.74292e-07 1134007300 1134010000 46.7 152.6 6.335705e+06 1134009936.0 1.18395e-07
1134006442.4 5.3 1134007280.8 1134007756.0 1134012168.2 1134009714.3 1134008732.7 3.71536e-07 1134007200 1134012200 3.5 127.4 1.145172e+07 1134009956.7 1.14658e-07
1133733179.2 5.3 1133734385.8 1133734597.2 1133742562.1 1133738540.8 1133736932.3 1.37396e-07 1133734300 1133742600 -37.7 51.3 1.876573e+07 1133742536.0 1.81395e-07
1133703193.1 5.3 1133703882.8 1133704381.2 1133707680.3 1133705757.2 1133704988.0 7.46185e-09 1133703800 1133707700 -15.2 -177.8 8.974342e+06 1133703884.4 3.90340e-07
1133699968.2 5.3 1133700822.6 1133701285.5 1133705922.9 1133703370.9 1133702350.1 2.95477e-07 1133700800 1133706000 -4.1 129.7 1.190931e+07 1133703816.9 3.21516e-07
1133510367.0 5.3 1133511164.3 1133511662.1 1133515599.5 1133513357.0 1133512460.0 3.98904e-07 1133511100 1133515600 38.7 72.8 1.046500e+07 1133513449.1 3.21103e-05
1133409805.2 5.3 1133410594.3 1133411098.6 1133414923.7 1133412730.0 1133411852.6 4.46614e-07 1133410500 1133415000 -7.2 155.0 1.023697e+07 1133413241.0 2.60138e-08
1133316617.7 5.3 1133317376.6 1133317900.1 1133321383.3 1133319340.9 1133318523.9 5.01387e-07 1133317300 1133321400 -23.5 -64.6 9.531209e+06 1133317736.1 1.62987e-08
1133191765.5 5.3 1133192549.5 1133193032.5 1133197022.2 1133194769.3 1133193868.2 9.80647e-08 1133192500 1133197100 -5.7 149.8 1.051335e+07 1133195215.7 1.26000e-08
1133086126.0 5.3 1133086906.7 1133087407.3 1133091218.5 1133089036.0 1133088163.0 2.74157e-07 1133086900 1133091300 -6.2 154.7 1.018495e+07 1133088959.6 1.57474e-08
1132929941.3 5.3 1132930676.9 1132931184.1 1132934671.3 1132932644.2 1132931833.3 7.96015e-08 1132930600 1132934700 -24.3 -67.2 9.459877e+06 1132931416.9 1.35153e-08
1132170352.4 5.3 1132171083.3 1132171626.3 1132174814.0 1132172901.9 1132172137.0 5.68593e-07 1132171000 1132174900 -18.1 -172.6 8.923203e+06 1132173400.7 3.90765e-08
1131555228.3 5.3 1131556136.3 1131556571.8 1131561824.9 1131558997.8 1131557867.0 2.86004e-07 1131556100 1131561900 6.8 94.5 1.319315e+07 1131556403.2 1.00228e-07
1131513952.5 5.3 1131514690.7 1131515228.6 1131518489.7 1131516545.2 1131515767.4 5.53236e-07 1131514600 1131518500 7.2 -34.3 9.074391e+06 1131517851.1 3.58024e-07
1131293524.3 5.3 1131294236.1 1131294782.2 1131297858.0 1131296000.7 1131295257.8 3.47465e-07 1131294200 1131297900 22.0 144.9 8.667395e+06 1131296141.2 2.62094e-08
1131212920.1 5.3 1131213651.0 1131214174.3 1131217511.1 1131215543.5 1131214756.5 1.81163e-07 1131213600 1131217600 -22.2 -68.7 9.181916e+06 1131216917.2 2.12172e-07
1131084751.0 5.3 1131085659.2 1131086094.1 1131091354.6 1131088524.5 1131087392.4 2.79705e-07 1131085600 1131091400 6.5 94.9 1.320733e+07 1131087227.0 2.52178e-08
1131079604.9 5.3 1131080341.9 1131080862.5 1131084252.4 1131082260.6 1131081463.9 1.94679e-07 1131080300 1131084300 -23.6 -68.9 9.294984e+06 1131083657.9 1.31422e-08
1130925991.8 5.3 1130926727.5 1130927267.1 1130930502.6 1130928569.4 1130927796.1 5.58505e-07 1130926700 1130930600 -18.2 -174.1 9.021713e+06 1130926783.1 7.69470e-08
1130914727.3 5.3 1130915304.7 1130915601.5 1130917837.5 1130916504.6 1130915971.4 9.33438e-07 1130915300 1130917900 8.5 -71.4 6.220449e+06 1130916684.0 2.03346e-07
1130807413.5 5.3 1130807801.3 1130808115.1 1130809210.4 1130808440.3 1130808132.3 1.88172e-06 1130807800 1130809300 52.3 -169.4 3.593813e+06 1130808697.9 1.40586e-07
1130659950.9 5.3 1130660873.0 1130661296.4 1130666762.2 1130663843.1 1130662675.4 2.18222e-07 1130660800 1130666800 0.6 98.0 1.362258e+07 1130665078.0 1.46487e-08
1130644279.6 5.3 1130645164.3 1130645613.1 1130650584.3 1130647882.3 1130646801.5 3.11519e-07 1130645100 1130650600 -8.2 124.9 1.260935e+07 1130647404.1 4.59879e-07
1130488292.3 5.3 1130488702.9 1130489034.3 1130490226.0 1130489397.3 1130489065.8 1.88806e-06 1130488700 1130490300 51.6 -173.3 3.867388e+06 1130488774.9 3.20019e-07
1130391748.5 5.3 1130392581.7 1130393051.1 1130397488.1 1130395028.2 1130394044.3 2.24201e-07 1130392500 1130397500 -39.4 175.9 1.147926e+07 1130393894.4 4.81790e-07
1130301852.8 5.3 1130302736.5 1130303177.3 1130308221.9 1130305492.3 1130304400.5 1.88569e-07 1130302700 1130308300 -9.1 124.1 1.273825e+07 1130304905.8 5.48741e-08
1130122185.0 5.3 1130122627.2 1130122972.3 1130124387.8 1130123443.8 1130123066.1 6.30108e-07 1130122600 1130124400 51.8 178.5 4.405662e+06 1130123654.4 1.03845e-08
1129983338.3 5.3 1129984381.6 1129984735.7 1129991630.2 1129988076.5 1129986655.1 1.80358e-07 1129984300 1129991700 -16.3 67.1 1.658382e+07 1129987456.8 7.76737e-09
1129571279.1 5.3 1129572006.0 1129572553.2 1129575689.3 1129573799.2 1129573043.2 6.17511e-07 1129572000 1129575700 17.9 147.2 8.820372e+06 1129574898.7 1.02575e-08
1129511847.3 5.3 1129512771.1 1129513196.4 1129518653.7 1129515736.7 1129514569.9 2.54108e-07 1129512700 1129518700 -60.3 -45.4 1.361278e+07 1129515145.9 1.29652e-08
1129442706.2 5.3 1129443372.9 1129443920.1 1129446572.5 1129444915.5 1129444252.7 6.10204e-07 1129443300 1129446600 37.3 141.1 7.732694e+06 1129445790.9 9.72616e-09
1129256274.1 5.3 1129257052.3 1129257563.8 1129261259.8 1129259123.1 1129258268.4 4.72893e-07 1129257000 1129261300 24.8 122.0 9.971403e+06 1129259778.1 2.31918e-08
1129150967.5 5.3 1129151752.9 1129152252.8 1129156098.0 1129153899.2 1129153019.7 3.11332e-07 1129151700 1129156100 -20.1 169.2 1.026115e+07 1129152902.6 1.63840e-07
1128005451.4 5.3 1128006147.6 1128006698.7 1128009668.2 1128007861.0 1128007138.1 2.51725e-07 1128006100 1128009700 -16.3 -72.1 8.433703e+06 1128007389.0 2.88590e-08
1127693117.8 5.3 1127694050.3 1127694466.7 1127700068.9 1127697089.9 1127695898.3 1.98314e-07 1127694000 1127700100 -6.0 103.7 1.390224e+07 1127695588.3 2.70042e-08
1126948969.4 5.3 1126949722.2 1126950209.4 1126953964.3 1126951823.6 1126950967.4 4.20066e-08 1126949700 1126954000 -16.0 168.1 9.989678e+06 1126950512.2 1.44985e-08
1126686892.6 5.3 1126687690.3 1126688190.7 1126692104.6 1126689870.9 1126688977.4 4.59598e-07 1126687600 1126692200 -6.1 151.4 1.042403e+07 1126691857.6 1.67267e-07
1136636859.5 5.2 1136637698.3 1136638173.3 1136642590.5 1136640134.3 1136639151.9 2.80447e-07 1136637600 1136642600 3.7 127.0 1.146198e+07 1136641887.6 8.32843e-09
1136627220.2 5.2 1136628423.6 1136628635.3 1136636370.1 1136632448.7 1136630880.2 1.04161e-07 1136628400 1136636400 -31.4 58.1 1.829970e+07 1136630055.6 7.37355e-08
1136233436.7 5.2 1136233993.0 1136234288.5 1136236438.2 1136235151.8 1136234637.3 3.74604e-07 1136233900 1136236500 49.4 155.3 6.003125e+06 1136235600.3 1.67886e-08
1136061394.7 5.2 1136062211.6 1136062696.0 1136066882.4 1136064530.5 1136063589.7 2.51233e-07 1136062200 1136066900 10.1 126.2 1.097547e+07 1136062285.6 3.98197e-08
1136006927.3 5.2 1136007772.5 1136008222.2 1136012925.8 1136010355.0 1136009326.7 5.85793e-08 1136007700 1136013000 -6.0 130.6 1.199713e+07 1136011749.8 1.43089e-08
1135953390.5 5.2 1135954191.9 1135954689.0 1135958655.6 1135956399.1 1135955496.5 3.28056e-07 1135954100 1135958700 19.1 121.1 1.053012e+07 1135955836.8 7.69357e-09
1135759059.5 5.2 1135759847.2 1135760320.1 1135764424.7 1135762125.4 1135761205.6 3.44949e-08 1135759800 1135764500 36.5 70.9 1.073047e+07 1135760847.2 6.32616e-09
1135355181.9 5.2 1135356035.8 1135356494.1 1135361173.8 1135358605.9 1135357578.7 1.55534e-07 1135356000 1135361200 -3.7 128.4 1.198377e+07 1135359877.1 1.21639e-08
1135203094.3 5.2 1135203908.0 1135204388.3 1135208594.0 1135206237.0 1135205294.2 1.66425e-07 1135203900 1135208600 10.0 126.0 1.099927e+07 1135207625.1 1.06938e-08
1135162870.0 5.2 1135163658.8 1135164157.8 1135168032.8 1135165820.2 1135164935.1 2.43868e-07 1135163600 1135168100 35.5 27.4 1.032571e+07 1135166775.5 8.20890e-09
1134824727.8 5.2 1134825510.3 1134826019.0 1134829765.3 1134827606.3 1134826742.8 3.55185e-07 1134825500 1134829800 -28.3 -176.4 1.007496e+07 1134827988.9 2.20354e-08
1134638948.8 5.2 1134639750.9 1134640228.8 1134644380.6 1134642052.7 1134641121.5 8.85423e-08 1134639700 1134644400 12.9 124.4 1.086349e+07 1134640555.9 9.39452e-09
1134631768.0 5.2 1134632549.9 1134633059.0 1134636798.0 1134634642.3 1134633780.0 3.56131e-07 1134632500 1134636800 -28.3 -176.3 1.005994e+07 1134635015.1 1.62855e-08
1134221393.0 5.2 1134222170.3 1134222678.1 1134226403.2 1134224256.0 1134223397.1 2.85044e-07 1134222100 1134226500 -15.6 167.3 1.002048e+07 1134226347.2 6.15259e-08
1134162738.8 5.2 1134163114.5 1134163419.0 1134164479.6 1134163733.6 1134163435.1 1.10418e-06 1134163100 1134164500 52.8 -167.9 3.481544e+06 1134163937.6 1.72899e-08
1134092057.6 5.2 1134092914.8 1134093379.2 1134098018.5 1134095463.9 1134094442.0 2.60246e-07 1134092900 1134098100 -4.1 129.5 1.192191e+07 1134095219.2 2.54878e-08
1133748300.7 5.2 1133749155.2 1133749616.9 1133754268.5 1133751710.9 1133750687.8 2.02125e-07 1133749100 1133754300 -4.2 129.5 1.193559e+07 1133749441.6 4.20211e-08
1133698001.2 5.2 1133698856.4 1133699319.3 1133703963.1 1133701408.0 1133700386.0 2.23748e-07 1133698800 1133704000 -4.1 129.6 1.192381e+07 1133698872.5 3.22224e-07
1133694946.2 5.2 1133695801.2 1133696263.5 1133700911.0 1133698354.7 1133697332.1 2.14398e-07 1133695800 1133701000 -4.3 129.7 1.192962e+07 1133695872.9 6.46064e-07
1133511001.9 5.2 1133511801.7 1133512299.7 1133516247.7 1133513999.5 1133513100.2 3.30239e-07 1133511800 1133516300 38.5 73.3 1.049172e+07 1133513449.1 3.19152e-05
1133492096.7 5.2 1133492830.7 1133493371.5 1133496590.0 1133494664.3 1133493894.0 4.33336e-07 1133492800 1133496600 -17.7 -174.4 8.986772e+06 1133494639.4 1.94653e-08
1133146971.5 5.2 1133147708.7 1133148247.3 1133151498.4 1133149558.3 1133148782.3 4.27894e-07 1133147700 1133151500 -34.6 -109.3 9.053873e+06 1133151338.6 1.37425e-08
1132753180.3 5.2 1132754011.5 1132754479.8 1132758915.0 1132756457.3 1132755474.2 1.35574e-07 1132754000 1132759000 3.7 127.0 1.146955e+07 1132756443.9 2.64729e-08
1131976201.7 5.2 1131977055.9 1131977522.0 1131982125.6 1131979586.8 1131978571.2 2.63375e-07 1131977000 1131982200 -7.6 -13.6 1.184782e+07 1131977440.4 1.21719e-08
1131847144.0 5.2 1131847993.3 1131848443.0 1131853175.1 1131850590.4 1131849556.4 6.84190e-08 1131847900 1131853200 -6.5 130.3 1.206232e+07 1131848258.9 2.83561e-07
1131531719.4 5.2 1131532373.0 1131532908.3 1131535472.6 1131533864.1 1131533220.7 4.69793e-07 1131532300 1131535500 37.9 143.9 7.506387e+06 1131535345.8 6.02656e-08
1131384536.1 5.2 1131384952.2 1131385288.1 1131386531.1 1131385676.1 1131385334.1 1.00988e-06 1131384900 1131386600 51.5 -175.1 3.989964e+06 1131385224.9 2.63940e-08
1131315496.5 5.2 1131316330.6 1131316792.3 1131321307.7 1131318817.2 1131317821.0 9.32902e-08 1131316300 1131321400 1.6 127.3 1.162236e+07 1131317938.6 4.75533e-08
1131037177.8 5.2 1131038084.9 1131038521.0 1131043763.8 1131040941.3 1131039812.2 2.13977e-07 1131038000 1131043800 6.9 94.8 1.317200e+07 1131040436.4 5.89481e-07
1131032473.4 5.2 1131033038.4 1131033334.1 1131035521.8 1131034215.3 1131033692.8 4.91478e-07 1131033000 1131035600 48.4 154.8 6.096695e+06 1131035229.9 2.13346e-07
1131024244.8 5.2 1131025153.1 1131025588.5 1131030845.8 1131028016.8 1131026885.2 2.13657e-07 1131025100 1131030900 6.8 94.5 1.320205e+07 1131025193.3 9.34234e-08
1130972051.4 5.2 1130972894.4 1130973361.3 1130977886.8 1130975385.9 1130974385.6 1.93720e-07 1130972800 1130977900 1.6 126.6 1.167084e+07 1130977327.8 1.25712e-08
1130723979.4 5.2 1130724484.3 1130724803.9 1130726592.4 1130725472.5 1130725024.6 5.33660e-07 1130724400 1130726600 56.2 162.4 5.225933e+06 1130725786.9 4.11577e-08
1130517424.7 5.2 1130518278.3 1130518726.7 1130523500.1 1130520896.4 1130519854.9 7.30267e-08 1130518200 1130523600 -7.0 129.7 1.215082e+07 1130523465.9 8.55297e-08
1130468665.3 5.2 1130469348.7 1130469818.1 1130473288.4 1130471307.0 1130470514.5 2.48462e-10 1130469300 1130473300 -18.2 -177.8 9.246169e+06 1130469366.9 2.44997e-08
1130239620.4 5.2 1130240444.0 1130240924.6 1130245190.5 1130242803.3 1130241848.5 2.46817e-07 1130240400 1130245200 25.1 99.6 1.114030e+07 1130243773.7 1.56111e-07
1129819689.0 5.2 1129820070.9 1129820380.1 1129821466.0 1129820704.4 1129820399.8 1.13936e-06 1129820000 1129821500 18.3 -101.6 3.554145e+06 1129821009.8 6.72305e-08
1129509165.4 5.2 1129510279.7 1129510574.6 1129517963.8 1129514193.1 1129512684.8 1.14264e-07 1129510200 1129518000 -27.8 74.1 1.759677e+07 1129515145.9 1.42288e-08
1128669822.8 5.2 1128670743.7 1128671171.8 1128676581.4 1128673684.9 1128672526.2 2.03064e-07 1128670700 1128676600 11.9 57.8 1.351727e+07 1128675658.8 6.06568e-08
1128659757.8 5.2 1128660315.1 1128660620.9 1128662708.3 1128661443.8 1128660938.0 8.41722e-07 1128660300 1128662800 7.5 -77.5 5.901121e+06 1128661976.8 1.64235e-08
1128503058.0 5.2 1128503987.9 1128504405.6 1128509978.4 1128507012.5 1128505826.2 1.41927e-07 1128503900 1128510000 -8.0 107.4 1.384075e+07 1128504852.9 1.05946e-07
1128202070.0 5.2 1128202861.5 1128203361.8 1128207240.1 1128205024.3 1128204138.0 2.90727e-07 1128202800 1128207300 36.2 29.9 1.034022e+07 1128203526.6 3.02357e-08
1127836330.3 5.2 1127837170.2 1127837626.4 1127842233.9 1127839703.8 1127838691.8 7.69470e-08 1127837100 1127842300 1.3 125.0 1.180712e+07 1127838440.4 2.05883e-08
1127591618.3 5.2 1127592421.6 1127592917.0 1127596911.9 1127594643.2 1127593735.7 3.15873e-07 1127592400 1127597000 -3.4 146.4 1.058726e+07 1127595802.4 2.69522e-08
1127576133.8 5.2 1127576924.7 1127577425.7 1127581293.1 1127579082.0 1127578197.5 2.96944e-07 1127576900 1127581300 -5.4 152.1 1.031857e+07 1127578738.6 2.10171e-07
1127551627.6 5.2 1127552274.4 1127552803.1 1127555298.2 1127553725.1 1127553095.8 6.03467e-07 1127552200 1127555300 40.3 143.7 7.341298e+06 1127554634.7 1.12963e-08
1127257137.3 5.2 1127257870.4 1127258410.3 1127261632.3 1127259705.8 1127258935.3 4.01940e-07 1127257800 1127261700 17.0 145.9 8.989993e+06 1127259005.5 5.54662e-08
1127146422.7 5.2 1127147191.0 1127147702.1 1127151344.4 1127149235.1 1127148391.4 2.51950e-07 1127147100 1127151400 -30.7 -71.4 9.843416e+06 1127147443.3 4.65984e-07
1127145456.5 5.2 1127146207.9 1127146736.8 1127150135.8 1127148130.4 1127147328.2 4.03752e-07 1127146200 1127150200 -36.2 -101.0 9.358456e+06 1127147443.3 4.53296e-07
1126929811.7 5.2 1126930724.9 1126931157.4 1126936473.8 1126933618.6 1126932476.6 2.09074e-07 1126930700 1126936500 13.1 51.1 1.332420e+07 1126935727.4 1.75893e-08
1126619494.0 5.2 1126620265.6 1126620776.7 1126624438.9 1126622319.7 1126621472.0 2.86123e-07 1126620200 1126624500 -31.4 -71.8 9.889869e+06 1126623446.6 8.59468e-09
1136199048.4 5.1 1136199874.3 1136200356.8 1136204616.9 1136202230.4 1136201275.8 2.21533e-07 1136199800 1136204700 -1.1 -16.0 1.113695e+07 1136203876.9 2.03943e-08
1136170372.7 5.1 1136170789.2 1136171125.5 1136172373.6 1136171516.1 1136171173.1 7.15693e-07 1136170700 1136172400 51.8 -175.4 4.001723e+06 1136171624.9 1.56719e-08
1136079018.5 5.1 1136079711.0 1136080279.8 1136083088.8 1136081344.4 1136080646.6 4.51455e-07 1136079700 1136083100 41.3 129.0 8.140614e+06 1136080107.3 2.03334e-08
1135365872.5 5.1 1135366684.3 1135367175.1 1135371265.9 1135368954.4 1135368029.9 2.35715e-07 1135366600 1135371300 -0.5 -20.0 1.078689e+07 1135370295.4 9.03127e-09
1135348788.6 5.1 1135349574.3 1135350075.6 1135353910.6 1135351715.4 1135350837.4 1.83744e-07 1135349500 1135354000 -5.2 152.8 1.024394e+07 1135350969.6 1.28558e-08
1135143625.0 5.1 1135144379.5 1135144906.3 1135148337.9 1135146318.1 1135145510.2 3.03422e-07 1135144300 1135148400 -36.5 -99.5 9.425854e+06 1135146751.6 6.37527e-09
1135064647.0 5.1 1135065411.3 1135065910.5 1135069633.4 1135067496.4 1135066641.6 5.81472e-08 1135065400 1135069700 -15.3 167.6 9.972881e+06 1135067209.9 9.07424e-09
1135023539.7 5.1 1135024328.8 1135024833.4 1135028656.8 1135026463.8 1135025586.5 2.60573e-07 1135024300 1135028700 -3.7 151.3 1.023428e+07 1135027700.8 8.96894e-06
1134920230.5 5.1 1134921026.8 1134921527.2 1134925431.4 1134923202.5 1134922310.9 2.55040e-07 1134921000 1134925500 -21.0 168.3 1.040177e+07 1134923180.0 4.65748e-08
1134512066.2 5.1 1134512755.3 1134513233.1 1134516675.5 1134514700.1 1134513909.9 2.29048e-10 1134512700 1134516700 -17.1 -179.0 9.218542e+06 1134516636.0 1.51786e-08
1134234522.1 5.1 1134235475.1 1134235884.1 1134241688.7 1134238617.3 1134237388.7 1.25764e-07 1134235400 1134241700 -56.4 -25.8 1.433308e+07 1134240395.0 2.87855e-07
1134174050.5 5.1 1134174758.3 1134175307.9 1134178340.7 1134176502.0 1134175766.6 1.90547e-07 1134174700 1134178400 25.7 141.9 8.580418e+06 1134176601.1 4.44272e-08
1134021217.0 5.1 1134021887.2 1134022437.0 1134025097.4 1134023434.4 1134022769.2 4.12587e-07 1134021800 1134025100 55.0 111.6 7.760671e+06 1134022169.3 1.14855e-07
1133839265.8 5.1 1133840194.5 1133840610.5 1133846191.7 1133843223.5 1133842036.2 8.25210e-08 1133840100 1133846200 -5.0 103.0 1.385185e+07 1133845964.5 1.08354e-07
1133795023.4 5.1 1133795784.2 1133796305.3 1133799818.0 1133797763.2 1133796941.3 2.69588e-07 1133795700 1133799900 -17.0 175.3 9.589257e+06 1133799234.8 1.63756e-08
1133188289.9 5.1 1133189075.8 1133189579.7 1133193391.3 1133191205.0 1133190330.5 2.22433e-07 1133189000 1133193400 22.6 121.4 1.020296e+07 1133189067.9 9.25247e-09
1133007278.8 5.1 1133008125.2 1133008595.8 1133013105.0 1133010608.1 1133009609.3 2.02552e-07 1133008100 1133013200 1.0 127.5 1.165248e+07 1133011625.8 2.90256e-08
1132985640.4 5.1 1132986422.3 1132986924.9 1132990726.0 1132988546.4 1132987674.6 1.71731e-07 1132986400 1132990800 41.4 73.3 1.017119e+07 1132988424.3 1.32551e-08
1132620791.6 5.1 1132621405.8 1132621911.7 1132624711.8 1132623031.7 1132622359.7 9.05629e-11 1132621400 1132624800 -9.3 -71.1 7.840343e+06 1132623216.4 1.72371e-08
1132581108.3 5.1 1132581796.5 1132582263.5 1132585781.6 1132583778.7 1132582977.6 7.96769e-11 1132581700 1132585800 -17.7 179.8 9.346512e+06 1132582484.2 1.63721e-08
1132532259.8 5.1 1132533050.4 1132533521.9 1132537658.1 1132535344.5 1132534419.1 2.00448e-08 1132533000 1132537700 -4.8 145.1 1.079648e+07 1132535408.1 3.04571e-08
1132261380.1 5.1 1132262151.5 1132262666.5 1132266291.4 1132264186.5 1132263344.6 2.70075e-07 1132262100 1132266300 38.0 100.3 9.822540e+06 1132264772.2 2.64872e-08
1132259928.4 5.1 1132260506.4 1132260804.0 1132263036.6 1132261704.5 1132261171.7 6.09215e-07 1132260500 1132263100 8.5 -71.4 6.216318e+06 1132262170.6 1.61880e-08
1132097158.4 5.1 1132097930.1 1132098445.6 1132102067.0 1132099963.3 1132099121.8 2.81628e-07 1132097900 1132102100 -11.6 165.5 9.817142e+06 1132100182.7 6.68478e-09
1132066257.3 5.1 1132067103.8 1132067574.4 1132072084.8 1132069587.3 1132068588.3 2.02464e-07 1132067100 1132072100 1.0 127.5 1.165500e+07 1132069316.8 8.84122e-09
1132032855.2 5.1 1132033564.3 1132034122.8 1132037097.2 1132035279.2 1132034552.0 3.65843e-07 1132033500 1132037100 26.3 142.7 8.484045e+06 1132035360.9 2.10997e-07
1131992151.2 5.1 1131992918.2 1131993436.8 1131997005.2 1131994924.9 1131994092.8 2.87492e-07 1131992900 1131997100 -24.6 -175.9 9.708087e+06 1131994057.6 6.41673e-09
1131940068.8 5.1 1131940863.4 1131941358.4 1131945304.2 1131943060.5 1131942163.0 1.65473e-07 1131940800 1131945400 -32.5 -176.7 1.047080e+07 1131943304.9 1.76081e-08
1131908052.8 5.1 1131908837.3 1131909344.8 1131913113.9 1131910944.8 1131910077.2 2.66023e-07 1131908800 1131913200 -9.0 158.5 1.012214e+07 1131909757.8 4.61093e-06
1131900444.4 5.1 1131901378.7 1131901794.9 1131907410.4 1131904425.0 1131903230.8 1.05974e-07 1131901300 1131907500 -6.3 103.7 1.393203e+07 1131906573.2 1.75846e-08
1131856747.9 5.1 1131857478.6 1131858017.6 1131861235.9 1131859312.5 1131858543.1 2.59752e-07 1131857400 1131861300 31.4 129.0 8.976102e+06 1131861175.8 2.51817e-07
1131784437.8 5.1 1131785207.3 1131785724.5 1131789318.4 1131787226.7 1131786390.0 2.88601e-07 1131785200 1131789400 38.6 20.6 9.761131e+06 1131788863.9 1.14153e-07
1131679919.2 5.1 1131680390.7 1131680731.5 1131682276.8 1131681266.4 1131680862.2 6.83493e-07 1131680300 1131682300 52.1 173.6 4.715273e+06 1131681371.6 1.16492e-08
1131568486.3 5.1 1131569220.3 1131569761.1 1131572979.4 1131571053.8 1131570283.6 3.30638e-07 1131569200 1131573000 31.3 128.9 8.986161e+06 1131569978.0 7.29384e-08
1131454495.4 5.1 1131455223.8 1131455768.5 1131458931.0 1131457030.0 1131456269.6 3.38282e-07 1131455200 1131459000 17.3 147.2 8.871254e+06 1131457880.4 1.21513e-07
1131278948.1 5.1 1131279453.9 1131279777.1 1131281549.5 1131280434.6 1131279988.6 5.54125e-07 1131279400 1131281600 9.7 -85.7 5.202840e+06 1131280138.3 9.94585e-08
1131246486.0 5.1 1131247252.3 1131247771.4 1131251332.5 1131249255.4 1131248424.6 2.88313e-07 1131247200 1131251400 -29.5 -72.1 9.692954e+06 1131249121.5 1.14441e-06
1131243836.3 5.1 1131244602.7 1131245121.7 1131248684.2 1131246606.5 1131245775.4 2.88160e-07 1131244600 1131248700 -29.5 -71.9 9.695765e+06 1131245637.1 5.66833e-06
1131242482.9 5.1 1131243249.4 1131243768.3 1131247330.8 1131245253.1 1131244422.1 2.88159e-07 1131243200 1131247400 -29.6 -72.1 9.695780e+06 1131245637.1 5.75689e-06
1131112673.9 5.1 1131113475.5 1131113972.3 1131117943.6 1131115685.1 1131114781.8 2.44341e-07 1131113400 1131118000 -7.0 150.8 1.053952e+07 1131116688.7 2.09682e-08
1131061680.7 5.1 1131062621.6 1131063026.0 1131068798.1 1131065747.8 1131064527.6 5.37936e-08 1131062600 1131068800 -56.0 -27.3 1.423485e+07 1131067376.1 2.20124e-08
1131028462.4 5.1 1131029371.1 1131029806.2 1131035068.8 1131032237.5 1131031104.9 1.56268e-07 1131029300 1131035100 6.7 94.4 1.321274e+07 1131035036.0 1.16760e-07
1131018896.3 5.1 1131019804.2 1131020239.8 1131025493.1 1131022665.9 1131021535.0 1.56472e-07 1131019800 1131025500 6.8 94.6 1.319356e+07 1131019985.3 1.67869e-07
1130660114.8 5.1 1130660999.4 1130661448.2 1130666419.7 1130663717.6 1130662636.8 1.72415e-07 1130660900 1130666500 -8.3 125.0 1.260992e+07 1130665078.0 1.45311e-08
1130652889.8 5.1 1130653825.2 1130654245.0 1130659830.2 1130656855.8 1130655666.0 1.40489e-07 1130653800 1130659900 -6.7 105.0 1.388084e+07 1130654306.6 5.60450e-08
1130651008.5 5.1 1130651801.4 1130652303.7 1130656171.3 1130653958.6 1130653073.6 2.56241e-07 1130651800 1130656200 -3.4 149.8 1.032567e+07 1130651876.6 4.33220e-07
1130548261.0 5.1 1130549005.7 1130549535.4 1130552894.8 1130550908.9 1130550114.5 2.50439e-07 1130549000 1130552900 13.4 146.0 9.267526e+06 1130551599.4 1.07612e-08
1130487879.5 5.1 1130488290.4 1130488622.0 1130489814.9 1130488985.4 1130488653.7 1.20872e-06 1130488200 1130489900 51.6 -173.3 3.870680e+06 1130488759.5 3.03913e-07
1130470520.5 5.1 1130470999.3 1130471337.1 1130472925.5 1130471894.8 1130471482.5 6.91914e-07 1130470900 1130473000 11.9 -88.9 4.809982e+06 1130472914.5 2.31772e-08
1130236037.8 5.1 1130236884.0 1130237331.0 1130242068.2 1130239483.7 1130238449.9 3.01824e-08 1130236800 1130242100 -6.2 130.0 1.206082e+07 1130238294.7 1.04865e-07
1130210338.9 5.1 1130211255.2 1130211686.0 1130217040.4 1130214168.3 1130213019.5 1.51565e-07 1130211200 1130217100 -60.9 -51.4 1.340306e+07 1130213221.4 8.46898e-09
1129900335.8 5.1 1129901024.1 1129901497.3 1129904969.5 1129902983.6 1129902189.3 1.43457e-10 1129901000 1129905000 -18.0 -178.4 9.267532e+06 1129902201.1 4.86748e-08
1129889363.0 5.1 1129890296.3 1129890714.9 1129896299.2 1129893326.5 1129892137.5 1.20697e-07 1129890200 1129896300 -1.5 97.1 1.387222e+07 1129890280.6 2.44683e-06
1129590476.0 5.1 1129590592.3 1129590684.1 1129590921.1 1129590730.3 1129590654.0 7.08948e-06 1129590500 1129591000 50.8 -130.0 8.902661e+05 1129590883.2 2.54532e-07
1129227462.2 5.1 1129228186.4 1129228734.1 1129231855.4 1129229972.6 1129229219.4 3.44058e-07 1129228100 1129231900 -16.1 -173.4 8.786455e+06 1129229952.1 4.52387e-08
1129220634.8 5.1 1129221358.8 1129221906.6 1129225025.3 1129223143.6 1129222391.0 3.44431e-07 1129221300 1129225100 -16.1 -173.3 8.781032e+06 1129222821.1 4.88235e-07
1128826044.8 5.1 1128826876.0 1128827340.8 1128831807.7 1128829337.9 1128828350.0 6.98149e-08 1128826800 1128831900 1.8 128.3 1.152596e+07 1128828781.4 1.48968e-08
1128679473.0 5.1 1128680263.6 1128680766.9 1128684610.3 1128682408.6 1128681527.9 2.53490e-07 1128680200 1128684700 34.3 98.2 1.027480e+07 1128682938.6 1.99500e-08
1128497484.6 5.1 1128498241.0 1128498721.1 1128502561.4 1128500385.6 1128499515.3 8.53227e-09 1128498200 1128502600 -19.1 169.5 1.015356e+07 1128501593.1 6.14512e-08
1128447307.7 5.1 1128448108.1 1128448605.8 1128452560.9 1128450309.5 1128449409.0 2.47940e-07 1128448100 1128452600 -32.2 -177.9 1.050653e+07 1128450784.2 5.64497e-08
1128443322.4 5.1 1128444171.6 1128444624.7 1128449322.7 1128446751.1 1128445722.5 5.75312e-08 1128444100 1128449400 -0.0 123.9 1.200074e+07 1128447337.0 5.20547e-08
1128436772.0 5.1 1128437554.3 1128438064.4 1128441796.9 1128439643.4 1128438781.9 2.89046e-07 1128437500 1128441800 40.7 36.7 1.004974e+07 1128441262.2 5.19956e-09
1128297970.0 5.1 1128298351.7 1128298660.8 1128299733.4 1128298977.7 1128298675.4 1.11176e-06 1128298300 1128299800 52.2 -168.4 3.526873e+06 1128298381.4 5.15285e-08
1128296620.2 5.1 1128297004.3 1128297315.0 1128298384.1 1128297628.1 1128297325.7 1.38186e-06 1128297000 1128298400 52.3 -168.5 3.527847e+06 1128298106.1 8.42791e-08
1128158500.7 5.1 1128158977.5 1128159316.0 1128160893.2 1128159867.8 1128159457.7 6.85414e-07 1128158900 1128160900 12.1 -89.0 4.784835e+06 1128160836.0 1.41312e-08
1127906478.7 5.1 1127907244.1 1127907759.5 1127911348.5 1127909261.4 1127908426.6 2.20846e-07 1127907200 1127911400 -29.8 -71.7 9.739622e+06 1127909084.8 4.18820e-08
1127703009.9 5.1 1127703942.5 1127704358.6 1127709965.1 1127706984.3 1127705792.0 9.87793e-08 1127703900 1127710000 -6.1 103.6 1.391043e+07 1127706816.6 1.64166e-08
1127437342.4 5.1 1127437981.4 1127438503.2 1127440946.3 1127439401.7 1127438783.9 4.81444e-07 1127437900 1127441000 20.1 -45.5 7.207729e+06 1127438505.0 7.91410e-08
1127316923.0 5.1 1127317759.4 1127318235.8 1127322623.8 1127320180.6 1127319203.3 2.11528e-07 1127317700 1127322700 -56.1 -125.3 1.140155e+07 1127318657.6 7.83902e-08
1127234249.0 5.1 1127235097.2 1127235566.8 1127240097.8 1127237591.2 1127236588.5 2.00991e-07 1127235000 1127240100 -57.2 -141.8 1.169759e+07 1127238923.2 1.67470e-08
1126902399.5 5.1 1126903138.5 1126903675.8 1126906944.9 1126904996.9 1126904217.7 3.23885e-07 1126903100 1126907000 -19.5 -173.3 9.090732e+06 1126903660.9 8.59761e-08
1126774969.5 5.1 1126775738.7 1126776256.2 1126779845.7 1126777755.9 1126776920.0 2.90607e-07 1126775700 1126779900 -30.2 -72.3 9.752485e+06 1126779710.9 2.61477e-08
1126764438.2 5.1 1126765212.7 1126765725.7 1126769386.0 1126767265.5 1126766417.3 2.65928e-07 1126765200 1126769400 -31.7 -72.2 9.895680e+06 1126767931.4 1.31683e-08
1126676179.4 5.1 1126676970.4 1126677466.3 1126681383.5 1126679153.1 1126678261.0 1.50843e-07 1126676900 1126681400 -6.0 151.5 1.040815e+07 1126677923.5 2.11662e-07
1126658931.4 5.1 1126659767.8 1126660240.1 1126664669.7 1126662210.5 1126661226.7 1.60406e-07 1126659700 1126664700 3.6 127.0 1.147666e+07 1126660080.2 2.86682e-08
1136498873.8 5.0 1136499635.2 1136500146.3 1136503749.2 1136501659.7 1136500823.9 9.03845e-08 1136499600 1136503800 -11.6 166.4 9.750800e+06 1136500094.0 9.25781e-09
1136482866.5 5.0 1136483650.5 1136484158.3 1136487922.0 1136485755.3 1136484888.7 1.98767e-07 1136483600 1136488000 39.6 34.3 1.011089e+07 1136486504.5 1.32160e-08
1136468032.8 5.0 1136468804.6 1136469316.4 1136472973.6 1136470856.1 1136470009.1 1.61438e-07 1136468800 1136473000 -31.3 -71.8 9.881762e+06 1136469202.1 1.48296e-08
1136299545.8 5.0 1136300250.8 1136300811.1 1136303756.0 1136301951.6 1136301229.9 2.59795e-07 1136300200 1136303800 -29.1 -111.8 8.420377e+06 1136301955.9 3.35394e-08
1136294961.0 5.0 1136295884.3 1136296311.1 1136301750.4 1136298840.6 1136297676.7 1.06166e-07 1136295800 1136301800 -30.8 -13.8 1.357873e+07 1136296118.9 2.68035e-08
1136279246.5 5.0 1136280030.0 1136280499.4 1136284608.2 1136282310.3 1136281391.2 6.35761e-09 1136280000 1136284700 36.6 71.0 1.072357e+07 1136280242.2 3.55229e-08
1136216459.9 5.0 1136217269.0 1136217758.6 1136221844.3 1136219536.7 1136218613.7 1.43924e-07 1136217200 1136221900 -41.7 -74.1 1.076873e+07 1136217863.1 2.32445e-08
1136061097.9 5.0 1136061913.4 1136062396.6 1136066585.5 1136064233.7 1136063292.9 1.14093e-07 1136061900 1136066600 10.1 126.2 1.097533e+07 1136062285.9 3.76409e-08
1135994316.6 5.0 1135994746.2 1135995092.6 1135996382.8 1135995497.3 1135995143.1 7.58729e-07 1135994700 1135996400 15.4 -95.4 4.132461e+06 1135995929.0 1.58849e-07
1135724709.3 5.0 1135725402.6 1135725860.4 1135729480.0 1135727435.4 1135726617.6 1.14967e-11 1135725400 1135729500 -20.6 -179.2 9.541531e+06 1135725601.9 3.37388e-08
1135635809.0 5.0 1135636812.3 1135637192.0 1135643600.0 1135640261.0 1135638925.4 7.64501e-08 1135636800 1135643600 -7.2 67.8 1.558196e+07 1135637267.3 3.82166e-08
1135635754.3 5.0 1135636161.8 1135636491.0 1135637693.9 1135636862.6 1135636530.1 6.00037e-07 1135636100 1135637700 51.7 -173.5 3.879002e+06 1135637267.3 1.98078e-08
1135508933.0 5.0 1135509680.5 1135510204.3 1135513626.1 1135511614.8 1135510810.2 1.30650e-07 1135509600 1135513700 -22.0 -174.5 9.386233e+06 1135511746.3 2.99958e-08
1135481151.0 5.0 1135481599.8 1135481943.6 1135483388.9 1135482429.8 1135482046.2 2.57443e-07 1135481500 1135483400 14.1 -91.1 4.475672e+06 1135482956.4 1.10049e-08
1135479533.5 5.0 1135480269.9 1135480809.0 1135484051.9 1135482115.4 1135481340.8 2.46693e-07 1135480200 1135484100 -34.4 -109.4 9.036821e+06 1135482956.4 1.18272e-08
1135392863.0 5.0 1135393428.3 1135393731.7 1135395868.7 1135394580.6 1135394065.3 5.32758e-07 1135393400 1135395900 6.9 -76.7 6.011445e+06 1135395704.1 5.36830e-07
1135187905.2 5.0 1135188680.3 1135189193.3 1135192856.0 1135190734.3 1135189885.6 2.01810e-07 1135188600 1135192900 -31.7 -72.2 9.901567e+06 1135191276.0 8.65760e-09
1134922688.6 5.0 1134923295.5 1134923582.3 1134926026.3 1134924595.9 1134924023.7 4.20244e-07 1134923200 1134926100 45.1 -28.0 6.675535e+06 1134924413.6 4.64910e-08
1134900546.8 5.0 1134901331.1 1134901833.5 1134905650.3 1134903463.1 1134902588.2 1.33999e-07 1134901300 1134905700 -6.9 155.1 1.020689e+07 1134902901.5 4.79295e-08
1134888219.0 5.0 1134888776.9 1134889075.7 1134891212.2 1134889929.4 1134889416.2 2.78106e-07 1134888700 1134891300 49.3 155.6 5.986431e+06 1134888785.1 6.44516e-08
1134736649.3 5.0 1134737364.7 1134737882.2 1134741181.5 1134739239.1 1134738462.2 1.31214e-08 1134737300 1134741200 -18.2 -174.9 9.064323e+06 1134740896.1 2.15700e-08
1134684291.9 5.0 1134685073.1 1134685574.0 1134689385.8 1134687202.7 1134686329.4 1.00296e-07 1134685000 1134689400 -6.3 154.7 1.018784e+07 1134685070.6 2.89882e-08
1134534469.8 5.0 1134535030.4 1134535331.1 1134537467.2 1134536182.6 1134535668.7 3.68693e-07 1134535000 1134537500 2.1 -84.4 5.994812e+06 1134535079.2 9.12554e-09
1134236947.2 5.0 1134237899.2 1134238307.2 1134244116.1 1134241043.7 1134239814.8 7.99429e-08 1134237800 1134244200 -56.4 -25.7 1.433771e+07 1134243958.0 5.14300e-07
1134168994.2 5.0 1134169779.5 1134170280.5 1134174114.6 1134171920.1 1134171042.4 1.26124e-07 1134169700 1134174200 -5.4 153.1 1.024076e+07 1134171178.0 2.14963e-08
1133906753.8 5.0 1133907955.9 1133908167.8 1133915826.4 1133911938.2 1133910382.9 5.14760e-08 1133907900 1133915900 -47.6 85.2 1.814521e+07 1133912961.5 2.48347e-08
1133808948.9 5.0 1133809781.7 1133810217.2 1133814970.0 1133812389.5 1133811357.4 3.06063e-09 1133809700 1133815000 -5.4 129.4 1.204211e+07 1133813804.6 1.40010e-07
1133723875.3 5.0 1133724675.7 1133725173.4 1133729128.3 1133726877.0 1133725976.5 1.84166e-07 1133724600 1133729200 38.4 72.9 1.050597e+07 1133727609.1 9.91188e-08
1133714161.7 5.0 1133715016.7 1133715478.7 1133720129.0 1133717571.6 1133716548.6 1.08826e-07 1133715000 1133720200 -4.1 129.5 1.193477e+07 1133718069.6 4.52202e-07
1133712387.4 5.0 1133713241.9 1133713704.4 1133718347.0 1133715792.9 1133714771.2 1.10860e-07 1133713200 1133718400 -4.0 129.5 1.191930e+07 1133718069.6 4.61304e-07
1133698656.5 5.0 1133699510.9 1133699972.9 1133704619.4 1133702063.9 1133701041.7 1.05439e-07 1133699500 1133704700 -4.1 129.6 1.192580e+07 1133703816.9 2.60374e-07
1133634936.4 5.0 1133635782.9 1133636253.5 1133640763.3 1133638266.0 1133637267.2 1.48610e-07 1133635700 1133640800 1.0 127.5 1.165368e+07 1133640349.4 2.38765e-07
1133464614.0 5.0 1133465589.6 1133465979.5 1133472058.6 1133468868.0 1133467591.8 8.54546e-08 1133465500 1133472100 -48.2 -10.1 1.488928e+07 1133471119.1 1.38205e-07
1133391600.9 5.0 1133392366.9 1133392886.1 1133396442.7 1133394367.7 1133393537.6 2.16269e-07 1133392300 1133396500 43.9 85.3 9.683528e+06 1133393092.9 1.78219e-08
1133295755.1 5.0 1133296759.2 1133297137.4 1133303565.7 1133300218.3 1133298879.3 7.11008e-08 1133296700 1133303600 -54.0 -2.4 1.562131e+07 1133300514.6 2.09500e-08
1133193332.1 5.0 1133194065.4 1133194605.5 1133197826.4 1133195900.3 1133195129.8 2.31730e-07 1133194000 1133197900 -34.0 -109.3 8.988723e+06 1133195215.7 1.30104e-08
1133137452.7 5.0 1133138189.6 1133138728.4 1133141975.6 1133140037.2 1133139261.9 2.46242e-07 1133138100 1133142000 -34.5 -109.2 9.045711e+06 1133138204.0 1.53754e-08
1133012412.1 5.0 1133013108.9 1133013654.7 1133016662.1 1133014840.7 1133014112.1 5.18000e-08 1133013100 1133016700 -16.4 -71.1 8.500027e+06 1133016435.3 2.10785e-08
1132789674.1 5.0 1132790174.7 1132790503.3 1132792224.3 1132791131.3 1132790694.2 5.41664e-07 1132790100 1132792300 10.5 -86.2 5.100393e+06 1132791691.9 1.64154e-08
1132674419.8 5.0 1132675334.3 1132675759.1 1132681161.6 1132678272.2 1132677116.5 6.25488e-08 1132675300 1132681200 2.9 96.5 1.348343e+07 1132678100.4 7.57186e-09
1132659651.3 5.0 1132660467.7 1132660957.0 1132665091.0 1132662759.7 1132661827.2 1.85489e-07 1132660400 1132665100 34.8 73.9 1.087932e+07 1132661951.9 1.27812e-07
1132485799.0 5.0 1132486623.2 1132487083.0 1132491552.6 1132489086.8 1132488100.4 1.97975e-08 1132486600 1132491600 4.2 125.8 1.150730e+07 1132490470.7 5.77480e-08
1132462027.8 5.0 1132462710.9 1132463265.3 1132466153.5 1132464385.3 1132463678.1 4.87338e-08 1132462700 1132466200 31.4 140.1 8.251357e+06 1132463561.7 6.79579e-08
1132391672.8 5.0 1132392448.4 1132392961.4 1132396627.3 1132394503.9 1132393654.6 2.06384e-07 1132392400 1132396700 -31.8 -72.1 9.909012e+06 1132396551.2 6.49560e-09
1132312750.6 5.0 1132313818.0 1132314155.5 1132321344.0 1132317661.1 1132316188.0 5.95166e-08 1132313800 1132321400 -53.0 21.8 1.718673e+07 1132319086.1 1.30343e-08
1132241664.9 5.0 1132242626.8 1132243019.8 1132248937.5 1132245820.7 1132244573.9 9.03917e-08 1132242600 1132249000 -53.7 140.5 1.454509e+07 1132245639.2 1.57481e-08
1132215092.8 5.0 1132215503.7 1132215835.6 1132217060.4 1132216217.1 1132215879.8 5.09848e-07 1132215500 1132217100 16.9 -96.4 3.935303e+06 1132216055.8 7.06441e-09
1131941769.6 5.0 1131942603.7 1131943080.0 1131947455.7 1131945018.8 1131944044.0 1.41435e-07 1131942600 1131947500 27.9 85.7 1.137222e+07 1131943304.9 1.85468e-08
1131884155.0 5.0 1131884923.4 1131885441.1 1131889025.9 1131886938.4 1131886103.3 2.13774e-07 1131884900 1131889100 38.8 20.6 9.741933e+06 1131888601.3 2.07728e-08
1131878233.7 5.0 1131879152.1 1131879562.8 1131885126.6 1131882172.5 1131880990.9 2.02256e-08 1131879100 1131885200 -4.7 103.6 1.378577e+07 1131880292.8 4.00300e-08
1131799880.6 5.0 1131800728.2 1131801198.1 1131805721.9 1131803218.5 1131802217.1 1.47921e-07 1131800700 1131805800 1.5 126.5 1.168261e+07 1131805491.7 1.44266e-07
1131725605.7 5.0 1131726369.9 1131726884.7 1131730472.4 1131728386.7 1131727552.4 1.44982e-07 1131726300 1131730500 -24.8 -176.0 9.733493e+06 1131729588.0 3.31613e-07
1131707085.6 5.0 1131708277.2 1131708495.5 1131715921.4 1131712134.6 1131710619.9 5.52820e-08 1131708200 1131716000 -26.5 67.8 1.767146e+07 1131714394.8 1.07059e-08
1131599532.1 5.0 1131600295.6 1131600810.9 1131604390.8 1131602308.5 1131601475.6 1.45450e-07 1131600200 1131604400 -24.8 -175.8 9.717331e+06 1131601886.0 2.65133e-08
1131432906.1 5.0 1131433548.2 1131434074.6 1131436647.6 1131435044.1 1131434402.7 6.47072e-08 1131433500 1131436700 -8.5 -75.9 7.482819e+06 1131436636.0 1.02092e-07
1131301151.7 5.0 1131301704.8 1131301953.6 1131304373.0 1131302992.4 1131302440.2 1.21729e-09 1131301700 1131304400 48.4 149.1 6.442577e+06 1131304205.8 1.59197e-08
1131148471.4 5.0 1131148875.9 1131149202.8 1131150394.6 1131149570.4 1131149240.7 5.65622e-07 1131148800 1131150400 51.4 -172.9 3.846484e+06 1131150025.4 1.57513e-08
1131123803.9 5.0 1131124524.8 1131125066.4 1131128218.0 1131126326.3 1131125569.6 1.40695e-07 1131124500 1131128300 18.0 147.0 8.828193e+06 1131124932.3 4.23861e-07
1130965088.8 5.0 1130966019.5 1130966442.0 1130971970.7 1130969021.3 1130967841.6 1.02908e-07 1130966000 1130972000 -10.2 111.2 1.376372e+07 1130966100.3 4.98585e-08
1130939101.7 5.0 1130939768.8 1130940317.6 1130943058.2 1130941362.5 1130940684.3 6.86478e-08 1130939700 1130943100 35.9 140.0 7.912901e+06 1130941884.6 1.12395e-08
1130898640.3 5.0 1130899465.4 1130899941.3 1130904263.5 1130901853.5 1130900889.6 9.25984e-08 1130899400 1130904300 -3.1 137.4 1.124624e+07 1130900085.4 1.56851e-08
1130876059.6 5.0 1130876474.7 1130876810.0 1130878054.5 1130877199.5 1130876857.5 5.02189e-07 1130876400 1130878100 16.6 -95.9 3.989907e+06 1130876491.6 3.13010e-08
1130838247.9 5.0 1130838990.4 1130839525.3 1130842830.7 1130840866.6 1130840081.0 2.40216e-07 1130838900 1130842900 -20.2 -173.6 9.165695e+06 1130841239.5 1.01907e-08
1130825526.9 5.0 1130826326.5 1130826810.2 1130830891.5 1130828592.4 1130827672.7 5.38339e-08 1130826300 1130830900 -6.3 147.6 1.072919e+07 1130829501.5 8.14074e-09
1130781791.0 5.0 1130782442.6 1130782975.6 1130785503.0 1130783912.2 1130783275.8 3.51223e-07 1130782400 1130785600 39.4 143.4 7.423874e+06 1130783904.5 7.92645e-08
1130775870.9 5.0 1130776754.0 1130777201.4 1130782178.3 1130779475.1 1130778393.9 1.06818e-07 1130776700 1130782200 -8.2 124.8 1.261490e+07 1130781585.7 1.03123e-07
1130680087.3 5.0 1130680701.9 1130681133.5 1130683572.1 1130682078.6 1130681481.2 1.02808e-07 1130680700 1130683600 43.3 146.1 6.969660e+06 1130683117.6 7.02233e-09
1130656009.0 5.0 1130656802.8 1130657304.6 1130661181.1 1130658964.5 1130658077.9 1.89971e-07 1130656800 1130661200 -3.6 149.8 1.034413e+07 1130658552.2 6.62013e-09
1130506853.2 5.0 1130507678.0 1130508154.1 1130512471.3 1130510063.6 1130509100.4 9.33779e-08 1130507600 1130512500 32.1 69.6 1.123624e+07 1130512294.2 8.05336e-09
1130488085.3 5.0 1130488495.7 1130488827.0 1130490017.8 1130489189.6 1130488858.3 9.60837e-07 1130488400 1130490100 51.6 -173.2 3.864958e+06 1130488759.5 3.03867e-07
1130224718.9 5.0 1130225635.8 1130226066.2 1130231427.5 1130228552.4 1130227402.3 1.09113e-07 1130225600 1130231500 -60.9 -51.0 1.341731e+07 1130228413.8 1.02761e-07
1130223554.3 5.0 1130224358.7 1130224842.1 1130228956.8 1130226641.4 1130225715.3 6.64865e-08 1130224300 1130229000 12.5 125.7 1.080482e+07 1130228413.8 1.22193e-07
1129986922.0 5.0 1129987773.6 1129988241.2 1129992812.6 1129990288.1 1129989278.3 1.45303e-07 1129987700 1129992900 27.4 66.0 1.178119e+07 1129988480.7 7.94573e-09
1129905555.3 5.0 1129906264.4 1129906801.7 1129909926.8 1129908053.3 1129907303.9 5.04236e-08 1129906200 1129910000 -18.0 -69.5 8.742967e+06 1129908545.1 2.72347e-08
1129858909.3 5.0 1129859634.0 1129860086.5 1129863952.2 1129861790.9 1129860926.5 4.66704e-11 1129859600 1129864000 -25.2 178.7 1.008568e+07 1129863308.6 1.31124e-08
1129757102.3 5.0 1129757873.3 1129758382.8 1129762055.1 1129759932.5 1129759083.4 1.29759e-07 1129757800 1129762100 -31.4 -71.5 9.905659e+06 1129760150.1 2.41708e-08
1129665313.0 5.0 1129666314.1 1129666695.2 1129673076.6 1129669749.3 1129668418.4 7.71221e-08 1129666300 1129673100 -53.8 -3.8 1.552715e+07 1129669179.3 2.37508e-07
1129535446.9 5.0 1129536572.9 1129536856.1 1129544250.9 1129540477.8 1129538968.5 5.58170e-08 1129536500 1129544300 -27.9 74.0 1.760809e+07 1129543339.7 9.16634e-09
1129370791.0 5.0 1129371558.9 1129372069.3 1129375714.7 1129373604.6 1129372760.5 1.19353e-07 1129371500 1129375800 -30.8 -71.4 9.847416e+06 1129374301.3 1.72766e-08
1129300276.0 5.0 1129301222.1 1129301635.7 1129307351.3 1129304319.0 1129303106.1 9.64686e-08 1129301200 1129307400 -7.8 102.4 1.415075e+07 1129301270.0 1.58045e-08
1129208437.0 5.0 1129209275.3 1129209744.0 1129214221.1 1129211742.2 1129210750.7 9.08109e-08 1129209200 1129214300 2.9 126.5 1.156816e+07 1129209822.1 4.89190e-08
1129117162.2 5.0 1129118111.7 1129118524.8 1129124265.0 1129121221.0 1129120003.3 1.05894e-07 1129118100 1129124300 -55.7 -27.5 1.420564e+07 1129120200.9 9.01711e-08
1128844056.0 5.0 1128844617.2 1128844902.6 1128847137.5 1128845816.8 1128845288.6 7.87805e-08 1128844600 1128847200 7.7 -73.3 6.163030e+06 1128844688.9 2.25441e-08
1128837000.1 5.0 1128837562.1 1128837866.0 1128839985.9 1128838706.3 1128838194.4 5.03546e-07 1128837500 1128840000 49.0 156.2 5.971549e+06 1128839056.4 3.41782e-07
1128655909.3 5.0 1128656681.4 1128657194.4 1128660841.6 1128658727.7 1128657882.2 1.79475e-07 1128656600 1128660900 -31.2 -71.8 9.864565e+06 1128658034.7 6.42315e-08
1128605539.9 5.0 1128606119.0 1128606407.0 1128608709.8 1128607351.3 1128606807.9 1.96352e-07 1128606100 1128608800 46.7 152.5 6.339831e+06 1128606685.8 1.01276e-08
1128393230.9 5.0 1128394189.8 1128394585.4 1128400453.0 1128397357.8 1128396119.7 1.01217e-07 1128394100 1128400500 -57.4 -24.8 1.444424e+07 1128397221.7 2.66564e-08
1128225050.4 5.0 1128225840.9 1128226340.8 1128230217.2 1128228002.9 1128227117.2 1.44564e-07 1128225800 1128230300 -30.3 -177.9 1.033361e+07 1128230236.0 5.40273e-09
1128042592.4 5.0 1128043403.5 1128043888.2 1128048035.5 1128045702.7 1128044769.6 1.04713e-07 1128043400 1128048100 -35.1 180.0 1.088614e+07 1128047136.2 7.04123e-09
1127988733.0 5.0 1127989501.9 1127990014.8 1127993645.0 1127991539.9 1127990697.8 1.54188e-07 1127989500 1127993700 -30.7 -71.6 9.824046e+06 1127990917.2 2.84032e-08
1127895846.2 5.0 1127896528.8 1127897089.9 1127899837.1 1127898126.7 1127897442.5 3.09386e-07 1127896500 1127899900 11.9 -43.7 7.981834e+06 1127899617.4 2.64175e-08
1127880866.7 5.0 1127881671.1 1127882166.4 1127886168.5 1127883896.3 1127882987.4 1.80765e-07 1127881600 1127886200 -33.0 -178.3 1.060357e+07 1127882655.1 7.35301e-08
1127614300.1 5.0 1127615089.1 1127615591.0 1127619439.2 1127617236.7 1127616355.7 1.59371e-07 1127615000 1127619500 -7.2 154.5 1.027816e+07 1127619415.6 1.96477e-08
1127584231.5 5.0 1127585066.8 1127585535.4 1127589994.3 1127587524.5 1127586536.6 7.77085e-08 1127585000 1127590000 1.6 128.6 1.152551e+07 1127586787.1 3.67496e-07
1127574150.9 5.0 1127574536.9 1127574849.2 1127575936.9 1127575171.5 1127574865.3 9.18975e-07 1127574500 1127576000 17.8 -102.3 3.571864e+06 1127575507.2 2.44100e-07
1127436282.3 5.0 1127436922.1 1127437444.6 1127439892.7 1127438345.4 1127437726.5 3.68311e-07 1127436900 1127439900 20.0 -45.4 7.220813e+06 1127438505.0 7.06551e-08
1127426443.6 5.0 1127427081.5 1127427602.4 1127430038.3 1127428497.7 1127427881.5 3.71089e-07 1127427000 1127430100 20.3 -45.6 7.189385e+06 1127427885.5 2.41575e-08
1127423997.0 5.0 1127424634.7 1127425155.3 1127427589.8 1127426050.0 1127425434.1 3.71410e-07 1127424600 1127427600 20.3 -45.6 7.185754e+06 1127426029.9 3.01659e-08
1127296204.4 5.0 1127296839.7 1127297359.6 1127299856.7 1127298291.4 1127297665.3 1.10699e-07 1127296800 1127299900 42.2 142.0 7.304622e+06 1127297798.1 6.34854e-09
1127291309.0 5.0 1127292305.2 1127292688.7 1127299010.6 1127295709.9 1127294389.6 7.86632e-08 1127292300 1127299100 -5.7 68.3 1.540332e+07 1127292733.9 2.42408e-08
1127271817.5 5.0 1127272586.9 1127273099.6 1127276734.6 1127274627.3 1127273784.3 1.55981e-07 1127272500 1127276800 -30.7 -71.6 9.834214e+06 1127274109.6 8.27556e-07
1127206084.0 5.0 1127206943.9 1127207407.6 1127212071.9 1127209505.6 1127208479.1 1.48021e-07 1127206900 1127212100 1.3 122.7 1.197572e+07 1127211824.2 3.38842e-08
1127069288.3 5.0 1127070102.6 1127070561.2 1127074974.4 1127072537.5 1127071562.8 1.08314e-08 1127070100 1127075000 -38.3 176.1 1.137206e+07 1127073349.5 4.12856e-08
1127060385.0 5.0 1127061582.6 1127061795.0 1127069227.7 1127065438.0 1127063922.1 5.51659e-08 1127061500 1127069300 -28.8 74.2 1.768538e+07 1127068098.2 5.87492e-08
1127043177.2 5.0 1127043952.5 1127044465.8 1127048127.3 1127046005.8 1127045157.3 2.07163e-07 1127043900 1127048200 -31.6 -72.0 9.900097e+06 1127046186.1 9.10559e-09
1126911975.0 5.0 1126912771.6 1126913271.6 1126917181.6 1126914950.2 1126914057.7 1.87474e-07 1126912700 1126917200 -6.0 151.4 1.041310e+07 1126914953.6 1.66482e-08
1126896405.0 5.0 1126897230.0 1126897713.3 1126901960.9 1126899579.8 1126898627.3 1.67427e-07 1126897200 1126902000 -2.6 138.7 1.111175e+07 1126897276.6 2.05121e-07
1126870584.7 5.0 1126871538.0 1126871947.8 1126877746.3 1126874677.0 1126873449.3 9.57639e-08 1126871500 1126877800 -57.3 147.7 1.432314e+07 1126876609.2 2.14203e-08
1126804725.6 5.0 1126805493.4 1126806005.9 1126809634.8 1126807530.8 1126806689.2 1.42555e-07 1126805400 1126809700 -30.6 -71.7 9.818396e+06 1126805483.2 5.75970e-08
1126753339.0 5.0 1126754107.0 1126754617.5 1126758264.2 1126756153.4 1126755309.1 1.20331e-07 1126754100 1126758300 -30.8 -71.5 9.850293e+06 1126756385.1 1.22658e-08
1126672445.2 5.0 1126673213.7 1126673731.3 1126677316.6 1126675228.8 1126674393.7 2.13734e-07 1126673200 1126677400 -30.4 -72.8 9.742869e+06 1126677336.0 1.72487e-07
1126657701.3 5.0 1126658494.2 1126658993.4 1126662890.2 1126660666.4 1126659776.9 1.52171e-07 1126658400 1126662900 -22.1 170.0 1.037778e+07 1126660080.2 2.83013e-08
1126585459.1 5.0 1126586233.8 1126586748.5 1126590394.9 1126588279.5 1126587433.4 2.22829e-07 1126586200 1126590400 -31.4 -72.0 9.871620e+06 1126589259.0 2.30302e-08
1133391591.7 4.9 1133392357.7 1133392876.9 1133396434.0 1133394358.7 1133393528.6 1.59655e-07 1133392300 1133396500 43.9 85.2 9.684649e+06 1133393092.9 1.78219e-08
