951287668.3 8.8 951288456.9 951288957.9 951292812.2 951290607.7 951289725.9 3.84588e-04 951288400 951292900 -36.1 -72.9 1.028769e+07 28.1 951290653.4 3.54099e-04 951290782.3 2.29842e-04 951290497.0 1.71939e-03
938281706.5 8.1 938282422.4 938282974.0 938286028.6 938284176.3 938283435.4 1.39877e-04 938282400 938286100 -15.5 -171.9 8.644071e+06 18.5 938284064.9 2.45743e-04 938284865.1 1.42125e-04 938283897.2 1.06705e-03
954627317.1 7.8 954628233.7 954628659.4 954634067.8 954631174.6 954630017.4 5.09335e-05 954628200 954634100 2.4 97.1 1.350128e+07 33.4 954632141.2 5.76409e-05 954632177.9 2.23709e-05 954631663.7 1.97716e-04
938989148.9 7.8 938989914.2 938990424.0 938994061.0 938991955.8 938991113.8 7.06894e-05 938989900 938994100 -12.5 166.4 9.824240e+06 59.0 938991907.0 1.19968e-04 938991902.0 4.01283e-05 938991892.3 3.72512e-04
931684967.0 7.8 931685846.3 931686295.7 931691227.6 931688544.5 931687471.2 5.57099e-05 931685800 931691300 -45.8 166.6 1.252132e+07 20.9 931689550.2 6.22976e-05 931689562.3 2.33079e-05 931688346.3 2.27924e-04
963960688.0 7.7 963961465.1 963961880.7 963966424.7 963963966.1 963962982.7 3.46605e-05 963961400 963966500 6.4 123.6 1.147349e+07 584.7 963962236.5 5.07833e-05 963962241.4 2.91984e-05 963962238.1 1.28490e-04
938988209.4 7.6 938988979.3 938989490.8 938993140.0 938991026.9 938990181.6 5.01941e-05 938988900 938993200 -13.0 166.5 9.861269e+06 33.7 938991907.0 1.19968e-04 938991902.0 4.01283e-05 938991892.3 3.74106e-04
938340985.5 7.6 938341900.8 938342317.4 938347803.7 938344881.6 938343712.8 3.37002e-05 938341900 938347900 -0.7 100.0 1.363641e+07 90.2 938342217.3 3.19786e-05 938342222.2 2.69438e-05 938344748.2 1.00893e-04
963962124.8 7.5 963962897.1 963963308.5 963967856.7 963965400.2 963964417.6 2.10331e-05 963962800 963967900 6.7 123.3 1.146377e+07 633.7 963963253.4 2.05972e-05 963963656.5 1.12357e-05 963963233.9 1.12163e-04
960406025.0 7.5 960406930.4 960407362.9 960412630.9 960409799.8 960408667.4 3.05048e-05 960406900 960412700 7.9 92.0 1.321174e+07 31.4 960410678.0 3.16055e-05 960407264.2 1.65967e-05 960409840.4 1.01573e-04
933969354.8 7.5 933970233.6 933970681.4 933975626.7 933972938.8 933971863.6 3.23268e-05 933970200 933975700 14.1 92.9 1.254379e+07 30.7 933974303.5 3.89679e-05 933974316.4 1.46620e-05 933974307.8 1.23885e-04
951292898.5 7.4 951293688.6 951294187.2 951298074.1 951295856.0 951294968.7 3.32057e-05 951293600 951298100 -37.8 -75.2 1.035123e+07 35.0 951293951.6 9.71210e-05 951293663.5 3.89878e-05 951293955.6 2.75837e-04
938992444.0 7.4 938993214.3 938993725.7 938997378.0 938995263.5 938994417.6 3.50677e-05 938993200 938997400 -13.1 166.5 9.868060e+06 32.9 938993753.2 7.55392e-05 938993749.2 2.88890e-05 938993346.6 2.10543e-04
965453041.4 7.3 965453822.4 965454326.9 965458104.9 965455934.8 965455066.8 2.84094e-05 965453800 965458200 -17.5 168.0 1.012713e+07 33.5 965454637.5 2.14027e-05 965455767.5 6.33826e-06 965454641.5 6.30152e-05
963958106.2 7.3 963958880.3 963959294.0 963963833.8 963961379.1 963960397.2 1.31059e-05 963958800 963963900 6.7 123.5 1.145512e+07 610.2 963962236.5 5.07833e-05 963962241.4 2.91984e-05 963962238.1 1.28918e-04
963495315.9 7.3 963496110.2 963496604.8 963500553.4 963498308.7 963497410.9 2.70790e-05 963496100 963500600 -6.0 150.7 1.047495e+07 43.1 963498338.0 4.29832e-05 963498352.1 1.37094e-05 963498342.6 1.37019e-04
957419997.3 7.3 957420909.8 957421336.2 957426709.5 957423832.9 957422682.2 2.05406e-05 957420900 957426800 3.7 96.0 1.342432e+07 42.3 957424776.4 1.91564e-05 957424771.1 6.77753e-06 957424761.2 7.06625e-05
941798709.8 7.3 941799401.6 941799868.1 941803410.9 941801396.1 941800590.2 1.66539e-05 941799400 941803500 -17.3 178.5 9.402158e+06 591.3 941799404.5 1.24808e-05 941799406.8 1.63024e-05 941799405.2 1.67661e-05
959015701.9 7.2 959016473.4 959016983.7 959020652.9 959018531.1 959017682.3 2.42193e-05 959016400 959020700 -13.7 166.7 9.902012e+06 34.7 959018300.5 1.23026e-05 959019368.1 4.08567e-06 959018257.4 4.77756e-05
954456058.6 7.2 954456267.6 954456432.4 954456877.6 954456526.6 954456386.2 1.72772e-04 954456200 954456900 32.3 -115.3 1.637912e+06 5.2 954456716.7 3.68964e-04 954456655.5 3.81846e-04 954456723.7 1.25310e-03
965649270.0 7.1 965649857.7 965650121.2 965652629.6 965651189.8 965650613.9 2.43521e-05 965649800 965652700 -1.3 -77.4 6.719243e+06 206.5 965649918.3 1.19037e-05 965649916.7 1.12248e-05 965651450.1 2.63334e-05
946593404.6 7.1 946594188.8 946594692.1 946598499.7 946596316.1 946595442.6 1.96282e-05 946594100 946598500 -8.9 157.4 1.019026e+07 29.8 946596174.1 2.67331e-05 946596550.5 8.00695e-06 946595974.0 9.99486e-05
933850571.3 7.1 933851235.5 933851770.0 933854698.0 933852929.4 933852222.0 1.70014e-05 933851200 933854700 33.1 138.1 8.253411e+06 302.2 933851827.2 1.20763e-05 933851245.4 1.56116e-05 933851830.5 3.53655e-05
969815500.0 7.0 969816345.7 969816814.4 969821339.4 969818836.8 969817835.7 1.41490e-05 969816300 969821400 -5.0 133.8 1.167883e+07 20.5 969818501.5 8.24092e-06 969816630.0 3.00605e-06 969818509.7 3.68976e-05
967566961.5 7.0 967567824.1 967568286.8 967572978.0 967570399.5 967569368.1 1.40275e-05 967567800 967573000 -43.4 171.9 1.203314e+07 4.0 967570560.0 3.74233e-05 967569153.0 1.93651e-05 967569164.8 1.36757e-04
960693404.1 7.0 960694232.1 960694710.7 960699024.5 960696615.8 960695652.3 1.47462e-05 960694200 960699100 -2.2 136.6 1.124072e+07 22.1 960696689.1 1.48290e-05 960699100.0 5.45997e-06 960696283.8 5.34335e-05
952354544.2 7.0 952355328.1 952355832.7 952359625.3 952357447.7 952356576.6 1.64824e-05 952355300 952359700 -34.3 -71.8 1.016234e+07 24.4 952357660.9 2.25885e-05 952358086.7 9.31687e-06 952357470.1 5.79874e-05
951251501.9 7.0 951252255.7 951252779.6 951256232.6 951254205.2 951253394.2 1.78743e-05 951252200 951256300 26.0 128.5 9.461555e+06 24.2 951255004.8 9.42025e-06 951252263.5 8.69407e-06 951255009.1 2.67261e-05
947368405.4 7.0 947368921.2 947369243.9 947371056.4 947369920.3 947369465.8 3.43923e-05 947368900 947371100 18.4 -72.6 5.301972e+06 15.0 947370228.0 2.14123e-04 947370224.4 9.16512e-05 947370165.2 6.63858e-04
935913316.8 7.0 935914242.9 935914658.9 935920223.1 935917263.3 935916079.3 1.09909e-05 935914200 935920300 -7.7 107.4 1.381250e+07 57.8 935914557.3 1.08297e-05 935914556.1 6.81459e-06 935917163.8 4.40651e-05
965769589.2 6.9 965770353.7 965770872.4 965774426.1 965772353.1 965771524.0 1.46634e-05 965770300 965774500 12.5 141.6 9.673720e+06 16.4 965770377.1 1.60362e-05 965770375.8 9.56593e-06 965772292.3 4.44426e-05
964994519.0 6.9 964995311.8 964995806.8 964999743.3 964997504.3 964996608.7 1.27478e-05 964995300 964999800 -5.8 150.8 1.044858e+07 46.0 964997621.5 1.20500e-05 964997616.7 4.20237e-06 964997626.4 3.68797e-05
963493466.5 6.9 963494260.7 963494754.9 963498706.9 963496461.0 963495562.7 1.27076e-05 963494200 963498800 -6.0 150.5 1.048079e+07 45.8 963498338.0 4.29832e-05 963498800.0 1.42044e-05 963498342.6 1.36192e-04
955237792.0 6.9 955238589.2 955239088.0 955243013.6 955240775.8 955239880.6 1.34951e-05 955238500 955243100 33.2 96.7 1.044315e+07 13.8 955241154.3 1.78618e-05 955241168.9 7.77710e-06 955241056.4 6.37446e-05
955014044.9 6.9 955014821.3 955015324.9 955019083.3 955016924.0 955016060.2 1.30972e-05 955014800 955019100 -10.9 161.2 1.007688e+07 54.3 955016792.1 1.66742e-05 955014834.1 7.23890e-06 955016797.6 5.31341e-05
952353600.7 6.9 952354385.3 952354890.6 952358681.1 952356503.8 952355632.9 1.37932e-05 952354300 952358700 -34.4 -72.0 1.016071e+07 19.3 952357660.9 2.25885e-05 952354392.5 1.13070e-05 952357470.1 5.88660e-05
950490813.4 6.9 950491436.5 950491949.4 950494784.1 950493082.4 950492401.7 6.91073e-06 950491400 950494800 42.6 130.7 7.941339e+06 573.7 950491441.5 4.70203e-06 950491444.5 5.73709e-06 950492560.9 1.01294e-05
940430459.8 6.9 940431304.7 940431752.8 940436471.2 940433894.8 940432864.3 9.18839e-06 940431300 940436500 -6.1 130.4 1.202277e+07 140.3 940432196.6 5.37392e-06 940432194.6 4.04837e-06 940433508.3 1.04377e-05
935459494.9 6.9 935460313.2 935460697.4 935465810.4 935463103.7 935462021.1 3.61630e-06 935460300 935465900 -7.2 123.5 1.263098e+07 640.1 935463024.8 6.57852e-06 935462998.0 2.19618e-06 935463029.0 1.55509e-05
933357611.4 6.9 933357865.5 933358071.4 933358629.3 933358193.1 933358018.6 8.12797e-05 933357800 933358700 29.1 -112.9 2.035815e+06 7.8 933358452.1 3.36308e-04 933358334.1 3.73991e-04 933358279.0 8.77754e-04
946728949.4 6.8 946729734.1 946730238.2 946734041.8 946731859.3 946730986.3 1.12740e-05 946729700 946734100 -9.0 157.6 1.018480e+07 24.7 946731841.5 1.51230e-05 946731837.9 5.77967e-06 946731643.3 4.78290e-05
946702553.9 6.8 946703535.2 946703923.5 946710068.6 946706848.0 946705559.8 7.31308e-06 946703500 946710100 -58.5 -14.9 1.502940e+07 10.0 946707498.1 5.27181e-06 946703892.4 2.58227e-06 946707066.2 1.56124e-05
943102050.7 6.8 943102795.7 943103326.9 943106674.7 943104693.0 943103900.3 1.27578e-05 943102700 943106700 -20.7 -174.0 9.248021e+06 18.4 943104656.9 3.17225e-05 943104670.9 1.09360e-05 943104661.8 9.56182e-05
940921434.1 6.8 940922169.8 940922703.9 940925983.1 940924033.5 940923253.7 1.26097e-05 940922100 940926000 29.2 130.0 9.097921e+06 33.9 940924290.3 6.49976e-06 940922185.7 2.52983e-06 940924295.8 1.93708e-05
938991034.4 6.8 938991803.4 938992314.2 938995963.7 938993851.1 938993006.1 1.13602e-05 938991800 938996000 -12.6 166.0 9.858632e+06 40.0 938991907.0 1.19773e-04 938991902.0 4.01295e-05 938991892.3 3.98819e-04
938986889.6 6.8 938987677.3 938988086.5 938992763.0 938990245.8 938989238.9 3.16415e-06 938987600 938992800 4.1 122.5 1.174687e+07 586.8 938991907.0 1.19968e-04 938991902.0 4.01283e-05 938991892.3 3.74320e-04
963467820.8 6.7 963468209.3 963468523.5 963469623.9 963468851.2 963468542.1 3.00353e-05 963468200 963469700 52.8 -169.8 3.606202e+06 21.5 963469080.0 4.02980e-05 963469046.1 1.94392e-05 963469083.6 8.86371e-05
961565434.8 6.7 961566210.7 961566717.2 961570446.9 961568298.8 961567439.6 9.15967e-06 961566200 961570500 -10.6 161.5 1.002412e+07 40.3 961568189.5 1.10555e-05 961568225.6 3.41642e-06 961568194.4 3.68023e-05
952741333.0 6.7 952742122.6 952742625.0 952746472.0 952744269.6 952743388.6 9.33071e-06 952742100 952746500 -36.3 -73.4 1.027784e+07 18.6 952744385.5 8.79436e-06 952744690.2 3.79045e-06 952744372.6 2.39636e-05
951840435.0 6.7 951841367.8 951841786.0 951847372.1 951844399.0 951843209.8 6.43292e-06 951841300 951847400 -3.8 100.9 1.387415e+07 24.2 951845414.5 8.26926e-06 951845499.7 3.16370e-06 951845418.8 2.50267e-05
939025743.4 6.7 939026514.9 939027024.2 939030702.9 939028577.4 939027727.2 9.27749e-06 939026500 939030800 -13.3 166.0 9.919083e+06 40.1 939028817.9 7.59880e-06 939028813.6 2.92820e-06 939028822.3 2.16115e-05
934502764.0 6.7 934503540.9 934504050.4 934507757.4 934505617.4 934504761.3 9.58247e-06 934503500 934507800 23.5 123.6 9.986889e+06 21.8 934506063.6 3.72356e-06 934503567.7 1.47292e-06 934505764.1 1.21371e-05
934443520.2 6.7 934444445.4 934444865.0 934450388.9 934447445.2 934446267.7 6.28717e-06 934444400 934450400 -1.5 99.5 1.373741e+07 40.1 934447959.4 4.88319e-06 934448442.2 2.08416e-06 934447943.4 1.93850e-05
964423931.7 6.6 964424706.1 964425118.8 964429670.2 964427210.8 964426227.1 1.53894e-06 964424700 964429700 6.6 123.4 1.147713e+07 615.8 964425468.3 1.15889e-06 964425492.3 8.73793e-07 964425470.0 2.37984e-06
963984916.8 6.6 963985696.6 963986113.6 963990665.0 963988201.5 963987216.1 1.74267e-06 963985600 963990700 6.2 123.6 1.149634e+07 564.7 963986463.2 1.81173e-06 963986461.7 1.16266e-06 963986465.1 3.60924e-06
963131556.9 6.6 963132352.4 963132849.6 963136780.9 963134542.0 963133646.5 7.41088e-06 963132300 963136800 -38.1 -73.5 1.044810e+07 25.7 963134603.3 3.44235e-06 963133886.0 3.04204e-06 963134867.9 1.08025e-05
960695905.1 6.6 960696733.8 960697212.3 960701531.0 960699119.9 960698155.5 6.86632e-06 960696700 960701600 -2.4 136.6 1.125168e+07 20.6 960696941.2 1.16550e-05 960696703.3 4.56023e-06 960696927.0 2.66441e-05
954003302.4 6.6 954004181.8 954004627.7 954009596.4 954006899.0 954005820.0 5.73068e-06 954004100 954009600 13.6 92.9 1.258809e+07 38.5 954007669.4 3.46820e-06 954006562.8 3.05833e-06 954007278.0 8.22789e-06
953128865.4 6.6 953129604.2 953130067.7 953133934.1 953131761.8 953130892.9 2.90615e-06 953129600 953134000 -3.4 152.3 1.013724e+07 418.9 953130323.6 1.92644e-06 953129608.6 2.58771e-06 953130308.8 5.01070e-06
951824842.5 6.6 951825633.1 951826134.2 951829999.7 951827789.5 951826905.4 7.59871e-06 951825600 951830000 -36.7 -73.4 1.031443e+07 21.8 951827868.1 9.53501e-06 951827881.0 3.80186e-06 951827872.7 2.56767e-05
946590500.0 6.6 946591285.4 946591790.5 946595588.3 946593407.6 946592535.3 7.79819e-06 946591200 946595600 -8.8 157.5 1.017672e+07 17.8 946594943.9 8.47312e-06 946594950.6 5.25759e-06 946593066.5 1.80562e-05
942507061.8 6.6 942507198.3 942507306.0 942507587.8 942507362.4 942507272.2 9.63928e-05 942507100 942507600 52.0 -131.6 1.051941e+06 8.7 942507422.6 3.07724e-04 942507470.5 2.60403e-04 942507410.3 6.21954e-04
941744520.9 6.6 941745420.5 941745856.1 941751056.6 941748255.5 941747135.1 5.55837e-06 941745400 941751100 -8.3 118.7 1.307138e+07 32.1 941749125.1 3.52760e-06 941747495.6 2.65254e-06 941748390.4 8.50744e-06
938689096.0 6.6 938689867.9 938690279.3 938694824.5 938692369.4 938691387.4 1.47069e-06 938689800 938694900 6.7 123.5 1.145704e+07 635.0 938691339.8 1.09350e-06 938690652.5 1.34033e-06 938691344.0 2.28715e-06
938397164.7 6.6 938398091.5 938398513.8 938404021.1 938401082.6 938399907.3 5.37848e-06 938398000 938404100 -2.5 101.6 1.371274e+07 21.4 938401616.3 3.24602e-06 938402181.8 1.49597e-06 938402040.9 1.06462e-05
935679108.9 6.6 935679825.7 935680377.6 935683434.3 935681580.5 935680839.0 9.52539e-06 935679800 935683500 -15.2 -172.5 8.650829e+06 14.3 935681740.8 8.28154e-06 935679828.4 7.55397e-06 935681603.8 2.36529e-05
934152547.1 6.6 934153230.6 934153793.3 934156609.2 934154868.3 934154171.9 9.11165e-06 934153200 934156700 32.8 140.4 8.124210e+06 61.8 934153235.6 3.69457e-06 934153234.9 3.15346e-06 934154635.6 7.78008e-06
967547783.1 6.5 967548203.1 967548542.1 967549807.5 967548939.9 967548592.9 1.71089e-05 967548200 967549900 51.6 -176.0 4.048824e+06 45.8 967548908.2 1.15464e-05 967548224.4 4.94732e-06 967548913.0 4.25607e-05
964941348.4 6.5 964942132.4 964942602.2 964946710.1 964944412.3 964943493.1 3.43744e-06 964942100 964946800 -5.5 146.9 1.072342e+07 219.7 964942969.5 1.20699e-06 964942389.2 1.05330e-06 964942972.1 3.30485e-06
959370722.7 6.5 959371599.5 959372031.0 959377120.8 959374378.8 959373282.0 3.52828e-06 959371500 959377200 11.2 93.7 1.279632e+07 131.6 959372471.5 1.54357e-06 959371896.1 1.29173e-06 959372474.3 4.43074e-06
958753123.8 6.5 958753733.3 958754234.4 958756973.0 958755323.4 958754663.5 1.86657e-06 958753700 958757000 -8.1 -71.6 7.698435e+06 582.1 958753737.3 3.79448e-06 958753735.7 5.42552e-06 958754252.6 3.63870e-06
957112158.1 6.5 957113091.3 957113508.9 957119103.4 957116126.9 957114936.2 4.26023e-06 957113000 957119200 -4.1 101.1 1.389062e+07 26.3 957117251.2 4.94360e-06 957117281.4 2.00454e-06 957117255.1 1.36701e-05
956704318.7 6.5 956704738.7 956705077.6 956706316.7 956705460.4 956705117.9 1.89929e-05 956704700 956706400 60.5 -177.9 3.996114e+06 13.3 956706092.7 3.64452e-05 956705947.6 2.22418e-05 956706095.4 7.10087e-05
956286007.3 6.5 956286788.0 956287294.9 956291049.0 956288888.3 956288024.0 6.38808e-06 956286700 956291100 22.2 123.8 1.008352e+07 23.2 956290475.8 2.12290e-06 956286798.3 1.89777e-06 956290253.0 4.97956e-06
952589300.0 6.5 952589960.7 952590502.6 952593130.1 952591488.6 952590832.0 8.44389e-06 952589900 952593200 37.8 141.7 7.660119e+06 40.1 952589978.6 5.38669e-06 952589977.7 4.22367e-06 952591267.5 1.11522e-05
952563481.2 6.5 952564327.5 952564787.9 952569396.8 952566861.6 952565847.4 4.69771e-06 952564300 952569400 -1.6 128.1 1.183138e+07 63.6 952567315.3 1.85964e-06 952568952.8 1.67754e-06 952566851.8 4.15979e-06
951746563.9 6.5 951747315.5 951747810.5 951751492.8 951749380.4 951748535.4 4.13753e-06 951747300 951751500 -13.6 167.2 9.857957e+06 189.6 951747318.8 2.74228e-06 951747322.5 3.59913e-06 951748856.1 4.04908e-06
947118476.9 6.5 947118577.3 947118656.6 947118862.7 947118697.3 947118631.2 1.08134e-04 947118500 947118900 40.7 -124.5 7.716273e+05 20.6 947118790.0 2.73626e-04 947118778.4 2.29700e-04 947118757.5 3.45956e-04
942116773.3 6.5 942117495.7 942118038.7 942121187.8 942119295.9 942118539.1 7.22741e-06 942117400 942121200 -19.5 -70.4 8.828980e+06 36.0 942119702.2 6.02864e-06 942117507.4 3.05253e-06 942119707.0 2.00318e-05
933912406.2 6.5 933913171.1 933913684.5 933917287.2 933915195.4 933914358.6 6.33448e-06 933913100 933917300 -11.6 166.2 9.762099e+06 40.3 933915052.4 4.30273e-06 933915089.8 1.25470e-06 933915057.4 1.47150e-05
970543589.2 6.4 970544008.8 970544347.4 970545594.7 970544735.2 970544391.4 1.51923e-05 970544000 970545600 51.3 -175.3 4.011078e+06 24.4 970545270.3 1.47165e-05 970545298.2 6.12239e-06 970545258.7 3.54457e-05
964961920.4 6.4 964962355.0 964962705.5 964964031.8 964963126.9 964962765.0 1.39540e-05 964962300 964964100 51.4 -178.5 4.222661e+06 33.3 964963090.8 9.39456e-06 964962369.4 5.40874e-06 964963072.9 3.58161e-05
961907476.7 6.4 961908190.6 961908645.8 961912419.5 961910301.1 961909453.8 9.68237e-07 961908100 961912500 -23.3 179.2 9.885604e+06 572.8 961908865.1 1.65044e-06 961908193.6 1.78346e-06 961908866.9 3.67938e-06
958899203.4 6.4 958899955.9 958900483.6 958903898.0 958901886.0 958901081.2 5.90675e-06 958899900 958903900 25.7 130.0 9.389087e+06 12.0 958901909.9 1.99992e-06 958899960.7 1.79268e-06 958901895.6 4.81101e-06
956704604.2 6.4 956705022.8 956705360.5 956706595.6 956705742.1 956705400.8 1.57192e-05 956705000 956706600 60.5 -177.6 3.982739e+06 16.0 956706092.7 3.64452e-05 956705947.6 2.22418e-05 956706095.4 6.99314e-05
945262951.4 6.4 945263728.4 945264232.4 945267990.8 945265831.0 945264967.1 4.81124e-06 945263700 945268000 23.8 121.7 1.007876e+07 50.1 945263762.8 3.26242e-06 945263751.2 2.33324e-06 945267073.9 4.42290e-06
944409658.2 6.4 944410467.1 944410959.7 944415015.5 944412719.5 944411801.1 5.05463e-06 944410400 944415100 -0.7 -21.1 1.071453e+07 10.0 944410429.7 1.93893e-06 944410428.1 1.82955e-06 944412754.7 2.77072e-06
944387183.5 6.4 944387966.4 944388460.2 944392345.2 944390133.0 944389248.1 4.16966e-06 944387900 944392400 -22.2 170.9 1.032338e+07 86.6 944390054.8 4.35903e-06 944390069.1 2.24064e-06 944389818.8 1.19481e-05
939500527.9 6.4 939500904.0 939501208.6 939502245.7 939501509.5 939501215.0 1.86199e-05 939500900 939502300 52.5 -167.2 3.435670e+06 14.1 939502024.9 2.27769e-05 939502022.0 1.08178e-05 939501589.2 5.23460e-05
939447457.4 6.4 939447831.9 939448135.3 939449167.8 939448434.8 939448141.5 1.85601e-05 939447800 939449200 52.7 -167.0 3.420820e+06 16.7 939448954.2 1.10446e-05 939448934.3 5.76676e-06 939448475.1 3.08766e-05
937811798.0 6.4 937812160.1 937812454.2 937813442.5 937812737.7 937812455.8 1.85831e-05 937812100 937813500 18.8 -107.2 3.289154e+06 30.2 937812974.2 4.09840e-05 937812972.0 3.09466e-05 937812938.6 7.29612e-05
936821201.3 6.4 936821781.2 936822076.2 936824336.6 936822992.9 936822455.4 9.29950e-06 936821700 936824400 10.7 -67.9 6.270586e+06 19.6 936823415.6 3.14096e-05 936823427.9 1.09103e-05 936823420.0 8.99172e-05
970234133.9 6.3 970234902.2 970235414.9 970239044.3 970236939.9 970236098.1 4.26114e-06 970234900 970239100 24.2 125.2 9.820712e+06 32.8 970238556.5 1.67575e-06 970234927.4 2.33325e-06 970237411.7 2.89582e-06
967981072.7 6.3 967981857.4 967982356.7 967986204.4 967984005.1 967983125.4 3.79758e-06 967981800 967986300 -20.8 170.0 1.026338e+07 50.0 967984199.0 2.94227e-06 967981883.2 1.34844e-06 967984185.3 7.69739e-06
967911228.5 6.3 967911968.5 967912504.0 967915792.8 967913836.6 967913054.2 4.96885e-06 967911900 967915800 -15.9 -179.2 9.128506e+06 14.7 967913604.8 3.32669e-06 967912233.4 1.30751e-06 967913586.5 1.03849e-05
965964669.2 6.3 965965854.8 965966067.7 965973054.4 965969460.8 965968023.3 2.24863e-06 965965800 965973100 -17.8 65.6 1.677045e+07 14.7 965970568.7 7.57315e-07 965965910.4 7.69158e-07 965970215.5 2.92638e-06
965920184.6 6.3 965920969.1 965921445.4 965925498.9 965923221.3 965922310.3 2.30151e-06 965920900 965925500 -5.8 148.4 1.062859e+07 180.8 965921775.6 8.62436e-07 965921204.5 6.84220e-07 965922878.6 2.10637e-06
965862081.0 6.3 965862844.8 965863361.3 965866931.9 965864852.9 965864021.3 4.39317e-06 965862800 965867000 12.2 141.5 9.701801e+06 28.4 965862990.6 3.28016e-06 965862856.4 2.57045e-06 965864614.5 5.65667e-06
964872522.5 6.3 964873365.8 964873830.3 964878381.2 964875870.3 964874866.0 3.20289e-06 964873300 964878400 1.3 126.3 1.171726e+07 50.6 964875743.1 1.61195e-06 964874216.0 7.70200e-07 964875608.4 5.19384e-06
964497389.6 6.3 964497920.6 964498233.6 964500166.5 964498976.4 964498500.4 8.49632e-06 964497900 964500200 52.4 159.9 5.553621e+06 30.3 964498992.2 4.87788e-06 964498983.9 1.89233e-06 964498973.9 1.82733e-05
963688717.8 6.3 963689511.8 963690006.9 963693949.3 963691707.2 963690810.4 3.82371e-06 963689500 963694000 -6.0 150.7 1.046299e+07 41.1 963692130.2 5.29974e-06 963692126.2 2.05350e-06 963692117.2 1.47536e-05
962797428.0 6.3 962798182.1 962798707.5 962802149.1 962800125.8 962799316.4 4.72953e-06 962798100 962802200 11.2 146.1 9.442132e+06 16.9 962800029.8 2.38567e-06 962798192.0 3.16455e-06 962799795.3 9.10128e-06
962315767.4 6.3 962316417.9 962316950.6 962319497.1 962317898.7 962317259.3 6.01413e-06 962316400 962319500 39.7 142.6 7.459558e+06 30.1 962316432.8 2.53939e-06 962316431.6 2.55304e-06 962317901.5 7.41408e-06
962085858.6 6.3 962086629.9 962087140.3 962090807.6 962088686.6 962087838.2 4.19606e-06 962086600 962090900 -13.6 166.7 9.898026e+06 34.4 962089030.3 1.87096e-06 962089026.0 7.24796e-07 962089035.1 5.61022e-06
961917762.7 6.3 961918174.5 961918507.0 961919720.6 961918881.5 961918545.9 1.27473e-05 961918100 961919800 16.3 -98.0 3.915845e+06 27.8 961919118.5 2.84983e-05 961919144.3 1.62136e-05 961919138.8 6.93374e-05
958817361.3 6.3 958817976.3 958818259.3 958820771.6 958819310.0 958818725.4 7.04187e-06 958817900 958820800 35.3 -35.9 6.820577e+06 15.4 958819542.2 1.48305e-06 958818119.9 1.26794e-06 958819144.2 4.45641e-06
955058906.3 6.3 955059566.9 955060050.3 955063291.5 955061412.1 955060660.4 6.31136e-07 955059500 955063300 37.0 -3.5 8.770359e+06 619.6 955059569.4 1.25722e-06 955060259.0 1.45385e-06 955060164.7 2.63548e-06
951777580.7 6.3 951778312.5 951778835.4 951782180.5 951780209.2 951779420.6 3.54812e-06 951778300 951782200 -22.3 -68.5 9.199640e+06 108.4 951778315.6 3.56482e-06 951778314.3 5.96157e-06 951778318.0 3.98777e-06
951697147.3 6.3 951697932.8 951698435.9 951702252.6 951700064.6 951699189.4 4.14182e-06 951697900 951702300 22.9 120.8 1.021064e+07 27.0 951700964.4 2.76988e-06 951700858.0 1.81937e-06 951700199.3 5.38708e-06
951320754.2 6.3 951321513.2 951322032.1 951325555.2 951323497.6 951322674.6 4.39746e-06 951321500 951325600 -24.8 -65.5 9.601953e+06 31.8 951323777.2 1.63640e-06 951321516.7 3.31460e-06 951324011.0 1.73669e-06
949558215.4 6.3 949558992.1 949559501.5 949563208.8 949561068.7 949560212.7 4.31818e-06 949558900 949563300 23.4 123.7 9.986831e+06 23.0 949561424.4 2.89808e-06 949561422.8 2.33365e-06 949561426.3 6.06430e-06
945649428.9 6.3 945650056.6 945650572.6 945653297.8 945651639.7 945650976.5 1.60561e-06 945650000 945653300 42.2 134.8 7.737712e+06 395.7 945650062.8 2.82052e-06 945650062.5 3.43129e-06 945651208.7 4.49185e-06
944447467.1 6.3 944447967.1 944448199.5 944450426.5 944449158.2 944448650.9 8.96357e-07 944447900 944450500 53.4 152.8 5.918712e+06 653.2 944448104.4 2.23391e-06 944448545.4 1.85844e-06 944448747.7 2.74380e-06
942911316.1 6.3 942912006.8 942912484.1 942915940.2 942913958.4 942913165.7 8.17691e-07 942912000 942916000 -17.8 -178.4 9.248199e+06 526.8 942912601.6 2.36067e-06 942912009.9 2.93424e-06 942912602.9 2.79602e-06
935459541.5 6.3 935460321.6 935460831.4 935464553.7 935462405.6 935461546.4 4.46466e-06 935460300 935464600 37.7 95.8 1.002452e+07 12.1 935463024.8 6.57853e-06 935462998.0 2.19618e-06 935463029.0 1.55457e-05
934665663.5 6.3 934666410.2 934666892.9 934670648.6 934668512.2 934667657.6 1.78472e-06 934666400 934670700 -26.0 -178.3 9.970248e+06 276.6 934667049.7 9.15173e-07 934666414.3 1.40884e-06 934667148.7 1.82413e-06
931543517.6 6.3 931544295.7 931544804.0 931548529.3 931546381.5 931545522.3 4.27756e-06 931544200 931548600 24.1 122.2 1.002335e+07 24.4 931547242.8 2.46314e-06 931544315.0 1.14745e-06 931547768.6 5.28061e-06
970551805.0 6.2 970552627.2 970553088.3 970557531.8 970555077.5 970554095.7 1.85249e-06 970552600 970557600 2.8 128.2 1.145354e+07 140.8 970554170.8 1.09031e-06 970552676.0 9.35100e-07 970552650.4 2.65572e-06
969815467.1 6.2 969816312.9 969816782.0 969821302.6 969818801.7 969817801.3 2.92087e-06 969816300 969821400 -4.9 133.8 1.167093e+07 18.3 969818501.5 8.24092e-06 969816630.0 3.00605e-06 969818509.7 3.68976e-05
968786490.2 6.2 968787274.9 968787745.0 968791855.6 968789556.2 968788636.4 1.50532e-06 968787200 968791900 36.5 71.0 1.073086e+07 215.4 968788034.2 7.77541e-07 968787597.3 9.16284e-07 968790207.8 1.61861e-06
968052496.9 6.2 968053289.3 968053789.9 968057670.8 968055453.4 968054566.4 3.41070e-06 968053200 968057700 -37.1 -73.5 1.034785e+07 18.6 968055927.6 1.98514e-06 968055923.2 1.08306e-06 968055771.1 4.43953e-06
966651134.9 6.2 966651499.3 966651795.0 966652793.0 966652082.4 966651798.2 1.25396e-05 966651400 966652800 18.6 -107.2 3.316250e+06 30.0 966652254.0 9.59733e-06 966652354.4 5.45031e-06 966652256.7 1.83803e-05
966184112.1 6.2 966184877.2 966185395.0 966188959.9 966186882.2 966186051.2 3.71031e-06 966184800 966189000 12.2 141.5 9.695600e+06 18.3 966184900.7 1.82398e-06 966184899.2 1.63308e-06 966187400.9 3.35568e-06
966022563.5 6.2 966023260.4 966023722.2 966027334.1 966025289.6 966024471.7 3.86314e-07 966023200 966027400 -20.8 -178.8 9.541373e+06 600.8 966023911.1 1.23840e-06 966023263.8 2.37596e-06 966023912.8 2.16638e-06
962928695.1 6.2 962929427.2 962929949.6 962933299.5 962931326.2 962930536.8 2.77073e-06 962929400 962933300 -22.3 -68.3 9.208846e+06 109.4 962929429.6 2.77292e-06 962929428.6 4.92006e-06 962929457.9 2.10697e-06
961392763.4 6.2 961393553.5 961394049.3 961397960.8 961395733.4 961394842.4 2.98907e-06 961393500 961398000 -5.6 151.2 1.039480e+07 50.8 961395762.2 1.98424e-06 961395890.0 7.74278e-07 961395786.5 5.47341e-06
960863002.6 6.2 960863607.9 960863889.5 960866364.7 960864923.8 960864347.5 5.26776e-06 960863600 960866400 44.5 148.7 6.724225e+06 43.7 960864893.9 2.20786e-06 960863628.1 1.76378e-06 960864947.7 8.00924e-06
960692780.0 6.2 960693608.1 960694086.2 960698406.1 960695994.9 960695030.4 2.99282e-06 960693600 960698500 -2.4 136.7 1.125229e+07 24.3 960696689.1 1.48290e-05 960696683.4 4.15626e-06 960696283.8 5.28236e-05
957148983.5 6.2 957149697.8 957150244.5 957153328.8 957151466.5 957150721.6 3.80664e-06 957149600 957153400 -18.1 -70.6 8.690761e+06 46.8 957149699.4 4.89384e-06 957149699.0 6.50697e-06 957151798.6 7.45940e-06
956963400.1 6.2 956964196.0 956964693.7 956968622.5 956966384.3 956965489.0 3.32548e-06 956964100 956968700 -38.1 -73.7 1.044484e+07 22.0 956966598.9 1.77628e-06 956966593.7 1.39798e-06 956966600.8 4.21381e-06
955581338.3 6.2 955582142.5 955582627.1 955586730.2 955584419.4 955583495.1 2.68697e-06 955582100 955586800 -6.7 147.3 1.078383e+07 65.9 955584568.2 1.94804e-06 955584566.8 8.59042e-07 955584104.3 5.39226e-06
952686527.5 6.2 952687312.8 952687814.3 952691644.5 952689451.5 952688574.3 3.24403e-06 952687300 952691700 -35.9 -73.5 1.023410e+07 35.0 952690248.4 4.75124e-06 952690233.6 2.53325e-06 952690252.7 1.07230e-05
951980739.9 6.2 951981364.4 951981831.8 951984231.6 951982735.2 951982136.6 5.56953e-06 951981300 951984300 -16.3 -115.3 6.983389e+06 17.9 951982627.3 3.41499e-06 951983374.5 1.51044e-06 951982586.4 1.40675e-05
951391550.2 6.2 951392335.0 951392835.7 951396670.0 951394475.8 951393598.2 3.15905e-06 951392300 951396700 -35.0 -71.6 1.023961e+07 41.6 951395779.1 1.71167e-06 951392349.9 2.15736e-06 951394359.4 3.23689e-06
951332420.6 6.2 951333201.6 951333709.2 951337457.0 951335298.6 951334435.2 3.52487e-06 951333200 951337500 -33.5 -72.0 1.007284e+07 19.0 951334058.0 2.09938e-06 951334056.5 1.82520e-06 951335337.8 5.00816e-06
951288766.8 6.2 951289552.1 951290057.3 951293854.0 951291673.7 951290801.7 3.49366e-06 951289500 951293900 -34.8 -72.7 1.017437e+07 18.0 951290653.4 3.54099e-04 951290782.3 2.29842e-04 951290497.0 1.72278e-03
950305923.2 6.2 950306777.5 950307221.2 950312043.7 950309420.6 950308371.4 1.73805e-06 950306700 950312100 -7.3 128.8 1.224110e+07 134.7 950309135.8 1.86377e-06 950308341.5 1.84334e-06 950309256.6 2.79789e-06
949388362.4 6.2 949389551.9 949389764.3 949396906.6 949393244.8 949391780.1 1.74482e-06 949389500 949397000 -47.9 99.5 1.708850e+07 16.0 949394799.5 1.91163e-06 949392020.3 1.81320e-06 949395046.9 4.27327e-06
949098512.8 6.2 949099295.0 949099797.1 949103603.5 949101421.8 949100549.1 3.16982e-06 949099200 949103700 -6.1 154.6 1.018140e+07 42.6 949101258.2 5.98832e-06 949101297.0 2.20278e-06 949101263.8 2.11686e-05
947764816.6 6.2 947765699.9 947766149.5 947771104.3 947768409.6 947767331.7 2.73328e-06 947765600 947771200 -57.7 -66.0 1.257551e+07 10.0 947766217.6 2.07965e-06 947766216.3 2.05404e-06 947768734.9 4.20795e-06
947051508.5 6.2 947052292.1 947052795.3 947056599.3 947054417.5 947053544.8 3.30797e-06 947052200 947056600 -9.1 157.8 1.018179e+07 31.7 947054378.0 5.29722e-06 947054454.1 2.39220e-06 947054423.0 1.59643e-05
942965262.7 6.2 942966018.6 942966469.2 942970559.4 942968289.4 942967381.4 6.47613e-07 942966000 942970600 -31.6 179.6 1.059332e+07 434.9 942970533.3 2.52056e-06 942968241.8 2.92224e-06 942968233.4 3.27004e-06
942263084.4 6.2 942263812.0 942264318.1 942267769.0 942265761.3 942264958.2 1.79743e-06 942263800 942267800 -23.0 -66.6 9.369250e+06 214.3 942264992.6 1.75934e-06 942266688.1 1.96547e-06 942266007.1 1.39646e-06
940873487.1 6.2 940874272.8 940874742.6 940878862.1 940876558.5 940875637.1 1.51071e-06 940874200 940878900 36.4 70.8 1.074996e+07 213.9 940875093.6 1.50520e-06 940875030.5 1.46658e-06 940875095.6 1.73054e-06
939578438.0 6.2 939579160.9 939579709.0 939582821.1 939580942.6 939580191.2 4.31099e-06 939579100 939582900 -14.9 -174.8 8.766279e+06 12.3 939580922.7 6.73498e-06 939581078.9 2.84411e-06 939580850.7 1.98344e-05
939375457.6 6.2 939376222.4 939376732.9 939380360.8 939378259.5 939377418.9 3.14383e-06 939376200 939380400 -12.5 166.6 9.806441e+06 56.9 939379119.8 1.65911e-06 939376264.9 2.05406e-06 939377980.1 3.74852e-06
939352562.8 6.2 939353747.3 939353960.4 939360905.8 939357330.3 939355900.0 1.81917e-06 939353700 939361000 -17.2 66.7 1.668606e+07 14.1 939353765.6 1.45507e-06 939353769.2 2.00154e-06 939358645.7 3.57535e-06
937264914.0 6.2 937265620.2 937266180.9 937269128.2 937267322.1 937266599.7 4.56738e-06 937265600 937269200 -29.2 -112.3 8.428569e+06 10.0 937267229.8 5.59920e-06 937267245.6 2.15628e-06 937267235.1 1.86376e-05
936375158.6 6.2 936376087.1 936376506.2 936382056.4 936379100.2 936377917.7 2.21193e-06 936376000 936382100 -10.1 110.7 1.379561e+07 32.1 936376416.5 1.08490e-06 936376451.0 9.63762e-07 936379014.1 1.97198e-06
936019593.2 6.2 936020305.0 936020830.7 936024051.5 936022140.8 936021376.5 2.30028e-06 936020300 936024100 31.2 130.2 8.916427e+06 167.2 936020351.5 1.36877e-06 936020350.3 1.78877e-06 936021053.7 1.18716e-06
933360064.9 6.2 933360312.4 933360511.6 933361053.3 933360629.7 933360460.3 2.39385e-05 933360300 933361100 29.4 -113.8 1.976844e+06 10.0 933360809.0 7.74476e-05 933360816.0 4.28310e-05 933360811.4 1.38421e-04
966362190.1 6.1 966362977.5 966363480.2 966367311.0 966365116.3 966364238.5 2.73934e-06 966362900 966367400 -6.5 154.2 1.024168e+07 23.5 966366055.3 3.40158e-06 966366051.2 1.50536e-06 966365109.8 1.02451e-05
965806233.4 6.1 965806997.6 965807515.3 965811077.0 965809001.2 965808170.8 2.96989e-06 965806900 965811100 12.3 141.5 9.687358e+06 21.6 965807048.5 1.86111e-06 965807047.3 1.74227e-06 965809092.6 3.90174e-06
963738980.0 6.1 963739804.9 963740269.4 963744698.3 963742247.6 963741267.3 1.60452e-06 963739800 963744700 3.0 128.2 1.143656e+07 111.9 963740605.9 5.18416e-07 963740604.1 4.49887e-07 963741888.9 1.14028e-06
959028495.0 6.1 959029266.3 959029777.0 959033441.8 959031321.7 959030473.7 2.74604e-06 959029200 959033500 -13.7 166.8 9.893715e+06 33.2 959029638.1 6.84771e-07 959032602.3 5.19706e-07 959029643.9 1.07226e-06
958690026.7 6.1 958690703.8 958691261.7 958694071.4 958692338.0 958691644.6 2.61648e-06 958690700 958694100 -14.0 -74.4 8.089526e+06 102.6 958690706.9 1.75840e-06 958690705.3 3.23549e-06 958690732.0 2.07255e-06
956917680.8 6.1 956918372.1 956918927.2 956921847.0 956920061.5 956919347.3 2.66929e-06 956918300 956921900 29.7 141.0 8.332440e+06 89.6 956918400.7 1.80702e-06 956918406.0 2.50166e-06 956919798.2 2.12317e-06
955905644.6 6.1 955906360.8 955906908.1 955909996.6 955908131.5 955907385.4 3.19472e-06 955906300 955910000 -15.3 -173.2 8.704053e+06 36.2 955908040.8 2.29360e-06 955906383.5 2.86737e-06 955907963.0 6.70705e-06
955243531.5 6.1 955244329.5 955244828.2 955248760.1 955246519.2 955245622.9 2.80120e-06 955244300 955248800 33.1 96.5 1.045729e+07 12.2 955247169.1 2.07818e-06 955246613.6 1.28995e-06 955247171.5 6.05060e-06
954497159.6 6.1 954498013.8 954498476.1 954503119.0 954500565.0 954499543.4 2.19371e-06 954498000 954503200 -0.1 125.1 1.191882e+07 28.1 954501851.5 8.77114e-06 954501849.7 8.30648e-06 954501845.9 1.13493e-05
953650342.0 6.1 953651100.2 953651617.8 953655148.6 953653088.6 953652264.6 2.74955e-06 953651100 953655200 -28.1 -70.9 9.613205e+06 41.4 953653206.6 2.58756e-06 953651118.4 2.80065e-06 953653232.2 4.89554e-06
952076845.6 6.1 952077526.9 952078023.5 952081288.4 952079384.3 952078622.7 5.11484e-07 952077500 952081300 19.4 144.8 8.885577e+06 446.9 952079310.7 1.83667e-06 952077531.3 2.75501e-06 952079312.5 2.14858e-06
952050770.0 6.1 952051562.7 952052064.7 952055933.6 952053720.7 952052835.5 2.84768e-06 952051500 952056000 38.8 40.0 1.032716e+07 12.2 952054466.6 2.35502e-06 952055305.6 1.68096e-06 952054081.6 5.05312e-06
951815991.8 6.1 951816780.8 951817280.2 951821152.0 951818940.5 951818055.9 2.58625e-06 951816700 951821200 -36.6 -73.2 1.032037e+07 34.3 951819011.4 2.03368e-06 951818228.2 1.45065e-06 951819014.3 2.63838e-06
951673481.1 6.1 951674270.8 951674771.3 951678636.8 951676427.2 951675543.4 2.67363e-06 951674200 951678700 -36.6 -73.3 1.031152e+07 27.0 951676776.6 2.29896e-06 951676371.7 1.65490e-06 951676523.8 3.89790e-06
951326686.5 6.1 951327476.1 951327977.1 951331837.6 951329630.0 951328746.9 2.70050e-06 951327400 951331900 -36.4 -73.1 1.030209e+07 25.0 951329721.1 2.10292e-06 951331595.9 1.68682e-06 951329723.6 4.34388e-06
951294344.2 6.1 951295127.4 951295630.4 951299434.7 951297253.1 951296380.4 2.63393e-06 951295100 951299500 -34.8 -72.4 1.018097e+07 34.2 951295401.2 6.44792e-05 951295397.0 2.45186e-05 951295633.0 1.97513e-04
949712640.4 6.1 949713358.9 949713909.5 949716982.6 949715121.7 949714377.3 3.51686e-06 949713300 949717000 -15.1 -173.3 8.684276e+06 15.0 949715337.4 2.25923e-06 949715809.1 1.72782e-06 949715307.1 2.83514e-06
945853060.1 6.1 945853908.9 945854367.7 945859009.7 945856459.9 945855439.9 1.87010e-06 945853900 945859100 -5.4 131.3 1.189938e+07 64.9 945856132.6 1.64637e-06 945856493.5 1.47609e-06 945856134.4 2.85515e-06
943467039.4 6.1 943467866.5 943468337.5 943472720.0 943470285.4 943469311.6 1.97381e-06 943467800 943472800 5.4 126.4 1.136133e+07 66.8 943468530.0 1.74595e-06 943467980.0 1.75874e-06 943470079.5 2.94118e-06
941194049.0 6.1 941194811.5 941195332.1 941198858.9 941196797.5 941195973.0 3.10015e-06 941194800 941198900 -24.1 -175.1 9.619860e+06 13.9 941197088.3 8.28514e-06 941194814.4 4.43804e-06 941197195.4 1.94170e-05
940276302.6 6.1 940277090.4 940277563.3 940281668.7 940279368.9 940278449.0 1.24645e-06 940277000 940281700 36.5 71.0 1.073219e+07 188.6 940281484.5 2.87863e-06 940281482.8 2.79071e-06 940278754.6 2.86349e-06
939721987.6 6.1 939722915.5 939723331.0 939728911.3 939725944.0 939724757.1 1.58757e-06 939722900 939729000 -6.5 105.2 1.384736e+07 54.6 939724835.5 3.43461e-06 939724752.5 2.75946e-06 939724837.4 4.73202e-06
939031881.2 6.1 939032646.5 939033160.3 939036762.1 939034670.3 939033833.6 2.74811e-06 939032600 939036800 -11.3 165.9 9.761738e+06 37.0 939034510.5 2.34431e-06 939035432.0 1.17659e-06 939034516.1 8.83636e-06
938480875.9 6.1 938481600.7 938482147.0 938485281.0 938483393.1 938482638.0 3.46696e-06 938481600 938485300 -16.4 -173.4 8.810121e+06 14.1 938483307.5 3.67140e-06 938481605.0 2.93846e-06 938483332.7 1.06013e-05
937558401.2 6.1 937559229.9 937559709.4 937564018.3 937561611.0 937560648.1 2.50404e-06 937559200 937564100 27.4 91.5 1.123424e+07 16.1 937562331.7 2.46361e-06 937562328.3 1.39569e-06 937562321.3 7.09189e-06
935949625.2 6.1 935950386.9 935950862.8 935954771.7 935952566.1 935951683.8 9.52049e-07 935950300 935954800 -29.2 -178.8 1.029288e+07 262.4 935950392.2 9.50563e-07 935950391.3 1.61544e-06 935950394.9 9.52357e-07
934539071.6 6.1 934539849.3 934540359.3 934544067.0 934541926.1 934541069.8 2.90132e-06 934539800 934544100 23.4 123.6 9.990860e+06 17.8 934543047.2 2.19860e-06 934543043.5 9.46941e-07 934543035.3 5.75198e-06
933970042.1 6.1 933970728.5 933971293.5 933974091.7 933972356.2 933971661.9 3.64577e-06 933970700 933974100 34.8 138.5 8.099285e+06 26.8 933974003.2 3.59232e-05 933973999.0 1.23675e-05 933973330.1 1.04270e-04
933496316.9 6.1 933497196.8 933497647.4 933502571.1 933499890.8 933498818.6 2.18260e-06 933497100 933502600 -45.5 166.4 1.250836e+07 14.3 933499550.2 2.99440e-05 933499696.0 1.87529e-05 933499552.3 4.42981e-05
933466694.6 6.1 933467463.1 933467976.0 933471603.9 933469499.9 933468658.3 2.79919e-06 933467400 933471700 24.3 125.2 9.818582e+06 31.1 933470067.5 1.03935e-06 933467489.3 1.00897e-06 933470052.7 2.85959e-06
933238490.9 6.1 933239321.8 933239795.5 933244176.5 933241739.8 933240765.1 2.23175e-06 933239300 933244200 -0.5 133.0 1.137123e+07 38.6 933241829.4 1.05336e-06 933239583.8 6.20795e-07 933241835.1 3.27074e-06
931723858.8 6.1 931724647.1 931725149.5 931728988.8 931726790.2 931725910.8 2.75225e-06 931724600 931729000 -3.3 150.6 1.026007e+07 21.9 931726537.4 2.15045e-06 931726830.6 7.01818e-07 931726568.1 7.65615e-06
931414382.4 6.1 931415065.4 931415605.7 931418586.3 931416784.6 931416063.9 1.63369e-06 931415000 931418600 -15.0 -70.5 8.407843e+06 198.7 931415648.0 1.20645e-06 931415067.8 1.35839e-06 931415649.7 1.86669e-06
970544966.2 6.0 970545383.8 970545721.0 970546966.3 970546109.1 970545766.2 6.72601e-06 970545300 970547000 51.4 -175.2 4.000202e+06 32.4 970545419.9 1.09864e-05 970545417.4 5.77245e-06 970545305.3 3.71893e-05
969538375.1 6.0 969539221.5 969539689.8 969544222.5 969541716.5 969540714.1 1.86586e-06 969539200 969544300 -5.3 133.9 1.169489e+07 20.4 969541456.7 1.89027e-06 969542192.5 1.52470e-06 969541927.6 2.53663e-06
967625538.7 6.0 967626263.3 967626799.3 967630009.7 967628093.6 967627327.1 2.14815e-06 967626200 967630100 -17.5 -173.9 8.942031e+06 64.9 967626265.1 1.32089e-06 967626264.6 1.41345e-06 967626297.5 1.63522e-06
966404589.1 6.0 966405507.2 966405932.1 966411357.9 966408457.0 966407296.7 1.42457e-06 966405500 966411400 2.2 96.7 1.353762e+07 33.2 966408976.9 6.08445e-07 966405825.6 4.79680e-07 966408944.3 1.76621e-06
965000897.6 6.0 965001480.0 965001771.8 965004065.9 965002708.0 965002164.9 3.90231e-06 965001400 965004100 46.0 153.3 6.336597e+06 32.0 965002152.7 1.03650e-05 965002135.0 1.05811e-05 965002139.6 1.56300e-05
963517703.7 6.0 963518089.3 963518401.5 963519500.4 963518730.4 963518422.4 7.49103e-06 963518000 963519600 52.8 -169.6 3.593298e+06 35.6 963519323.0 5.51852e-06 963519320.4 3.25915e-06 963518990.1 9.56844e-06
960815226.4 6.0 960816011.4 960816482.0 960820589.2 960818290.8 960817371.5 8.19658e-07 960816000 960820600 -33.2 179.8 1.072562e+07 211.2 960819867.1 4.50451e-06 960819866.5 1.34283e-05 960819869.0 2.85642e-06
960161013.5 6.0 960161796.8 960162303.7 960166071.1 960163903.6 960163036.5 2.32786e-06 960161700 960166100 -18.6 169.5 1.011529e+07 15.6 960163956.4 1.84231e-06 960164026.0 8.05308e-07 960163961.6 4.76749e-06
959397992.2 6.0 959398507.6 959398827.9 959400654.4 959399513.4 959399057.1 4.90338e-06 959398500 959400700 9.3 -84.2 5.324455e+06 28.4 959400392.1 2.94145e-06 959400096.3 1.24639e-06 959400139.0 7.56774e-06
959336177.6 6.0 959337010.3 959337483.7 959341879.0 959339435.5 959338458.2 1.80420e-06 959337000 959341900 6.9 124.0 1.140268e+07 34.3 959339297.9 5.22085e-07 959341634.9 4.58000e-07 959339258.7 1.58959e-06
958301478.6 6.0 958302311.9 958302790.2 958307140.9 958304714.2 958303743.5 2.05326e-06 958302300 958307200 -54.6 -135.4 1.132459e+07 10.0 958304839.7 1.56849e-06 958304718.4 8.80811e-07 958304710.5 3.62410e-06
958300226.0 6.0 958301059.7 958301537.7 958305893.2 958303464.4 958302492.9 2.05081e-06 958301000 958305900 -54.7 -135.3 1.133437e+07 10.0 958304839.7 1.56849e-06 958304718.4 8.80811e-07 958304710.5 3.55362e-06
958277757.6 6.0 958278374.8 958278879.2 958281294.8 958279778.9 958279172.5 2.11063e-06 958278300 958281300 -5.1 -77.5 7.074332e+06 129.0 958278377.7 1.32613e-06 958278376.2 1.81655e-06 958278379.8 1.51032e-06
956130076.8 6.0 956130926.8 956131389.4 956136001.7 956133462.5 956132446.8 1.67394e-06 956130900 956136100 -1.9 128.1 1.184988e+07 38.7 956133634.6 1.16289e-06 956135559.6 1.02864e-06 956133409.3 2.23913e-06
956052201.9 6.0 956052994.1 956053490.4 956057410.4 956055178.2 956054285.3 1.97723e-06 956052900 956057500 -37.5 -72.9 1.041696e+07 40.7 956053437.8 8.83848e-07 956053436.2 8.70998e-07 956055514.7 1.75381e-06
954685998.8 6.0 954686814.0 954687297.8 954691479.6 954689130.7 954688191.1 1.91104e-06 954686800 954691500 -3.8 142.0 1.096151e+07 33.6 954689630.9 1.23278e-06 954688320.0 1.29646e-06 954688790.6 2.60748e-06
954284304.2 6.0 954285092.3 954285592.3 954289453.7 954287246.8 954286364.0 2.07219e-06 954285000 954289500 -36.3 -72.9 1.029894e+07 34.3 954286085.0 5.44882e-06 954288494.8 5.42027e-06 954289159.5 7.65496e-06
953847528.0 6.0 953848313.4 953848816.4 953852633.4 953850445.3 953849570.1 2.16876e-06 953848300 953852700 -35.4 -73.1 1.021088e+07 27.4 953849418.0 2.97796e-06 953849416.4 2.35457e-06 953850610.1 3.97840e-06
953530181.3 6.0 953531002.1 953531484.4 953535715.2 953533343.5 953532394.9 1.97167e-06 953531000 953535800 13.8 120.0 1.106769e+07 24.6 953532915.7 1.25485e-06 953532898.7 1.07946e-06 953534682.6 1.24168e-06
952355177.6 6.0 952355960.5 952356464.0 952360261.8 952358082.9 952357211.3 2.12157e-06 952355900 952360300 -34.5 -72.0 1.016829e+07 33.0 952357660.9 2.25885e-05 952358086.7 9.31687e-06 952357470.1 5.88430e-05
951703204.3 6.0 951703982.2 951704489.4 951708224.8 951706073.2 951705212.5 2.18653e-06 951703900 951708300 -33.2 -72.2 1.004107e+07 30.3 951706188.2 2.22768e-06 951705009.8 1.94066e-06 951706360.6 4.40907e-06
951347567.6 6.0 951348354.5 951348859.1 951352668.9 951350482.6 951349608.1 2.29670e-06 951348300 951352700 -34.7 -71.8 1.020274e+07 16.0 951348486.3 1.82651e-06 951352201.0 1.79616e-06 951350587.6 1.45006e-06
951301849.7 6.0 951302630.5 951303139.2 951306876.0 951304721.9 951303860.2 2.35432e-06 951302600 951306900 -33.2 -72.0 1.005270e+07 15.0 951304781.2 5.69316e-06 951302649.9 3.03027e-06 951303191.9 1.65760e-05
951291453.1 6.0 951292243.5 951292741.1 951296637.6 951294415.7 951293526.9 1.99940e-06 951292200 951296700 -36.9 -72.8 1.036895e+07 39.7 951292542.9 2.06235e-04 951292539.3 7.61223e-05 951292547.1 5.16881e-04
951289962.8 6.0 951290743.6 951291248.7 951295018.8 951292852.0 951291985.2 2.15429e-06 951290700 951295100 -33.9 -72.0 1.011191e+07 31.4 951290783.9 3.51334e-04 951290782.3 2.29830e-04 951290939.3 1.33454e-03
951288691.5 6.0 951289469.3 951289976.3 951293712.8 951291560.8 951290700.0 2.17638e-06 951289400 951293800 -31.7 -69.2 1.004269e+07 31.2 951290653.4 3.54099e-04 951290782.3 2.29842e-04 951290497.0 1.71498e-03
950063684.4 6.0 950064436.7 950064963.4 950068384.7 950066370.3 950065564.5 2.55568e-06 950064400 950068400 -22.0 -174.8 9.400709e+06 16.4 950066748.2 1.07914e-05 950066761.1 5.67609e-06 950066786.2 2.90131e-05
949466715.0 6.0 949467295.1 949467585.8 949469875.9 949468521.2 949467979.4 3.68336e-06 949467200 949469900 46.8 152.8 6.321688e+06 44.3 949467340.1 2.43261e-06 949467338.5 2.45715e-06 949468385.0 4.91588e-06
947368855.7 6.0 947369372.1 947369696.5 947371501.1 947370367.4 947369913.9 5.51831e-06 947369300 947371600 18.3 -72.8 5.290835e+06 6.0 947370228.0 2.14123e-04 947370224.4 9.16512e-05 947370165.2 6.70123e-04
946732318.0 6.0 946733100.4 946733604.2 946737397.1 946735220.3 946734349.7 2.12234e-06 946733100 946737400 -9.0 158.0 1.015803e+07 33.2 946734073.0 4.37863e-06 946734070.7 3.06629e-06 946733241.2 9.86409e-06
946457150.4 6.0 946457912.3 946458431.0 946461971.3 946459905.2 946459078.7 2.38067e-06 946457900 946462000 12.4 142.1 9.641741e+06 24.0 946461706.8 2.51302e-06 946458151.5 2.72513e-06 946459887.0 4.83567e-06
946286619.8 6.0 946287484.9 946287944.8 946292679.9 946290082.7 946289043.8 1.86876e-06 946287400 946292700 -59.6 -150.8 1.212022e+07 10.0 946291570.9 3.54743e-06 946291863.0 2.95943e-06 946290204.8 3.85033e-06
945299972.2 6.0 945300961.0 945301346.3 945307589.9 945304325.1 945303019.2 1.31704e-06 945300900 945307600 -10.0 33.8 1.523540e+07 14.0 945304708.4 1.72547e-06 945301140.5 1.94709e-06 945304691.4 2.24808e-06
943855968.0 6.0 943856804.7 943857281.0 943861672.7 943859227.8 943858249.9 2.03229e-06 943856800 943861700 -56.3 -122.4 1.140953e+07 10.0 943858926.9 2.62516e-06 943858932.2 2.58173e-06 943858928.7 5.80206e-06
943423480.3 6.0 943424385.4 943424816.7 943430095.4 943427260.4 943426126.4 1.43292e-06 943424300 943430100 -10.4 118.8 1.323021e+07 38.7 943427734.9 1.71383e-06 943427733.2 1.63933e-06 943426936.1 1.35365e-06
941856541.4 6.0 941857447.3 941857881.3 941863138.4 941860311.1 941859180.2 1.55674e-06 941857400 941863200 8.0 92.0 1.319394e+07 22.7 941862135.7 1.23049e-06 941862134.3 1.30309e-06 941861210.2 2.47452e-06
941449416.5 6.0 941450329.0 941450760.9 941456079.9 941453224.2 941452081.9 1.59629e-06 941450300 941456100 -52.4 160.7 1.332689e+07 14.7 941453242.7 1.39637e-06 941452787.6 1.19046e-06 941453230.2 1.60648e-06
940637102.8 6.0 940637994.5 940638438.0 940643508.2 940640763.0 940639665.0 1.67885e-06 940637900 940643600 -60.0 -65.1 1.281096e+07 15.9 940640924.0 2.19058e-06 940642087.0 2.35058e-06 940640754.5 3.42566e-06
940492446.9 6.0 940493170.4 940493644.4 940497325.9 940495234.9 940494398.5 3.43874e-07 940493100 940497400 -23.0 -179.1 9.758028e+06 413.0 940494049.6 1.05044e-06 940494048.4 1.07795e-06 940493674.0 1.39305e-06
940207915.0 6.0 940208454.0 940208765.2 940210742.4 940209530.6 940209045.9 4.72417e-06 940208400 940210800 6.8 -82.7 5.654937e+06 21.3 940210182.2 3.12866e-06 940210180.4 2.70527e-06 940210184.2 5.93434e-06
940027792.9 6.0 940028509.0 940029061.4 940032111.1 940030260.4 940029520.2 2.88318e-06 940028500 940032200 -15.3 -172.1 8.636382e+06 14.4 940030286.7 3.29699e-06 940028511.9 2.87091e-06 940030309.8 8.98192e-06
939664116.5 6.0 939664614.6 939664946.7 939666636.3 939665556.4 939665124.4 5.73324e-06 939664600 939666700 3.3 -103.9 5.039454e+06 10.0 939665183.2 2.85435e-06 939665783.2 3.07977e-06 939665616.8 4.99761e-06
939643891.7 6.0 939644703.0 939645175.7 939649437.3 939647060.6 939646109.9 1.29005e-06 939644700 939649500 -3.1 139.5 1.109127e+07 110.0 939648115.8 3.86836e-06 939648114.2 3.77554e-06 939648117.4 4.25499e-06
939469101.8 6.0 939469934.7 939470406.5 939474818.2 939472368.3 939471388.3 1.72807e-06 939469900 939474900 3.0 128.3 1.143282e+07 42.3 939472274.2 1.66507e-06 939473055.2 1.55455e-06 939472147.8 4.53962e-06
939265952.4 6.0 939266742.9 939267241.3 939271131.3 939268911.7 939268023.9 2.05433e-06 939266700 939271200 -22.1 170.2 1.035771e+07 34.5 939269645.7 8.75375e-07 939267468.4 7.51980e-07 939269093.8 1.60699e-06
939071787.3 6.0 939072559.8 939073073.1 939076720.3 939074606.1 939073760.5 2.38201e-06 939072500 939076800 -12.9 166.3 9.865896e+06 17.7 939074780.6 1.35994e-06 939076087.8 8.59153e-07 939075389.5 2.66101e-06
939026091.7 6.0 939026857.9 939027370.6 939030987.3 939028889.2 939028049.9 2.15659e-06 939026800 939031000 -12.3 166.7 9.791097e+06 39.9 939028817.9 7.59880e-06 939028813.6 2.92820e-06 939028822.3 2.20936e-05
938533647.5 6.0 938534408.0 938534925.8 938538467.4 938536401.7 938535575.4 2.28684e-06 938534400 938538500 -17.1 174.6 9.639997e+06 32.2 938536118.8 1.16347e-06 938536685.0 9.15317e-07 938536121.0 2.73567e-06
938303119.4 6.0 938303839.3 938304388.9 938307476.0 938305608.9 938304862.0 2.84886e-06 938303800 938307500 -15.9 -172.5 8.713305e+06 14.5 938305623.9 2.66212e-06 938303874.1 1.84422e-06 938305412.6 8.46635e-06
938282183.9 6.0 938282901.3 938283449.3 938286537.2 938284671.5 938283925.2 2.65480e-06 938282900 938286600 -15.4 -173.2 8.706683e+06 29.0 938284064.9 2.45743e-04 938284865.1 1.42125e-04 938283897.2 1.05789e-03
937709986.9 6.0 937710902.3 937711332.0 937716692.7 937713818.8 937712669.2 1.56167e-06 937710900 937716700 -53.1 160.0 1.341174e+07 17.3 937713594.2 8.67625e-07 937715267.8 9.45457e-07 937713576.4 1.57474e-06
936586027.8 6.0 936586594.0 936586887.8 936589092.6 936587779.1 936587253.7 3.56265e-06 936586500 936589100 48.3 154.4 6.129558e+06 58.7 936586610.9 1.40528e-06 936586610.2 1.73948e-06 936587668.0 4.10985e-06
936398512.2 6.0 936399289.9 936399800.6 936403501.8 936401363.4 936400508.0 2.38213e-06 936399200 936403600 42.6 43.5 9.979352e+06 14.6 936401754.1 2.54218e-06 936402205.2 9.54477e-07 936401739.7 9.06331e-06
934785320.2 6.0 934785886.8 934786188.9 934788339.8 934787045.7 934786528.1 4.62439e-06 934785800 934788400 72.2 1.0 6.039194e+06 9.5 934787280.4 7.66076e-06 934787276.6 3.27322e-06 934787285.0 2.20225e-05
933168825.8 6.0 933169663.1 933170139.0 933174536.8 933172089.2 933171110.2 2.02926e-06 933169600 933174600 -56.3 -124.1 1.142185e+07 10.0 933172157.6 6.63083e-07 933171897.6 3.35457e-07 933171842.4 1.58558e-06
931116233.6 6.0 931116981.4 931117511.3 931120884.0 931118890.9 931118093.7 2.59698e-06 931116900 931120900 -35.9 -102.7 9.300786e+06 16.0 931118829.4 8.91665e-07 931117047.5 7.44618e-07 931116913.4 3.78651e-06
