852697417.2 8.1 852698163.1 852698692.8 852702057.7 852700068.9 852699273.4 1.29492e-04 852698100.0 852702100.0 46.2 154.5 9280837.0 22.5 852700548.4 4.73826e-04 852700546.9 3.40102e-04 852700575.3 1.42776e-03
871256472.5 8.0 871256969.7 871257296.1 871259016.5 871257926.2 871257490.1 2.03747e-04 871256900.0 871259100.0 -13.4 -76.6 5088094.0 41.2 871258160.8 4.31041e-04 871258157.3 1.64001e-04 871258121.9 1.56828e-03
873630640.9 8.5 873631824.3 873632034.8 873639069.6 873635457.3 873634012.4 1.36379e-04 873631800.0 873639100.0 -4.5 101.4 16857450.0 35.5 873636530.5 4.19178e-04 873636527.6 1.86121e-04 873635792.1 1.53904e-03
829610717.0 7.3 829611381.8 829611927.2 829614568.6 829612917.9 829612257.6 3.86441e-05 829611300.0 829614600.0 61.0 167.1 7703296.0 26.6 829613473.0 3.62438e-04 829613360.9 1.75601e-04 829613478.3 9.08887e-04
873676158.4 7.9 873677339.5 873677550.1 873684505.0 873680927.9 873679497.0 4.81924e-05 873677300.0 873684600.0 -2.6 100.7 16693370.0 36.0 873681983.6 3.29296e-04 873681979.2 1.21755e-04 873681970.3 9.27532e-04
847626069.0 6.7 847626816.0 847627348.4 847630695.6 847628712.8 847627919.6 1.08001e-05 847626800.0 847630700.0 46.5 154.6 9253191.0 7.9 847627884.2 3.04824e-04 847627946.1 1.13190e-04 847627623.0 1.01936e-03
847624468.5 8.3 847625218.2 847625747.8 847629132.2 847627133.5 847626334.0 1.82446e-04 847625200.0 847629200.0 46.7 153.2 9327400.0 12.2 847627619.2 3.01715e-04 -1.0 -1.00000e+00 -1.0 -1.00000e+00
820398767.5 6.5 820399026.1 820399237.5 820399811.3 820399364.0 820399185.0 3.83694e-05 820399000.0 820399900.0 28.2 -112.1 2087704.0 14.1 820399812.8 2.52779e-04 820399817.8 2.23331e-04 820399668.6 4.61239e-04
859495210.5 8.1 859496095.5 859496544.2 859501518.1 859498814.9 859497733.6 9.38889e-05 859496000.0 859501600.0 -8.4 157.0 12615270.0 9.5 859499215.0 2.16386e-04 859499210.8 7.90500e-05 859498963.4 6.31630e-04
859497108.9 6.9 859497995.3 859498442.2 859503445.1 859500729.6 859499643.4 1.07682e-05 859497900.0 859503500.0 -7.3 155.8 12672320.0 14.5 859499215.0 2.16386e-04 859499210.8 7.90500e-05 859498963.4 6.43388e-04
830705214.0 7.9 830706009.1 830706501.3 830710476.7 830708221.2 830707319.1 7.86300e-05 830706000.0 830710500.0 -20.2 -174.1 10525470.0 53.5 830707893.5 1.19132e-04 830706044.0 5.99064e-05 -1.0 -1.00000e+00
865798200.1 6.7 865798429.9 865798615.5 865799129.4 865798731.1 865798571.8 5.54299e-05 865798400.0 865799200.0 13.7 -90.6 1858541.0 66.0 865799063.3 1.07516e-04 -1.0 -1.00000e+00 -1.0 -1.00000e+00
822416348.4 7.5 822417287.2 822417633.5 822423896.8 822420661.8 822419367.8 1.89707e-05 822417200.0 822423900.0 -5.4 128.2 15096720.0 403.6 822417823.8 7.55090e-05 822417833.7 5.13263e-05 -1.0 -1.00000e+00
875021951.6 7.5 875022777.7 875023217.2 875027887.1 875025343.3 875024325.8 2.82545e-05 875022700.0 875027900.0 22.0 142.7 11870880.0 253.5 875023656.0 6.97000e-05 875023589.7 6.62640e-05 875023600.5 2.03932e-04
824681963.3 7.0 824682918.8 824683317.5 824689168.5 824686080.6 824684845.4 1.11562e-05 824682900.0 824689200.0 -21.3 33.5 14410380.0 16.4 824686484.1 6.78773e-05 -1.0 -1.00000e+00 -1.0 -1.00000e+00
872730333.0 7.2 872731186.8 872731647.5 872736302.9 872733744.4 872732721.0 1.95734e-05 872731100.0 872736400.0 -11.6 165.8 11939810.0 37.5 872733936.5 5.84907e-05 -1.0 -1.00000e+00 -1.0 -1.00000e+00
851171195.2 7.0 851172108.8 851172541.9 851177855.5 851175001.1 851173859.3 1.24193e-05 851172100.0 851177900.0 21.9 120.5 13320550.0 6.6 851175909.1 5.66085e-05 851175903.9 1.80960e-05 -1.0 -1.00000e+00
873424168.3 6.8 873424534.0 873424830.7 873425833.7 873425120.0 873424834.5 3.86569e-05 873424500.0 873425900.0 3.0 -77.9 3330708.0 29.0 873424872.8 5.38919e-05 873425900.0 3.23129e-05 873425166.5 1.81640e-04
817820406.7 6.7 817821316.9 817821749.9 817827042.8 817824198.7 817823061.1 6.91754e-06 817821300.0 817827100.0 -6.2 29.7 13272070.0 15.8 817824403.8 4.95151e-05 817824399.5 1.92204e-05 817824387.6 1.68707e-04
870627912.0 7.5 870629062.1 870629247.0 870636262.1 870632683.5 870631252.1 1.86503e-05 870629000.0 870636300.0 -6.1 107.6 16700280.0 293.8 870629092.3 4.37670e-05 -1.0 -1.00000e+00 -1.0 -1.00000e+00
820217462.7 7.1 820218318.7 820218783.9 820223408.8 820220860.5 820219841.2 1.69426e-05 820218300.0 820223500.0 -61.0 -21.6 11892120.0 10.0 820220850.7 3.87798e-05 -1.0 -1.00000e+00 -1.0 -1.00000e+00
832331534.2 6.5 832332204.9 832332755.2 832335423.3 832333756.5 832333089.8 8.88007e-06 832332200.0 832335500.0 60.8 165.8 7778264.0 15.5 832334334.7 3.82606e-05 832334089.2 1.56430e-05 832334078.7 1.01017e-04
854657833.3 6.2 854658054.8 854658230.2 854658707.4 854658332.8 854658182.9 2.73457e-05 854658000.0 854658800.0 19.4 -78.4 1748181.0 10.0 854658626.0 3.81782e-05 854658624.3 3.52437e-05 854658712.7 3.60317e-05
873689742.6 7.1 873690926.0 873691138.4 873698086.0 873694510.2 873693079.9 1.12879e-05 873690900.0 873698100.0 -2.2 99.6 16686780.0 20.0 873695545.5 3.74706e-05 873690960.9 3.91471e-05 873695217.0 1.15030e-04
849973697.6 6.3 849974639.4 849975009.8 849981030.0 849977887.5 849976630.5 1.34265e-06 849974600.0 849981100.0 3.7 124.9 14664850.0 215.0 849980226.2 3.73698e-05 849980225.0 2.26605e-05 849980239.1 2.32031e-04
834293938.7 6.4 834294594.4 834295131.6 834297712.1 834296094.9 834295448.1 7.27511e-06 834294500.0 834297800.0 51.8 177.1 7546874.0 29.0 834296754.2 3.72545e-05 834296750.7 1.73087e-05 834296743.5 7.79189e-05
867719374.4 6.1 867719568.1 867719723.9 867720156.1 867719821.1 867719687.1 1.57064e-05 867719500.0 867720200.0 16.6 -93.5 1563496.0 121.9 867719575.9 3.63524e-05 867719574.9 9.80776e-05 867719573.4 3.24756e-05
831811177.8 7.4 831812003.7 831812460.0 831816973.6 831814489.7 831813496.1 2.60178e-05 831812000.0 831817000.0 -31.8 -179.2 11591730.0 156.0 831812893.0 3.42818e-05 -1.0 -1.00000e+00 -1.0 -1.00000e+00
816290827.8 6.8 816291396.5 816291673.5 816293996.6 816292638.6 816292095.3 1.47514e-05 816291300.0 816294000.0 -22.4 -67.9 6337693.0 161.7 816291404.6 3.40790e-05 816291403.4 4.09325e-05 816291406.5 3.95985e-05
830365100.9 6.4 830365767.8 830366314.6 830368952.8 830367302.0 830366641.6 7.45378e-06 830365700.0 830369000.0 60.6 167.5 7703888.0 13.4 830367831.6 3.29607e-05 830365774.7 2.30262e-05 830367820.8 6.65134e-05
873685817.2 6.5 873686999.2 873687211.1 873694134.7 873690570.1 873689144.2 3.38751e-06 873686900.0 873694200.0 -1.7 99.6 16635030.0 24.8 873690965.9 2.81700e-05 873690960.9 3.91685e-05 873690951.6 4.78838e-05
839341855.2 6.1 839342065.6 839342233.2 839342698.1 839342336.9 839342192.4 1.89819e-05 839342000.0 839342700.0 18.5 -101.1 1685823.0 60.4 839342075.4 2.70215e-05 839342074.4 4.89823e-05 839342068.9 2.39464e-05
845376551.8 6.7 845377050.3 845377377.3 845379100.0 845378007.9 845377571.1 1.99958e-05 845377000.0 845379200.0 -13.5 -76.7 5096471.0 34.3 845378114.5 2.67201e-05 845377083.8 2.17985e-05 845378118.7 9.03231e-05
871244547.0 6.5 871245187.3 871245710.4 871248173.7 871246619.4 871245997.7 9.54185e-06 871245100.0 871248200.0 50.3 -177.6 7253496.0 18.9 871247278.8 2.54336e-05 871245191.6 1.18333e-05 871247282.5 6.10523e-05
831828523.1 6.8 831829702.6 831829913.9 831836781.6 831833242.2 831831826.5 6.25426e-06 831829700.0 831836800.0 0.1 97.1 16516810.0 30.7 831829721.3 2.51826e-05 -1.0 -1.00000e+00 -1.0 -1.00000e+00
872709277.9 6.1 872709523.5 872709720.9 872710257.6 872709837.7 872709669.8 2.01480e-05 872709500.0 872710300.0 25.0 -109.7 1959398.0 9.8 872710291.2 2.50045e-05 872710283.3 2.36898e-05 872710078.0 3.69954e-05
853414079.0 7.5 853415047.4 853415436.8 853421459.9 853418296.7 853417031.4 2.71507e-05 853415000.0 853421500.0 1.1 126.4 14761880.0 23.5 853415464.0 2.44745e-05 853415468.1 2.19615e-05 853419556.0 7.00451e-05
844967279.6 6.7 844967883.1 844968172.1 844970582.7 844969167.1 844968600.8 1.59731e-05 844967800.0 844970600.0 19.9 -156.1 6606070.0 5.0 844969244.9 2.39217e-05 844967905.7 2.12297e-05 844969229.5 7.99667e-05
837159580.3 7.2 837160768.1 837160980.1 837168083.1 837164439.0 837162981.4 1.33367e-05 837160700.0 837168100.0 -9.3 107.4 17005570.0 20.0 837166227.9 2.35485e-05 837160912.9 1.36598e-05 837164229.5 7.76063e-05
837162804.1 6.1 837163987.3 837164196.3 837171282.9 837167649.1 837166195.6 1.21549e-06 837163900.0 837171300.0 -9.1 107.9 16957510.0 48.7 837166227.9 2.35485e-05 837166224.3 9.76692e-06 837164229.5 6.93242e-05
870060121.4 6.7 870060764.4 870061290.7 870063809.5 870062228.9 870061596.6 1.26629e-05 870060700.0 870063900.0 51.4 -180.0 7376369.0 53.8 870062916.9 2.08727e-05 -1.0 -1.00000e+00 -1.0 -1.00000e+00
843673838.4 6.6 843674588.1 843675115.6 843678516.9 843676511.9 843675709.8 8.55390e-06 843674500.0 843678600.0 46.3 153.1 9356952.0 20.6 843676996.5 1.99543e-05 -1.0 -1.00000e+00 -1.0 -1.00000e+00
818478981.2 6.7 818479784.4 818480275.4 818484312.4 818482027.6 818481113.7 8.65632e-06 818479700.0 818484400.0 -15.3 -178.6 10662470.0 33.0 818482147.7 1.93052e-05 -1.0 -1.00000e+00 -1.0 -1.00000e+00
843459745.6 6.9 843460526.0 843461029.7 843464810.9 843462640.1 843461771.7 1.33475e-05 843460500.0 843464900.0 -16.6 -172.0 10130560.0 40.0 843460541.6 1.82959e-05 843460544.9 2.45617e-05 843462729.0 2.12178e-05
871288782.2 6.5 871289660.8 871290113.2 871295010.5 871292341.2 871291273.5 5.12006e-06 871289600.0 871295100.0 -9.8 159.5 12456570.0 9.5 871292418.0 1.77176e-05 -1.0 -1.00000e+00 -1.0 -1.00000e+00
858820113.7 6.9 858820973.0 858821431.1 858826149.0 858823562.4 858822527.8 1.10049e-05 858820900.0 858826200.0 -20.7 169.4 12070520.0 34.6 858822524.3 1.76629e-05 858821834.7 8.72552e-06 858821895.6 6.15854e-05
858818531.0 6.7 858819353.9 858819839.9 858824046.9 858821682.9 858820737.4 8.89280e-06 858819300.0 858824100.0 37.3 136.6 11031690.0 2.5 858822524.3 1.76629e-05 858821834.7 8.72552e-06 858821895.6 6.32506e-05
858219081.6 6.2 858219433.5 858219719.5 858220651.1 858219978.4 858219709.4 1.39889e-05 858219400.0 858220700.0 4.6 -78.5 3139041.0 17.7 858219439.0 1.56030e-05 858219442.5 1.95669e-05 858219962.1 2.97270e-05
836426413.1 6.6 836427059.6 836427588.0 836430078.8 836428507.8 836427879.4 1.17018e-05 836427000.0 836430100.0 51.3 -179.3 7331246.0 8.5 836429161.3 1.55772e-05 836427069.6 1.79710e-05 836429165.6 4.92454e-05
848980716.1 6.3 848981849.6 848982062.1 848988770.0 848985318.3 848983937.7 1.21867e-06 848981800.0 848988800.0 3.4 99.1 16107860.0 206.1 848987236.3 1.55490e-05 848984555.1 2.55807e-05 848981811.2 4.29611e-05
860478157.3 6.0 860478376.7 860478551.2 860479034.3 860478658.4 860478508.1 1.66626e-05 860478300.0 860479100.0 17.2 -100.2 1753916.0 35.4 860478392.3 1.42275e-05 860478391.5 2.81074e-05 860478834.7 1.99051e-05
867034345.0 6.7 867035236.7 867035679.7 867040754.6 867038007.6 867036908.8 7.18162e-06 867035200.0 867040800.0 -8.0 154.6 12819250.0 17.9 867038899.4 1.41794e-05 867038895.1 5.41956e-06 867038903.4 4.01871e-05
820755308.6 6.7 820756077.9 820756585.3 820760266.5 820758141.7 820757291.8 8.91424e-06 820756000.0 820760300.0 36.3 23.3 9915806.0 58.4 820756834.4 1.40717e-05 820756088.9 1.78276e-05 -1.0 -1.00000e+00
840080519.9 7.0 840081355.7 840081834.3 840086195.4 840083763.1 840082790.1 1.50820e-05 840081300.0 840086200.0 -61.0 -34.3 11351010.0 0.5 840083688.1 1.38572e-05 840081745.3 8.75937e-06 840083693.8 5.24074e-05
870023349.0 7.2 870024190.9 870024639.2 870029335.4 870026769.8 870025743.6 1.69843e-05 870024100.0 870029400.0 -15.7 167.7 11972690.0 149.5 870025138.4 1.38052e-05 870025083.5 1.29281e-05 870025142.6 4.06957e-05
829653273.7 6.1 829653934.0 829654475.7 829657105.8 829655463.5 829654806.5 3.60356e-06 829653900.0 829657200.0 61.4 167.5 7664146.0 45.1 829655933.9 1.34957e-05 829653940.8 8.40308e-06 829655937.9 3.69809e-05
869463632.0 6.9 869464588.7 869464978.2 869470894.8 869467782.2 869466537.1 8.76632e-06 869464500.0 869470900.0 2.9 127.6 14525610.0 39.8 869468143.9 1.26057e-05 869464989.8 7.07200e-06 -1.0 -1.00000e+00
870057478.5 6.2 870058253.8 870058764.6 870062451.2 870060320.1 870059467.6 3.55322e-06 870058200.0 870062500.0 47.0 141.8 9945339.0 21.1 870062458.7 1.23815e-05 870060774.6 9.98710e-06 870062444.0 3.27311e-05
835411188.5 6.2 835411846.6 835412385.9 835414984.0 835413357.4 835412706.7 4.80187e-06 835411800.0 835415000.0 52.2 176.1 7590883.0 30.0 835413917.6 1.21170e-05 835413930.1 5.20863e-06 835413921.9 3.63017e-05
864855313.5 6.1 864856251.3 864856669.4 864862286.6 864859298.1 864858102.7 1.89888e-06 864856200.0 864862300.0 23.1 101.0 13946060.0 11.6 864860128.6 1.21019e-05 864860123.1 5.08653e-06 864860133.1 3.32068e-05
843728776.5 6.5 843729525.5 843730053.5 843733447.8 843731445.8 843730645.0 7.04974e-06 843729500.0 843733500.0 46.5 153.2 9342551.0 20.7 843732189.8 1.20830e-05 -1.0 -1.00000e+00 -1.0 -1.00000e+00
872735737.4 6.3 872736592.6 872737053.3 872741717.8 872739154.8 872738129.6 3.31686e-06 872736500.0 872741800.0 -11.8 165.7 11960840.0 33.0 872738955.6 1.19878e-05 -1.0 -1.00000e+00 -1.0 -1.00000e+00
849553836.1 6.4 849554583.4 849555113.4 849558482.1 849556491.0 849555694.5 5.89120e-06 849554500.0 849558500.0 46.2 154.4 9291987.0 16.9 849554591.9 1.17205e-05 -1.0 -1.00000e+00 -1.0 -1.00000e+00
849214350.6 6.0 849214576.5 849214758.3 849215262.0 849214871.4 849214715.1 1.39610e-05 849214500.0 849215300.0 14.0 -91.2 1822710.0 62.8 849214602.1 1.17036e-05 849214601.4 1.70840e-05 849214951.3 2.02640e-05
841141147.3 6.8 841142028.6 841142471.7 841147479.9 841144765.9 841143680.3 8.32734e-06 841142000.0 841147500.0 -6.8 155.5 12665300.0 48.7 841144866.8 1.16958e-05 841144995.6 4.61338e-06 841144872.2 4.04901e-05
871684962.4 6.5 871685520.2 871685827.4 871687906.7 871686644.9 871686140.1 1.27463e-05 871685500.0 871688000.0 8.1 -39.2 5888692.0 0.7 871685528.5 1.16610e-05 -1.0 -1.00000e+00 -1.0 -1.00000e+00
832338496.2 6.2 832339186.1 832339723.0 832342758.2 832340931.6 832340201.0 2.22394e-06 832339100.0 832342800.0 54.3 158.4 8524137.0 190.1 832339238.3 1.13992e-05 832339237.1 1.79493e-05 832340839.5 9.71061e-06
822084661.0 6.2 822084996.3 822085269.9 822086133.1 822085502.2 822085249.8 1.46666e-05 822084900.0 822086200.0 6.9 -77.8 2944083.0 23.8 822085006.9 1.12447e-05 -1.0 -1.00000e+00 -1.0 -1.00000e+00
843570520.7 6.1 843570912.9 843571230.1 843572371.5 843571578.3 843571261.0 8.13773e-06 843570900.0 843572400.0 10.9 -61.7 3701740.0 55.4 843570995.8 1.12070e-05 843570994.6 1.26623e-05 843571627.3 1.27570e-05
856825926.0 6.0 856826385.0 856826736.7 856828178.0 856827212.9 856826826.8 6.54500e-06 856826300.0 856828200.0 26.6 -44.6 4504020.0 10.0 856827344.1 1.12006e-05 856827319.6 5.74897e-06 856827329.4 3.46995e-05
874312288.9 6.7 874313470.3 874313681.5 874320616.8 874317047.7 874315620.1 5.05154e-06 874313400.0 874320700.0 -2.0 100.1 16655650.0 30.9 874313496.3 1.11630e-05 874313503.9 1.68825e-05 874317850.6 3.25419e-05
854168103.6 6.9 854169075.8 854169466.6 854175505.7 854172333.4 854171064.4 9.02840e-06 854169000.0 854175600.0 -54.9 146.3 14804270.0 10.0 854169484.9 1.09559e-05 -1.0 -1.00000e+00 -1.0 -1.00000e+00
859703690.7 6.4 859704574.5 859705021.7 859710004.9 859707298.8 859706216.4 3.99111e-06 859704500.0 859710100.0 -7.8 156.5 12628420.0 19.5 859707690.4 1.08359e-05 859707668.5 4.56533e-06 859707658.8 3.43283e-05
847416410.4 6.8 847416976.2 847417438.1 847419869.7 847418387.1 847417794.1 5.86086e-06 847416900.0 847419900.0 -26.2 -63.3 6918581.0 581.9 847416985.4 1.07057e-05 -1.0 -1.00000e+00 -1.0 -1.00000e+00
820275234.9 7.1 820275988.1 820276417.8 820280671.8 820278341.7 820277409.7 8.44149e-06 820275900.0 820280700.0 -20.0 -178.1 10873820.0 584.1 820276128.7 1.06722e-05 820276126.2 1.13761e-05 820277625.6 1.94434e-05
826354668.4 6.7 826355646.4 826356031.9 826362186.7 826358964.6 826357675.7 5.71658e-06 826355600.0 826362200.0 -3.6 127.3 15036710.0 32.8 826355997.0 1.03539e-05 -1.0 -1.00000e+00 -1.0 -1.00000e+00
847653940.8 6.0 847654684.3 847655217.4 847658542.1 847656570.1 847655781.3 2.65031e-06 847654600.0 847658600.0 47.0 154.9 9202648.0 14.7 847656444.9 1.02927e-05 847656444.0 1.78281e-05 847656735.1 9.91177e-06
874845400.7 6.8 874846288.2 874846730.8 874851783.6 874849048.1 874847953.9 8.52786e-06 874846200.0 874851800.0 -5.0 153.4 12765780.0 31.8 874849180.4 1.01795e-05 874849232.8 4.90305e-06 874849205.0 3.14293e-05
837344952.8 6.3 837345852.1 837346288.7 837351478.4 837348681.7 837347563.0 3.00964e-06 837345800.0 837351500.0 -5.5 150.7 13051220.0 28.3 837349589.9 1.01596e-05 -1.0 -1.00000e+00 -1.0 -1.00000e+00
829629179.2 6.3 829629850.0 829630400.5 829633072.3 829631403.8 829630736.5 5.97211e-06 829629800.0 829633100.0 60.6 165.8 7786183.0 17.4 829631972.7 9.70386e-06 -1.0 -1.00000e+00 -1.0 -1.00000e+00
831264189.7 6.3 831264787.9 831265070.4 831267503.5 831266083.3 831265515.2 6.35463e-06 831264700.0 831267600.0 52.6 -169.2 6627534.0 54.5 831266642.3 9.47329e-06 831264805.5 6.76753e-06 831266646.6 2.21800e-05
840491452.0 6.5 840492170.0 840492712.6 840495842.5 840493960.8 840493208.2 6.91579e-06 840492100.0 840495900.0 51.2 157.4 8781013.0 54.2 840494481.6 9.42713e-06 840492175.8 9.47819e-06 840494466.8 2.80182e-05
830024793.4 6.1 830025969.4 830026180.7 830032951.1 830029454.9 830028056.5 1.37711e-06 830025900.0 830033000.0 2.0 97.0 16315470.0 33.3 830025983.3 9.42411e-06 -1.0 -1.00000e+00 -1.0 -1.00000e+00
868540095.8 6.1 868540694.6 868540983.7 868543372.3 868541968.1 868541406.4 5.02103e-06 868540600.0 868543400.0 52.5 -168.1 6553168.0 13.3 868542670.0 9.37096e-06 868542667.4 6.08128e-06 868542526.6 2.61637e-05
874978567.1 6.3 874979429.4 874979889.4 874984607.3 874982018.6 874980983.2 3.46265e-06 874979400.0 874984700.0 -21.2 169.5 12080480.0 17.0 874982127.1 9.32988e-06 874980079.1 2.99444e-06 874982131.8 2.91922e-05
874976523.9 6.3 874977387.1 874977847.1 874982569.6 874979978.5 874978942.1 3.49014e-06 874977300.0 874982600.0 -21.2 169.4 12091370.0 14.4 874982127.1 9.32987e-06 874980079.1 2.99444e-06 874982131.8 2.56226e-05
832821144.7 6.4 832822040.7 832822476.3 832827653.1 832824863.8 832823748.1 3.55853e-06 832822000.0 832827700.0 -5.7 151.2 13016710.0 43.9 832825013.5 9.30216e-06 832825028.3 3.23248e-06 832825017.9 2.64835e-05
818033585.0 6.3 818034416.7 818034890.5 818039275.5 818036836.7 818035861.2 3.50846e-06 818034400.0 818039300.0 -30.3 -177.6 11380890.0 35.2 818036089.4 9.19684e-06 -1.0 -1.00000e+00 -1.0 -1.00000e+00
830459849.7 6.7 830460457.8 830460743.5 830463201.5 830461765.0 830461190.4 1.54131e-05 830460400.0 830463300.0 -27.1 -71.2 6703630.0 13.7 830462698.2 8.97776e-06 830460469.1 1.46515e-05 -1.0 -1.00000e+00
837341871.5 6.1 837343053.5 837343262.5 837350308.1 837346692.4 837345246.1 1.22132e-06 837343000.0 837350400.0 -6.6 105.4 16873090.0 49.3 837349589.9 8.64236e-06 -1.0 -1.00000e+00 -1.0 -1.00000e+00
847293045.8 6.0 847293951.3 847294379.8 847299687.9 847296841.3 847295702.6 1.32433e-06 847293900.0 847299700.0 -6.0 148.6 13284080.0 53.5 847295781.1 8.55418e-06 -1.0 -1.00000e+00 -1.0 -1.00000e+00
827846475.4 6.5 827847304.7 827847782.0 827852116.4 827849698.8 827848731.8 5.54730e-06 827847300.0 827852200.0 -29.7 -176.8 11281890.0 24.8 827849857.3 8.28123e-06 827850127.7 3.93875e-06 827849861.8 1.91065e-05
855993881.5 6.7 855994853.4 855995241.4 856001315.4 855998129.4 855996855.0 5.86264e-06 855994800.0 856001400.0 -1.0 127.1 14867820.0 27.7 855998263.5 8.24325e-06 855995260.2 7.25711e-06 855998268.9 2.41340e-05
815222913.6 6.3 815223816.3 815224250.1 815229488.2 815226670.5 815225543.4 2.93886e-06 815223800.0 815229500.0 -3.2 148.2 13149100.0 32.3 815227384.3 8.23052e-06 815227657.3 5.91623e-06 815226885.9 1.56473e-05
851502662.8 6.6 851503591.2 851504015.4 851509512.0 851506576.6 851505402.5 5.56270e-06 851503500.0 851509600.0 13.3 51.4 13698480.0 8.3 851506580.0 8.14128e-06 851505600.1 1.11887e-05 851507227.2 1.79737e-05
820002419.0 6.1 820002731.7 820002988.2 820003756.9 820003183.5 820002954.2 1.31104e-05 820002700.0 820003800.0 7.7 -82.3 2675844.0 29.6 820002750.7 8.12811e-06 820002749.9 9.78881e-06 820003162.7 1.36744e-05
835412370.5 6.0 835413124.9 835413555.2 835417812.4 835415480.2 835414547.3 1.33594e-07 835413100.0 835417900.0 -20.0 -178.2 10883880.0 574.9 835413918.6 8.07239e-06 835413930.5 5.19575e-06 -1.0 -1.00000e+00
868583615.9 6.6 868584432.8 868584921.2 868589067.3 868586731.0 868585796.5 7.36810e-06 868584400.0 868589100.0 37.6 138.5 10902920.0 7.4 868587701.6 7.79837e-06 868587713.9 3.49287e-06 868587512.1 2.15436e-05
847693236.3 6.0 847693982.5 847694512.9 847697873.2 847695885.9 847695091.1 2.57502e-06 847693900.0 847697900.0 46.4 154.5 9273641.0 18.5 847694290.7 7.72220e-06 847694823.9 1.18341e-05 847693915.4 2.52714e-05
839364869.6 6.1 839366045.8 839366257.5 839373014.0 839369523.6 839368127.4 1.39939e-06 839366000.0 839373100.0 2.4 96.4 16288720.0 30.2 839366072.5 7.71138e-06 839366055.3 9.22013e-06 839366061.6 1.05669e-05
854228284.0 6.6 854229129.6 854229592.5 854234173.4 854231649.4 854230639.8 6.01523e-06 854229100.0 854234200.0 21.2 144.8 11778850.0 51.7 854231907.9 7.65753e-06 854229381.4 5.24734e-06 854232834.2 2.22286e-05
873784907.7 6.4 873786091.3 873786302.1 873793326.7 873789718.6 873788275.3 2.62281e-06 873786000.0 873793400.0 -4.2 101.1 16837970.0 32.9 873786113.7 7.55330e-06 873786112.8 1.14991e-05 873790887.0 1.75976e-05
827874899.8 6.2 827875856.5 827876245.5 827882167.8 827879052.9 827877807.0 1.96797e-06 827875800.0 827882200.0 3.8 126.5 14535880.0 43.6 827876252.6 7.50192e-06 -1.0 -1.00000e+00 -1.0 -1.00000e+00
832719254.8 6.3 832720438.6 832720651.0 832727608.7 832724028.5 832722596.4 2.21972e-06 832720400.0 832727700.0 -8.1 110.3 16707720.0 19.9 832720485.6 7.47670e-06 -1.0 -1.00000e+00 -1.0 -1.00000e+00
824962736.7 6.0 824963530.8 824964027.1 824967958.6 824965720.6 824964825.5 2.03553e-06 824963500.0 824968000.0 -15.3 -176.3 10443850.0 34.1 824964545.8 7.46348e-06 824967089.4 8.30699e-06 -1.0 -1.00000e+00
820554012.9 6.1 820554337.4 820554602.8 820555402.1 820554806.7 820554568.6 1.39786e-05 820554300.0 820555500.0 6.7 -82.3 2778486.0 5.5 820554356.7 7.42015e-06 820554356.1 1.27468e-05 820554845.6 1.25437e-05
848799152.6 6.2 848800107.2 848800496.8 848806392.8 848803289.9 848802048.7 1.98926e-06 848800100.0 848806400.0 2.6 128.5 14480540.0 42.2 848803347.1 7.35153e-06 -1.0 -1.00000e+00 -1.0 -1.00000e+00
848921611.0 6.0 848922416.2 848922910.1 848926931.2 848924651.1 848923739.1 2.19396e-06 848922400.0 848927000.0 -21.5 -174.6 10640510.0 13.8 848923057.5 7.33002e-06 -1.0 -1.00000e+00 -1.0 -1.00000e+00
856319796.0 6.3 856320238.9 856320595.1 856321940.6 856321021.5 856320653.9 1.22511e-05 856320200.0 856322000.0 -7.0 -80.4 4289066.0 9.9 856321114.7 7.24637e-06 -1.0 -1.00000e+00 -1.0 -1.00000e+00
828433858.5 6.4 828434683.9 828435165.9 828439429.3 828437041.8 828436086.8 4.76255e-06 828434600.0 828439500.0 -16.6 177.0 11141640.0 13.5 828437138.7 7.20926e-06 828437408.4 3.32078e-06 828437143.8 2.57424e-05
859780623.4 6.3 859781190.6 859781493.5 859783641.6 859782348.1 859781830.7 8.44735e-06 859781100.0 859783700.0 37.4 -24.6 6036474.0 4.3 859781208.5 7.16007e-06 859781207.5 8.40089e-06 859782438.9 2.10318e-05
845542530.3 6.1 845543732.9 845543944.7 845551632.9 845547731.8 845546171.3 1.29486e-06 845543700.0 845551700.0 -45.8 96.1 18205220.0 10.0 845547476.2 7.15720e-06 -1.0 -1.00000e+00 -1.0 -1.00000e+00
847368693.9 6.4 847369629.2 847370050.9 847375615.8 847372649.3 847371462.7 3.75597e-06 847369600.0 847375700.0 16.9 119.6 13843710.0 1.0 847374646.0 6.96775e-06 -1.0 -1.00000e+00 -1.0 -1.00000e+00
822919737.9 6.7 822920485.6 822920916.3 822925124.1 822922815.7 822921892.4 2.45384e-06 822920400.0 822925200.0 -17.8 -178.3 10772480.0 599.6 822924262.0 6.87230e-06 822920458.0 1.09890e-05 822925200.0 1.19320e-05
819210771.5 6.0 819211093.5 819211357.0 819212147.5 819211557.8 819211321.9 1.16172e-05 819211000.0 819212200.0 6.8 -82.7 2751838.0 7.8 819211103.7 6.81184e-06 819211102.9 1.07332e-05 819211472.0 7.56149e-06
849016922.8 6.3 849018058.0 849018303.9 849024970.5 849021521.5 849020141.9 2.12794e-06 849018000.0 849025000.0 -8.3 118.7 16095470.0 46.8 849022235.1 6.79103e-06 849022238.0 1.04567e-05 849023233.8 1.20833e-05
854659081.1 6.2 854659862.9 854660372.2 854664109.5 854661954.5 854661092.5 3.65884e-06 854659800.0 854664200.0 -56.0 -123.0 10056790.0 10.0 854660685.2 6.78277e-06 854660451.2 5.06192e-06 854659812.3 1.78268e-05
859550557.1 6.2 859551440.1 859551889.5 859556844.3 859554149.8 859553072.0 2.71756e-06 859551400.0 859556900.0 -8.7 157.6 12574470.0 11.5 859556709.9 6.76684e-06 -1.0 -1.00000e+00 -1.0 -1.00000e+00
840501900.5 6.6 840502481.7 840502750.7 840505188.8 840503779.5 840503215.8 8.56443e-06 840502400.0 840505200.0 -24.3 -67.0 6576566.0 184.9 840505173.2 6.76549e-06 -1.0 -1.00000e+00 -1.0 -1.00000e+00
871276630.7 6.4 871277137.7 871277462.6 871279229.5 871278115.7 871277670.2 1.13466e-05 871277100.0 871279300.0 -14.3 -76.1 5197527.0 24.7 871277149.3 6.69686e-06 871277148.3 6.90504e-06 871277113.2 2.30406e-05
841810406.7 6.3 841811361.0 841811674.2 841818357.1 841814949.8 841813586.8 3.37205e-07 841811300.0 841818400.0 -7.3 120.1 15900690.0 579.1 841811520.6 6.61648e-06 841811520.0 9.40077e-06 841811310.1 8.59191e-06
863340987.1 6.3 863341937.5 863342350.5 863348097.8 863345050.4 863343831.4 2.95126e-06 863341900.0 863348100.0 20.6 100.8 14221230.0 1.3 863345537.6 6.55177e-06 863345743.9 2.63317e-06 863345542.8 1.94445e-05
869067306.9 6.4 869067867.6 869068128.0 869070515.0 869069140.1 869068590.1 3.89585e-06 869067800.0 869070600.0 -22.2 -65.7 6416104.0 290.6 869067936.6 6.45884e-06 869067935.6 6.39728e-06 869067860.7 9.04931e-06
874958280.5 6.1 874959142.7 874959602.1 874964324.2 874961734.0 874960698.0 2.23136e-06 874959100.0 874964400.0 -21.1 169.4 12087270.0 19.9 874961820.1 6.42862e-06 874961813.2 2.79009e-06 874961844.4 2.39610e-05
839024349.5 6.8 839025191.4 839025639.9 839030334.5 839027769.5 839026743.5 7.31901e-06 839025100.0 839030400.0 -15.8 167.8 11969890.0 148.5 839028159.1 6.35268e-06 -1.0 -1.00000e+00 -1.0 -1.00000e+00
817564402.3 6.4 817565204.0 817565694.9 817569723.4 817567442.9 817566530.8 4.66596e-06 817565200.0 817569800.0 38.1 142.2 10642230.0 38.4 817568177.3 6.17839e-06 -1.0 -1.00000e+00 -1.0 -1.00000e+00
851285754.9 6.0 851286601.7 851287009.5 851292110.9 851289386.9 851288297.3 2.90848e-07 851286600.0 851292200.0 -5.8 154.5 12712010.0 373.5 851289570.8 6.15507e-06 851289574.8 5.03565e-06 -1.0 -1.00000e+00
827257628.9 6.0 827258460.3 827258933.3 827263324.7 827260883.6 827259907.2 1.75134e-06 827258400.0 827263400.0 -16.9 174.5 11391580.0 40.6 827259004.6 6.14600e-06 -1.0 -1.00000e+00 -1.0 -1.00000e+00
852295735.7 6.1 852296743.5 852297118.7 852303598.2 852300228.5 852298880.7 1.55871e-06 852296700.0 852303600.0 8.0 92.5 15725020.0 17.4 852301883.0 6.10718e-06 -1.0 -1.00000e+00 -1.0 -1.00000e+00
824063369.5 7.9 824064325.5 824064732.5 824070551.9 824067473.7 824066242.4 5.78436e-05 824064300.0 824070600.0 9.6 122.0 14364880.0 2.0 824064303.1 6.06465e-06 824069285.4 5.62640e-06 824064311.6 2.75483e-05
859546173.6 6.0 859547053.4 859547497.3 859552488.1 859549781.9 859548699.4 1.45442e-06 859547000.0 859552500.0 -7.3 156.2 12628950.0 49.1 859551274.6 6.05793e-06 -1.0 -1.00000e+00 -1.0 -1.00000e+00
838034216.4 6.0 838035393.1 838035604.6 838042388.9 838038886.4 838037485.4 1.08497e-06 838035300.0 838042400.0 1.7 97.1 16344940.0 31.8 838035404.0 6.05545e-06 838035402.8 9.68086e-06 838035311.8 1.25733e-05
858206604.1 6.0 858206957.5 858207244.5 858208175.2 858207501.9 858207232.6 9.89962e-06 858206900.0 858208200.0 4.6 -78.5 3142129.0 10.0 858207409.6 6.04888e-06 858206993.0 4.99945e-06 858207487.2 1.05063e-05
824033414.2 7.4 824034349.0 824034753.3 824040484.9 824037454.6 824036242.5 2.21151e-05 824034300.0 824040500.0 11.6 122.7 14141250.0 96.0 824038420.2 6.04680e-06 824038418.6 4.73981e-06 -1.0 -1.00000e+00
871652793.9 6.4 871653742.9 871654151.9 871659932.3 871656873.0 871655649.3 3.36101e-06 871653700.0 871660000.0 6.1 127.4 14276670.0 23.8 871654067.2 5.97918e-06 871654074.1 8.09292e-06 871656467.3 1.29973e-05
824702658.7 6.2 824703553.1 824703996.4 824709085.5 824706331.1 824705229.4 2.65445e-06 824703500.0 824709100.0 -54.6 1.6 12853470.0 10.0 824706418.2 5.97127e-06 -1.0 -1.00000e+00 -1.0 -1.00000e+00
818459277.6 6.5 818460126.5 818460558.1 818465458.1 818462809.3 818461749.8 2.85202e-06 818460100.0 818465500.0 36.4 71.1 12360930.0 223.9 818461119.0 5.96196e-06 818460484.7 8.57150e-06 818460151.3 9.47571e-06
822031393.2 6.3 822032251.9 822032710.5 822037418.4 822034836.2 822033803.3 3.28045e-06 822032200.0 822037500.0 -17.4 167.8 12050440.0 33.4 822034940.0 5.94753e-06 822035763.5 4.85269e-06 822034886.3 1.19876e-05
842435139.5 6.3 842436109.6 842436498.4 842442545.9 842439371.7 842438102.0 2.56922e-06 842436100.0 842442600.0 -3.1 129.5 14812790.0 25.3 842436511.8 5.93497e-06 842436510.1 1.05572e-05 842436111.3 1.96555e-05
874732575.3 6.2 874733373.9 874733802.2 874738384.9 874735895.1 874734899.2 6.14774e-07 874733300.0 874738400.0 -31.0 -180.0 11619140.0 417.5 874734472.4 5.86295e-06 -1.0 -1.00000e+00 -1.0 -1.00000e+00
873712138.4 6.3 873713097.8 873713489.0 873719407.8 873716292.4 873715046.2 2.64302e-06 873713000.0 873719500.0 3.8 126.5 14538800.0 24.4 873716318.2 5.86058e-06 -1.0 -1.00000e+00 -1.0 -1.00000e+00
859591237.0 6.2 859592120.3 859592569.2 859597531.4 859594833.8 859593754.8 2.69438e-06 859592100.0 859597600.0 -8.6 157.4 12588810.0 13.3 859592207.2 5.82392e-06 859592205.8 6.37111e-06 859595376.4 7.91540e-06
845673457.8 6.4 845674292.9 845674765.6 845679183.2 845676729.5 845675748.0 4.35683e-06 845674200.0 845679200.0 29.5 140.3 11450830.0 31.1 845676759.1 5.67186e-06 845674580.4 5.05261e-06 845676717.1 1.21917e-05
829353014.5 6.0 829353868.9 829354330.5 829358982.0 829356424.5 829355401.5 1.72321e-06 829353800.0 829359000.0 -12.5 166.4 11934990.0 30.8 829357469.0 5.64829e-06 -1.0 -1.00000e+00 -1.0 -1.00000e+00
816444625.5 6.5 816445802.1 816446014.0 816452776.2 816449283.1 816447885.8 3.44351e-06 816445800.0 816452800.0 2.2 96.8 16301340.0 28.5 816445818.0 5.63912e-06 816445827.2 9.86593e-06 816445824.3 1.89198e-05
851181601.4 6.0 851182339.6 851182874.4 851186159.8 851184206.2 851183424.8 2.57408e-06 851182300.0 851186200.0 48.4 154.8 9116719.0 23.1 851183998.9 5.61802e-06 851183997.6 5.93424e-06 -1.0 -1.00000e+00
846956332.0 6.6 846957234.6 846957671.3 846962878.4 846960072.8 846958950.6 5.73822e-06 846957200.0 846962900.0 -6.4 150.8 13092810.0 18.4 846960277.1 5.60657e-06 846957549.0 4.50277e-06 846957215.9 2.03830e-05
823966059.1 6.2 823966901.3 823967366.6 823971901.5 823969397.6 823968396.1 2.58675e-06 823966900.0 823972000.0 20.9 146.2 11684980.0 48.9 823969692.9 5.58785e-06 823969093.7 5.22738e-06 823966913.3 1.95524e-05
837085375.6 6.2 837085992.1 837086275.6 837088791.2 837087327.3 837086741.8 5.89887e-06 837085900.0 837088800.0 -28.7 -72.5 6831157.0 10.0 837085997.3 5.55659e-06 837086000.3 5.99561e-06 837085911.9 1.98103e-05
861885732.6 6.2 861886366.2 861886885.0 861889408.0 861887832.8 861887202.8 3.41550e-06 861886300.0 861889500.0 52.0 -180.0 7350649.0 126.9 861888085.1 5.54025e-06 -1.0 -1.00000e+00 -1.0 -1.00000e+00
871299355.7 6.0 871299861.3 871300185.5 871301951.5 871300839.0 871300394.0 4.96988e-06 871299800.0 871302000.0 -14.3 -76.2 5191485.0 31.8 871299871.9 5.53401e-06 -1.0 -1.00000e+00 -1.0 -1.00000e+00
871355061.3 6.4 871356035.7 871356420.8 871362549.2 871359340.1 871358056.5 2.97881e-06 871356000.0 871362600.0 -5.3 129.5 14975700.0 42.4 871359207.5 5.50937e-06 -1.0 -1.00000e+00 -1.0 -1.00000e+00
831046669.2 6.1 831047876.2 831048087.5 831056075.3 831052044.1 831050431.6 1.23149e-06 831047800.0 831056100.0 -36.7 78.6 18812040.0 10.0 831051733.5 5.50932e-06 -1.0 -1.00000e+00 -1.0 -1.00000e+00
856016743.1 6.0 856017714.9 856018102.5 856024180.2 856020992.9 856019717.9 1.25880e-06 856017700.0 856024200.0 -1.1 127.0 14874200.0 30.4 856022088.8 5.47745e-06 -1.0 -1.00000e+00 -1.0 -1.00000e+00
854248569.7 6.5 854249398.7 854249869.7 854254263.3 854251823.2 854250847.2 4.96721e-06 854249300.0 854254300.0 -29.9 -177.9 11387230.0 60.5 854252472.0 5.41362e-06 854254060.8 5.34557e-06 854251805.2 1.43712e-05
826020752.1 6.1 826021567.4 826022057.3 826026178.2 826023852.7 826022922.5 2.75443e-06 826021500.0 826026200.0 -60.4 -46.6 10852310.0 4.9 826025717.6 5.30240e-06 826025716.5 6.82667e-06 826021559.1 8.42925e-06
859964979.7 6.1 859965546.8 859965848.8 859968003.5 859966707.6 859966189.2 5.63426e-06 859965500.0 859968100.0 37.3 -24.5 6047523.0 9.1 859965552.2 5.29897e-06 859965555.8 7.06565e-06 859966792.0 9.51591e-06
834715579.0 6.2 834716504.6 834716931.4 834722384.2 834719467.7 834718301.1 2.51535e-06 834716500.0 834722400.0 18.9 120.3 13610420.0 4.0 834717734.2 5.24988e-06 -1.0 -1.00000e+00 -1.0 -1.00000e+00
872871308.4 6.2 872872058.1 872872570.4 872876095.5 872874043.9 872873223.2 2.73073e-06 872872000.0 872876100.0 45.8 150.1 9574157.0 100.6 872872060.8 5.23952e-06 872872063.4 8.41710e-06 872872013.4 1.91897e-05
844711572.2 6.4 844712202.4 844712717.1 844715140.8 844713611.4 844712999.6 7.41889e-06 844712200.0 844715200.0 -31.3 -71.4 7137130.0 43.8 844712202.7 5.21424e-06 844712217.5 4.13151e-06 844712220.4 3.51664e-05
816526396.0 6.0 816526972.7 816527265.2 816529527.8 816528185.6 816527648.7 3.79210e-06 816526900.0 816529600.0 53.9 -164.0 6263625.0 40.7 816528815.4 5.19711e-06 816526991.5 3.06089e-06 816528819.6 1.24672e-05
818067699.7 6.1 818068590.2 818068998.3 818074398.9 818071527.8 818070379.4 7.96402e-07 818068500.0 818074400.0 -5.5 147.0 13398450.0 222.0 818071115.4 5.15612e-06 818068869.4 6.56495e-06 818068513.9 2.04239e-05
861068770.8 6.3 861069659.5 861070105.6 861075129.3 861072404.2 861071314.2 3.30071e-06 861069600.0 861075200.0 25.7 125.1 12717010.0 11.6 861073027.7 5.00712e-06 -1.0 -1.00000e+00 -1.0 -1.00000e+00
871440770.1 6.0 871441272.0 871441597.6 871443340.8 871442239.1 871441798.4 4.98796e-06 871441200.0 871443400.0 -13.8 -76.3 5141396.0 33.4 871441285.3 4.99515e-06 871441278.2 7.87969e-06 871441213.3 2.08528e-05
857188194.0 6.4 857189374.2 857189586.5 857196436.3 857192903.9 857191490.9 2.78795e-06 857189300.0 857196500.0 -0.5 100.5 16484630.0 22.5 857193636.5 4.99087e-06 857189401.0 2.66978e-06 857193373.1 1.75921e-05
859974725.9 6.1 859975901.2 859976112.8 859982847.8 859979366.9 859977974.6 1.39891e-06 859975900.0 859982900.0 2.9 95.7 16243780.0 31.2 859980555.6 4.96681e-06 -1.0 -1.00000e+00 -1.0 -1.00000e+00
861071027.3 6.0 861071917.3 861072364.3 861077388.9 861074662.5 861073571.9 1.78984e-06 861071900.0 861077400.0 25.6 125.1 12723200.0 4.9 861073027.7 4.94287e-06 -1.0 -1.00000e+00 -1.0 -1.00000e+00
864591747.6 6.4 864592455.2 864592992.3 864596111.7 864594241.3 864593493.2 4.57665e-06 864592400.0 864596200.0 52.2 157.2 8728204.0 122.3 864594828.1 4.92447e-06 -1.0 -1.00000e+00 -1.0 -1.00000e+00
821361523.2 6.1 821362503.0 821362851.7 821369395.9 821366021.9 821364672.3 5.31460e-07 821362500.0 821369400.0 -7.9 122.6 15745560.0 261.7 821364219.1 4.87277e-06 821364217.9 6.67313e-06 821362509.3 1.25640e-05
859719642.2 6.2 859720505.6 859720965.1 859725694.1 859723100.5 859722063.0 2.80355e-06 859720500.0 859725700.0 -20.7 169.0 12103850.0 16.5 859724375.6 4.81626e-06 -1.0 -1.00000e+00 -1.0 -1.00000e+00
825147078.4 6.0 825147962.0 825148407.0 825153412.0 825150697.6 825149611.9 1.58265e-06 825147900.0 825153500.0 28.1 56.8 12667230.0 31.1 825151785.1 4.79199e-06 -1.0 -1.00000e+00 -1.0 -1.00000e+00
859606520.8 6.2 859607370.0 859607803.2 859612689.9 859610046.0 859608988.5 1.26546e-06 859607300.0 859612700.0 36.5 70.7 12338240.0 213.0 859610930.2 4.67099e-06 859610928.7 5.44176e-06 859607375.0 5.08447e-06
817404837.3 6.2 817405793.9 817406183.8 817412095.4 817408984.8 817407740.5 2.02489e-06 817405700.0 817412100.0 6.2 124.0 14516320.0 36.8 817406121.9 4.64895e-06 -1.0 -1.00000e+00 -1.0 -1.00000e+00
830420270.0 6.1 830421113.7 830421563.5 830426256.1 830423690.7 830422664.5 1.36820e-06 830421100.0 830426300.0 -15.1 167.4 11972310.0 134.1 830422286.9 4.59025e-06 830425744.4 7.00952e-06 830421113.3 2.37794e-05
825028307.4 7.8 825029259.8 825029659.6 825035502.4 825032418.8 825031185.4 4.75842e-05 825029200.0 825035600.0 8.5 123.1 14390090.0 31.0 825029203.2 4.56131e-06 825030611.6 4.91366e-06 825029209.5 1.90361e-05
848956825.3 6.2 848957615.1 848958119.3 848961949.3 848959753.3 848958874.9 3.57178e-06 848957600.0 848962000.0 -54.0 -134.2 10247930.0 10.0 848960181.7 4.54756e-06 848960180.8 5.97791e-06 848957612.7 3.23468e-05
852312124.4 6.0 852312982.4 852313444.5 852318113.3 852315546.6 852314520.0 1.82280e-06 852312900.0 852318200.0 39.8 70.3 11977720.0 18.4 852316010.6 4.52936e-06 852312981.5 4.98397e-06 -1.0 -1.00000e+00
824958522.2 6.4 824959294.5 824959720.3 824964141.4 824961733.2 824960769.9 9.31418e-07 824959200.0 824964200.0 -23.7 -179.9 11238440.0 534.3 824959202.0 4.52416e-06 824962287.3 8.04825e-06 824959214.9 2.53463e-05
834686457.8 6.8 834687403.2 834687814.2 834693552.7 834690512.0 834689295.7 7.62840e-06 834687400.0 834693600.0 7.3 127.2 14189850.0 24.0 834691841.2 4.50957e-06 834691089.8 3.72654e-06 834687413.4 2.05371e-05
868630671.7 6.8 868631459.5 868631905.1 868636256.8 868633863.2 868632905.8 5.35500e-06 868631400.0 868636300.0 36.9 134.8 11170100.0 349.0 868632420.6 4.48911e-06 868632426.4 4.07565e-06 868632327.0 1.17479e-05
827920954.3 6.1 827921861.7 827922297.5 827927544.8 827924720.3 827923590.5 2.06653e-06 827921800.0 827927600.0 22.9 121.3 13180960.0 10.3 827925718.3 4.48159e-06 827925450.3 2.13528e-06 827925722.0 9.95453e-06
827238444.7 6.1 827239363.8 827239785.0 827245252.1 827242334.6 827241167.7 1.65603e-06 827239300.0 827245300.0 -3.3 143.2 13614860.0 50.4 827242850.5 4.47915e-06 -1.0 -1.00000e+00 -1.0 -1.00000e+00
845203549.5 6.4 845204393.2 845204842.3 845209542.2 845206973.9 845205946.6 2.94756e-06 845204300.0 845209600.0 -15.1 167.3 11985340.0 138.2 845208316.9 4.45600e-06 845208315.7 5.81932e-06 845204354.2 5.80816e-06
824825759.6 6.0 824826510.3 824826935.9 824831208.8 824828873.5 824827939.3 1.05235e-07 824826500.0 824831300.0 -18.0 -179.5 10898370.0 622.9 824831130.6 4.44187e-06 824829293.0 4.09314e-06 -1.0 -1.00000e+00
847390904.4 6.2 847391803.1 847392238.1 847397438.2 847394638.0 847393517.9 2.32635e-06 847391800.0 847397500.0 -6.3 151.0 13067550.0 38.0 847395165.9 4.41578e-06 847393518.1 4.69702e-06 847391852.7 8.69448e-06
816707505.2 6.1 816708417.1 816708836.0 816714277.3 816711375.0 816710214.0 1.41520e-06 816708400.0 816714300.0 -5.2 145.2 13544090.0 87.8 816712045.3 4.39469e-06 816712044.2 5.13161e-06 816708414.3 1.20096e-05
868398898.9 6.0 868399527.4 868400040.7 868402455.5 868400931.3 868400321.6 3.15511e-06 868399500.0 868402500.0 51.9 -176.3 7113250.0 46.1 868399502.4 4.35880e-06 868399544.4 3.49764e-06 868399513.7 2.92948e-05
864466579.9 6.0 864467551.1 864467939.8 864473997.0 864470818.2 864469546.7 1.30374e-06 864467500.0 864474000.0 -1.0 127.5 14834130.0 24.1 864467948.7 4.31335e-06 864467947.4 5.00002e-06 864467512.7 1.58762e-05
874856596.5 6.1 874857777.9 874857989.0 874864924.8 874861355.6 874859927.8 1.34748e-06 874857700.0 874865000.0 -1.8 99.4 16656540.0 31.3 874862054.2 4.24474e-06 874857788.6 5.92385e-06 874857757.9 1.06326e-05
873734971.2 6.0 873736151.0 873736360.1 873743336.1 873739751.2 873738317.2 9.52869e-07 873736100.0 873743400.0 -3.2 101.4 16729840.0 50.9 873736395.2 4.24424e-06 873736394.4 6.28195e-06 873739218.1 7.74342e-06
853043321.5 6.0 853044246.3 853044654.9 853050281.1 853047298.4 853046105.3 9.60739e-07 853044200.0 853050300.0 -3.3 139.9 13919290.0 104.9 853047871.9 4.22653e-06 -1.0 -1.00000e+00 -1.0 -1.00000e+00
832085081.0 6.1 832086053.9 832086437.3 832092575.4 832089363.5 832088078.7 1.39444e-06 832086000.0 832092600.0 -0.3 124.9 14988810.0 58.5 832086002.1 4.18593e-06 832086443.9 2.47275e-06 832086013.3 2.50908e-05
861211247.4 6.0 861212101.8 861212561.2 861217233.6 861214668.1 861213641.9 1.61789e-06 861212100.0 861217300.0 -13.9 166.7 11972390.0 42.7 861213955.8 4.17315e-06 -1.0 -1.00000e+00 -1.0 -1.00000e+00
860764852.6 6.4 860765817.0 860766208.3 860772172.0 860769035.1 860767780.4 3.31684e-06 860765800.0 860772200.0 -58.1 148.2 14638770.0 17.5 860767776.5 4.16892e-06 860770705.0 5.62331e-06 860771385.4 4.27907e-06
859380557.2 6.2 859381340.7 859381849.9 859385597.1 859383437.1 859382573.1 3.71453e-06 859381300.0 859385600.0 -56.1 -123.3 10079790.0 5.4 859381545.0 4.16292e-06 -1.0 -1.00000e+00 -1.0 -1.00000e+00
864435822.3 6.1 864436702.6 864437131.6 864442267.4 864439505.2 864438400.4 1.23559e-06 864436700.0 864442300.0 -4.6 151.9 12890230.0 134.3 864442055.2 4.16158e-06 -1.0 -1.00000e+00 -1.0 -1.00000e+00
866182742.2 6.3 866183636.6 866184076.9 866189196.1 866186430.2 866185323.8 3.10622e-06 866183600.0 866189200.0 -3.6 151.0 12907930.0 23.4 866187076.0 4.14674e-06 866187073.6 2.08122e-06 866183613.2 1.47273e-05
857195382.7 6.3 857196561.7 857196773.2 857203623.5 857200091.7 857198679.0 2.18299e-06 857196500.0 857203700.0 -0.5 100.5 16481550.0 30.1 857200724.7 4.13706e-06 857196642.3 3.54118e-06 857200977.2 1.73729e-05
857445776.9 6.0 857446535.8 857446983.5 857451117.6 857448828.7 857447913.2 2.64778e-07 857446500.0 857451200.0 43.2 133.5 10681230.0 441.4 857446606.9 4.12535e-06 857447861.1 3.82359e-06 857446514.5 1.61327e-05
846881823.9 6.0 846882728.3 846883146.8 846888542.3 846885663.0 846884511.2 9.61846e-07 846882700.0 846888600.0 -5.5 146.6 13436820.0 115.0 846888154.5 4.11308e-06 846886727.5 7.71337e-06 846882749.2 8.31545e-06
861213239.0 6.2 861213951.2 861214504.2 861217532.7 861215692.5 861214956.5 4.22808e-06 861213900.0 861217600.0 -45.2 -72.5 8587359.0 23.8 861216438.4 4.10791e-06 861213955.1 6.34018e-06 861215587.2 1.66871e-05
825704002.0 6.1 825705207.3 825705418.8 825713282.6 825709305.2 825707714.2 1.25711e-06 825705200.0 825713300.0 -40.2 78.4 18561310.0 10.0 825709602.7 4.09310e-06 825706630.7 3.63611e-06 825705213.5 1.96904e-05
850852260.1 6.2 850853254.2 850853634.8 850859976.8 850856669.7 850855346.8 1.90197e-06 850853200.0 850860000.0 10.7 92.4 15433450.0 31.0 850857292.2 4.07480e-06 850853442.4 5.67200e-06 850857589.0 8.78210e-06
852561099.2 6.0 852562075.9 852562460.3 852568618.0 852565395.7 852564106.7 1.16219e-06 852562000.0 852568700.0 -3.6 127.3 15037690.0 43.3 852567801.1 4.01035e-06 -1.0 -1.00000e+00 -1.0 -1.00000e+00
861064017.9 6.1 861064903.6 861065347.5 861070376.1 861067651.2 861066561.2 1.98793e-06 861064900.0 861070400.0 25.7 125.1 12716300.0 30.4 861066011.9 3.97497e-06 -1.0 -1.00000e+00 -1.0 -1.00000e+00
842927558.6 6.0 842928128.8 842928594.5 842931055.7 842929557.0 842928957.4 2.27984e-07 842928100.0 842931100.0 -26.8 -63.1 6994250.0 583.0 842928102.4 3.97025e-06 842928130.9 4.67827e-06 842928113.4 2.60061e-05
816622602.7 6.1 816623444.2 816623893.3 816628578.9 816626017.7 816624993.2 1.30256e-06 816623400.0 816628600.0 31.0 130.1 11952270.0 145.8 816626455.7 3.94148e-06 816626454.8 7.85911e-06 816623410.5 9.78472e-06
842520868.2 6.2 842521498.7 842522015.1 842524531.6 842522961.6 842522333.6 3.23199e-06 842521400.0 842524600.0 -31.8 -67.1 7326750.0 142.0 842522962.8 3.94101e-06 -1.0 -1.00000e+00 -1.0 -1.00000e+00
869441867.3 6.0 869442877.7 869443249.1 869449781.9 869446389.9 869445033.1 1.16234e-06 869442800.0 869449800.0 7.1 92.5 15829240.0 27.7 869447575.7 3.81573e-06 869443292.8 2.07252e-06 869447581.0 8.73077e-06
823034065.9 6.0 823035055.8 823035438.8 823041718.4 823038438.8 823037126.9 1.23904e-06 823035000.0 823041800.0 11.9 92.4 15304940.0 25.0 823039539.4 3.78330e-06 823036133.3 3.00557e-06 823039526.0 7.89523e-06
835218916.7 6.3 835219897.1 835220281.2 835226473.9 835223235.1 835221939.5 2.39487e-06 835219800.0 835226500.0 -0.4 123.3 15114400.0 37.6 835220291.6 3.75631e-06 835220290.5 3.36865e-06 835219813.0 2.05640e-05
860437502.8 6.0 860438438.6 860438858.2 860444447.6 860441471.2 860440280.7 1.53910e-06 860438400.0 860444500.0 -61.8 161.1 13889510.0 10.0 860440999.8 3.71912e-06 -1.0 -1.00000e+00 -1.0 -1.00000e+00
855311738.9 6.0 855312380.8 855312905.8 855315394.5 855313827.8 855313201.1 3.29412e-06 855312300.0 855315400.0 35.9 -10.2 7311356.0 30.4 855312400.6 3.69906e-06 855312399.9 6.32134e-06 855312315.8 1.17820e-05
844502586.7 6.0 844503367.5 844503876.2 844507612.9 844505458.8 844504597.2 2.35560e-06 844503300.0 844507700.0 -56.1 -122.4 10052310.0 14.9 844503302.1 3.68400e-06 844507446.7 1.60362e-06 844503311.2 2.28653e-05
853435994.0 6.2 853436957.8 853437343.4 853443374.7 853440211.6 853438946.3 1.80867e-06 853436900.0 853443400.0 1.1 126.4 14761330.0 59.7 853438432.6 3.62810e-06 853437385.5 4.41387e-06 853440252.0 7.63995e-06
853309279.3 6.2 853310105.6 853310587.9 853314853.5 853312464.5 853311509.0 3.20379e-06 853310100.0 853314900.0 -55.3 -29.5 11148490.0 10.0 853313156.8 3.60840e-06 853314629.8 4.18683e-06 853310110.3 9.63242e-06
859637081.2 6.0 859637970.3 859638417.9 859643429.3 859640708.7 859639620.4 1.79967e-06 859637900.0 859643500.0 -7.8 155.8 12696090.0 4.4 859640783.4 3.52419e-06 859639302.3 3.50027e-06 859637959.7 5.90089e-06
818346056.2 6.5 818346954.6 818347394.6 818352542.8 818349762.8 818348650.8 4.80049e-06 818346900.0 818352600.0 -6.6 152.2 12973180.0 14.4 818350069.9 3.50450e-06 818348336.5 3.89574e-06 818347863.8 1.05100e-05
866679931.4 6.5 866680817.4 866681265.5 866686253.2 866683543.8 866682460.1 5.01877e-06 866680800.0 866686300.0 -55.6 -2.4 12643560.0 10.0 866680802.2 3.47171e-06 866682804.2 1.03678e-06 866680812.4 2.31682e-05
860120684.0 6.0 860121435.5 860121862.7 860126126.0 860123793.7 860122860.8 1.13635e-07 860121400.0 860126200.0 -20.2 -178.1 10883910.0 607.7 860125243.7 3.44596e-06 -1.0 -1.00000e+00 -1.0 -1.00000e+00
847744209.5 6.1 847745199.8 847745583.9 847751855.0 847748578.4 847747267.7 1.61829e-06 847745100.0 847751900.0 -52.1 139.6 15291060.0 18.1 847745102.4 3.41398e-06 847745727.2 3.90162e-06 847745110.6 1.76386e-05
847997867.8 6.1 847998300.8 847998649.9 847999947.4 847999056.1 847998699.6 8.69897e-06 847998300.0 848000000.0 -4.6 -104.7 4159150.0 10.0 847999038.0 3.37181e-06 847998400.7 2.95186e-06 847998842.5 8.18908e-06
867486374.9 6.3 867487011.8 867487531.7 867489960.3 867488423.7 867487809.1 6.76256e-06 867487000.0 867490000.0 0.7 -30.3 7170817.0 10.0 867487026.9 3.34780e-06 867487029.7 2.34447e-06 867487051.3 1.11496e-05
869957746.0 6.2 869958449.4 869959010.2 869961944.4 869960145.1 869959425.4 4.45433e-06 869958400.0 869962000.0 -0.2 -17.8 8396628.0 17.6 869960162.2 3.33256e-06 -1.0 -1.00000e+00 -1.0 -1.00000e+00
859667183.6 6.2 859668048.3 859668509.1 859673233.6 859670640.8 859669603.6 2.90428e-06 859668000.0 859673300.0 -20.6 169.0 12100010.0 7.6 859671161.3 3.31081e-06 859671108.8 2.97096e-06 859668014.1 9.35682e-06
873749212.5 6.0 873750037.0 873750520.4 873754763.8 873752384.7 873751433.1 2.10977e-06 873750000.0 873754800.0 -57.8 -147.2 11102600.0 10.0 873751650.8 3.29645e-06 873753015.3 5.47360e-06 873750067.7 7.88485e-06
847469565.9 6.2 847470465.9 847470902.6 847476095.2 847473296.9 847472177.6 2.44344e-06 847470400.0 847476100.0 -6.4 151.2 13058750.0 25.7 847473068.7 3.29406e-06 847470639.7 3.07504e-06 847474631.5 6.37641e-06
863630383.0 6.2 863631497.9 863631650.7 863638814.1 863635200.8 863633755.4 1.48312e-07 863631400.0 863638900.0 -58.0 79.9 16862130.0 650.0 863636740.3 3.26659e-06 -1.0 -1.00000e+00 -1.0 -1.00000e+00
852745041.5 6.0 852745781.4 852746316.9 852749604.7 852747649.0 852746866.8 2.67145e-06 852745700.0 852749700.0 46.9 156.3 9126221.0 15.3 852747689.3 3.26450e-06 852748120.9 3.19992e-06 852747707.3 1.55433e-05
843668830.4 6.0 843669345.3 843669652.6 843671549.6 843670384.3 843669918.1 3.22335e-06 843669300.0 843671600.0 -15.6 -73.2 5438388.0 108.3 843669377.6 3.26346e-06 843669376.4 7.01210e-06 843669351.2 1.28031e-05
853757972.4 6.0 853758875.2 853759307.6 853764560.1 853761736.8 853760607.5 1.43511e-06 853758800.0 853764600.0 22.6 122.0 13175370.0 39.6 853759714.7 3.24990e-06 853759713.6 3.63057e-06 853762864.7 6.13822e-06
843442623.5 6.0 843443372.4 843443901.0 843447290.1 843445290.1 843444490.1 2.55961e-06 843443300.0 843447300.0 46.5 153.3 9333338.0 18.0 843443302.2 3.22164e-06 843446832.6 2.10232e-06 843443313.5 1.90047e-05
825748149.7 6.2 825748992.4 825749442.0 825754130.8 825751567.5 825750542.1 1.76270e-06 825748900.0 825754200.0 -14.8 167.4 11962300.0 138.9 825748902.2 3.20062e-06 825752266.0 3.12089e-06 825748909.1 1.47312e-05
858188558.5 6.2 858189526.9 858189916.4 858195938.8 858192775.8 858191510.6 2.08774e-06 858189500.0 858196000.0 1.1 126.3 14760540.0 23.1 858189555.9 3.16416e-06 858189957.2 4.62169e-06 858189511.5 9.46401e-06
869059638.0 6.0 869060061.6 869060329.1 869062014.3 869060995.8 869060588.5 2.83315e-07 869060000.0 869062100.0 -8.1 -71.2 4752647.0 633.7 869060002.4 3.16382e-06 869060063.6 4.83994e-06 869060013.1 2.09244e-05
861543270.1 6.4 861544122.0 861544578.6 861549261.9 861546694.0 861545666.8 3.67043e-06 861544100.0 861549300.0 -14.3 166.9 11983410.0 67.8 861547079.3 3.16071e-06 861548415.9 3.42727e-06 861546473.8 1.07018e-05
874222085.2 6.0 874223266.2 874223476.6 874230438.2 874226858.3 874225426.4 1.01570e-06 874223200.0 874230500.0 -2.8 100.8 16705940.0 38.4 874223490.1 3.13074e-06 874223290.6 4.73637e-06 874226638.8 1.18869e-05
857365426.8 6.1 857366247.7 857366709.7 857371136.8 857368689.7 857367710.8 1.42020e-06 857366200.0 857371200.0 30.0 140.2 11420020.0 140.1 857370675.9 3.11177e-06 857370347.9 3.24126e-06 857370225.1 6.69025e-06
875079441.0 6.0 875080616.2 875080827.7 875087565.9 875084083.8 875082691.0 1.09038e-06 875080600.0 875087600.0 2.9 95.5 16249680.0 32.6 875080641.9 3.10864e-06 875080624.8 5.45756e-06 875086087.0 8.43086e-06
824313578.0 6.2 824314468.0 824314904.8 824320029.9 824317264.8 824316158.8 2.20150e-06 824314400.0 824320100.0 -5.2 152.1 12903910.0 56.4 824319040.6 3.07510e-06 -1.0 -1.00000e+00 -1.0 -1.00000e+00
833503845.5 8.0 833504762.0 833505172.1 833510729.2 833507779.1 833506599.0 6.78926e-05 833504700.0 833510800.0 18.0 119.1 13767410.0 124.0 833504702.2 3.03412e-06 833507465.7 7.71660e-07 833504712.9 1.85639e-05
819409659.7 6.1 819410046.2 819410358.6 819411557.9 819410744.4 819410419.0 4.31781e-06 819410000.0 819411600.0 -1.4 -77.6 3796451.0 193.0 819410144.9 3.02912e-06 -1.0 -1.00000e+00 -1.0 -1.00000e+00
830777142.7 6.0 830777941.6 830778436.4 830782410.9 830780153.1 830779250.0 2.07905e-06 830777900.0 830782500.0 -20.7 -173.9 10536450.0 27.4 830780518.0 3.00888e-06 830780429.7 1.97159e-06 830780385.9 7.17509e-06
829514221.8 6.2 829515399.2 829515611.6 829522378.2 829518882.6 829517484.4 1.80818e-06 829515300.0 829522400.0 2.6 93.2 16312910.0 23.9 829519855.1 2.98771e-06 829515422.2 2.50935e-06 829515351.7 8.13028e-06
857387683.9 6.2 857388563.1 857389016.4 857393907.4 857391240.2 857390173.3 2.83695e-06 857388500.0 857394000.0 -58.2 -7.7 12446840.0 4.0 857391670.7 2.91623e-06 857392119.5 2.86346e-06 857388513.6 1.16672e-05
825581291.1 6.0 825582073.5 825582545.9 825586620.3 825584336.4 825583422.8 8.31548e-07 825582000.0 825586700.0 -20.2 -175.6 10658560.0 210.0 825583892.4 2.90486e-06 825583891.1 3.61254e-06 825585807.8 1.20373e-05
862315626.8 6.2 862316348.0 862316897.9 862319988.2 862318119.0 862317371.4 4.37716e-06 862316300.0 862320000.0 -1.3 -15.0 8722765.0 10.0 862318003.6 2.89108e-06 862318406.5 2.70918e-06 862316359.3 8.05396e-06
844423322.5 6.3 844424239.4 844424668.0 844430048.6 844427166.0 844426013.0 2.99365e-06 844424200.0 844430100.0 20.7 120.1 13452060.0 18.4 844424550.2 2.85944e-06 844424559.9 3.44397e-06 844427949.7 6.41788e-06
870480157.0 6.0 870481035.9 870481488.0 870486390.2 870483718.8 870482650.3 1.79458e-06 870481000.0 870486400.0 27.3 126.8 12466380.0 10.2 870481002.4 2.80948e-06 870484977.4 1.14863e-06 870481011.0 1.53600e-05
852324755.5 6.3 852325520.9 852325969.6 852330141.0 852327832.9 852326909.7 1.01463e-06 852325500.0 852330200.0 -18.7 -177.8 10771070.0 410.5 852325622.3 2.77272e-06 852325621.4 3.69226e-06 852325514.1 1.46424e-05
853111144.3 6.2 853112102.9 853112496.4 853118375.0 853115276.2 853114036.6 2.26088e-06 853112100.0 853118400.0 10.1 58.7 14461410.0 10.0 853113584.2 2.73179e-06 -1.0 -1.00000e+00 -1.0 -1.00000e+00
862390314.1 6.1 862391205.5 862391649.6 862396711.8 862393970.0 862392873.2 2.11651e-06 862391200.0 862396800.0 34.3 82.0 12795350.0 14.2 862394610.1 2.70543e-06 862395095.5 1.72617e-06 862391209.2 9.85632e-06
834596402.2 6.7 834597335.7 834597742.0 834603447.0 834600427.8 834599220.1 5.47261e-06 834597300.0 834603500.0 13.6 120.6 14089660.0 89.0 834600023.0 2.70521e-06 834597519.6 1.71722e-06 834597313.0 1.29907e-05
825432131.2 7.0 825433071.9 825433483.2 825439188.2 825436163.8 825434954.0 1.10871e-05 825433000.0 825439200.0 13.6 120.1 14114060.0 36.0 825439034.5 2.65936e-06 825434709.4 3.35941e-06 825433845.0 6.93857e-06
819289215.9 6.2 819290010.9 819290511.9 819294403.5 819292180.2 819291290.9 3.51578e-06 819290000.0 819294500.0 -54.6 -136.0 10375140.0 10.0 819290624.1 2.64935e-06 819293345.6 2.06967e-06 819291634.1 5.82945e-06
855705791.4 6.0 855706578.3 855707079.3 855710923.5 855708724.0 855707844.3 2.09503e-06 855706500.0 855711000.0 41.8 143.5 10264100.0 33.0 855709073.2 2.62616e-06 855708511.7 2.22944e-06 855709121.8 8.66244e-06
837186373.6 6.1 837187560.9 837187773.1 837194852.1 837191218.4 837189765.0 1.38449e-06 837187500.0 837194900.0 -9.4 108.3 16956970.0 19.1 837192449.4 2.60592e-06 837187623.3 2.08473e-06 837192453.6 7.24806e-06
847821807.1 6.2 847822672.1 847823128.8 847827895.5 847825286.2 847824242.5 2.68817e-06 847822600.0 847827900.0 28.6 129.9 12176650.0 25.2 847827017.8 2.57234e-06 847827011.9 2.19419e-06 847826008.2 5.41819e-06
856739611.5 6.1 856740436.3 856740916.9 856745190.4 856742799.5 856741843.1 2.46881e-06 856740400.0 856745200.0 -55.3 -29.2 11157880.0 21.4 856741826.1 2.56604e-06 856741825.0 2.87423e-06 856740417.7 1.62877e-05
870955534.5 6.0 870956385.4 870956846.8 870961477.8 870958930.7 870957911.8 1.63091e-06 870956300.0 870961500.0 -11.3 166.2 11886710.0 43.1 870958413.1 2.52885e-06 870960301.9 2.53780e-06 870956313.0 1.29603e-05
847549274.7 6.1 847550223.8 847550575.9 847556863.9 847553611.4 847552310.4 4.03931e-07 847550200.0 847556900.0 -6.4 128.0 15178350.0 336.2 847550579.1 2.47007e-06 847550582.3 3.64185e-06 847555208.5 5.92397e-06
859682404.9 6.0 859683284.1 859683727.0 859688723.0 859686015.3 859684932.1 1.39974e-06 859683200.0 859688800.0 -7.2 156.1 12636340.0 56.7 859686399.2 2.42443e-06 859685361.2 2.02375e-06 859683214.4 1.36495e-05
835008806.9 6.0 835009559.2 835010068.8 835013631.1 835011563.6 835010736.6 1.58638e-06 835009500.0 835013700.0 45.4 149.3 9648413.0 106.1 835012844.5 2.41472e-06 835009590.4 2.08095e-06 835012863.1 9.89999e-06
860523873.9 6.1 860524529.5 860525066.2 860527621.4 860526015.3 860525372.9 4.32284e-06 860524500.0 860527700.0 -35.0 -108.8 7495107.0 10.0 860526593.4 2.40544e-06 860524544.5 3.68573e-06 860526599.3 1.00304e-05
873136301.2 6.2 873137194.6 873137629.2 873142798.9 873140014.1 873138900.3 2.16537e-06 873137100.0 873142800.0 24.3 122.3 12995410.0 58.2 873137102.5 2.39974e-06 873137500.0 2.08166e-06 873137114.1 1.56819e-05
831870390.4 6.0 831871191.5 831871688.5 831875654.7 831873398.6 831872496.1 2.25537e-06 831871100.0 831875700.0 -20.7 -173.8 10528720.0 11.1 831873730.5 2.38210e-06 831874276.1 1.19915e-06 831871159.9 6.79072e-06
836292386.4 6.0 836293169.9 836293672.1 836297484.6 836295299.7 836294425.7 2.06732e-06 836293100.0 836297500.0 -15.3 -173.6 10196360.0 37.5 836296577.7 2.37156e-06 836293188.3 1.24608e-06 836296593.6 9.43075e-06
862571730.3 6.0 862572435.6 862572996.9 862575934.8 862574132.9 862573412.1 3.04969e-06 862572400.0 862576000.0 -44.9 -80.5 8409047.0 10.0 862574075.8 2.32610e-06 862574757.2 2.23778e-06 862574081.1 1.00343e-05
862521127.3 6.5 862521875.6 862522294.8 862526606.1 862524258.1 862523318.8 9.37390e-07 862521800.0 862526700.0 -19.5 -179.3 10957670.0 678.6 862522128.9 2.28458e-06 862522142.9 2.99079e-06 862523849.3 7.44362e-06
843933809.1 6.3 843934650.3 843935095.6 843939815.1 843937241.1 843936211.5 2.04999e-06 843934600.0 843939900.0 -18.9 169.0 12011910.0 169.2 843934735.4 2.28094e-06 843937726.8 1.79454e-06 843934750.7 9.23124e-06
834091300.9 6.3 834092132.3 834092587.6 834097146.6 834094641.3 834093639.2 2.32447e-06 834092100.0 834097200.0 33.2 131.3 11691420.0 143.2 834092400.8 2.24863e-06 834092449.1 2.44371e-06 834092155.5 1.23284e-05
834053118.3 6.5 834054047.4 834054471.8 834059971.9 834057034.6 834055859.7 4.58380e-06 834054000.0 834060000.0 17.4 121.2 13707280.0 6.0 834054002.4 2.19118e-06 834058812.6 9.27956e-07 834054013.3 1.46864e-05
859517393.2 6.2 859518106.9 859518660.2 859521692.7 859519850.1 859519113.0 4.31980e-06 859518100.0 859521700.0 -45.4 -72.8 8598895.0 17.9 859518118.2 2.17410e-06 859519331.8 2.48467e-06 859518154.6 5.14642e-06
873175620.4 6.0 873176403.9 873176912.1 873180669.4 873178505.6 873177640.0 2.39857e-06 873176400.0 873180700.0 -56.2 -123.7 10098100.0 10.0 873176402.1 2.16745e-06 873179847.9 1.29297e-06 873176414.2 1.68903e-05
842900102.7 6.0 842901287.8 842901500.1 842908499.2 842904900.7 842903461.3 1.10662e-06 842901200.0 842908500.0 -9.1 110.3 16792990.0 19.4 842901335.5 2.15414e-06 842901334.9 3.22322e-06 842901255.8 5.62259e-06
865212055.0 6.2 865212964.7 865213396.6 865218698.8 865215851.5 865214712.5 2.41971e-06 865212900.0 865218700.0 -3.3 146.8 13287740.0 22.2 865216099.0 2.15102e-06 865216544.8 1.24357e-06 865212912.3 1.21401e-05
833867922.1 6.1 833868674.0 833869107.1 833873322.2 833871007.9 833870082.1 2.35501e-07 833868600.0 833873400.0 -17.6 -178.7 10800230.0 565.7 833868602.4 2.14054e-06 833870592.4 1.19202e-06 833868613.4 1.42948e-05
819184163.3 6.2 819185133.0 819185513.4 819191657.4 819188445.6 819187160.9 1.59543e-06 819185100.0 819191700.0 -0.2 124.7 14988270.0 86.3 819189379.8 2.09151e-06 819185526.5 3.93967e-06 819188924.2 6.93508e-06
855319543.2 6.1 855320498.0 855320897.1 855326745.8 855323659.0 855322424.3 1.75575e-06 855320400.0 855326800.0 5.4 126.5 14405290.0 19.0 855320427.4 2.03134e-06 855321223.1 1.78326e-06 855325460.8 6.24290e-06
868253043.7 6.1 868253494.6 868253825.1 868255343.6 868254357.9 868253963.7 4.14126e-06 868253400.0 868255400.0 -7.9 -74.3 4599838.0 152.4 868253540.9 2.02038e-06 868253533.4 4.17628e-06 868254114.4 7.84697e-06
870272706.1 6.1 870273142.3 870273493.9 870274806.8 870273906.5 870273546.4 8.59787e-06 870273100.0 870274900.0 -4.8 -105.4 4201502.0 10.0 870274111.6 1.96064e-06 -1.0 -1.00000e+00 -1.0 -1.00000e+00
868700385.0 6.1 868701209.3 868701688.7 868705972.2 868703577.7 868702619.9 2.38398e-06 868701200.0 868706000.0 -26.2 -177.7 11174560.0 28.9 868704019.2 1.92782e-06 868701476.5 1.17760e-06 868704023.2 9.07377e-06
830975224.2 6.0 830976430.4 830976641.8 830984566.8 830980562.8 830978961.2 9.80652e-07 830976400.0 830984600.0 -38.6 78.6 18685130.0 10.0 830981349.1 1.90088e-06 830976441.7 1.33297e-06 830980860.8 6.01703e-06
863465363.8 6.0 863466198.7 863466671.2 863471090.3 863468636.1 863467654.4 1.80836e-06 863466100.0 863471100.0 -30.8 -178.2 11452860.0 32.6 863468373.9 1.87607e-06 863468372.9 1.83530e-06 863470681.0 1.15424e-05
832366453.7 6.1 832367438.8 832367824.9 832374030.8 832370783.5 832369484.5 1.65097e-06 832367400.0 832374100.0 -4.8 127.0 15154300.0 16.5 832370645.4 1.86825e-06 832368296.0 1.75700e-06 832371075.7 7.75388e-06
839721241.4 6.1 839722034.3 839722509.1 839726630.1 839724320.7 839723396.9 1.40250e-06 839722000.0 839726700.0 -21.4 -176.2 10777360.0 160.5 839725076.7 1.85748e-06 839722271.6 2.68924e-06 839722065.3 7.41753e-06
869582803.6 6.1 869583660.2 869584122.3 869588781.9 869586219.8 869585195.0 2.24177e-06 869583600.0 869588800.0 -21.5 171.0 11956520.0 22.2 869583627.2 1.81785e-06 869583603.0 1.81077e-06 869583653.2 6.44663e-06
862524083.6 6.0 862524830.7 862525248.8 862529561.5 862527213.8 862526274.7 7.42697e-08 862524800.0 862529600.0 -19.5 -179.3 10955740.0 692.1 862524825.7 1.80511e-06 862526705.2 2.13674e-06 862524845.0 8.12246e-06
868526871.3 6.1 868527724.3 868528188.2 868532807.6 868530263.5 868529245.8 2.25037e-06 868527700.0 868532900.0 -15.4 168.6 11872480.0 23.5 868527997.8 1.78783e-06 868527995.6 2.11338e-06 868527760.1 5.87448e-06
866931798.3 6.0 866932987.1 866933199.2 866940327.1 866936671.9 866935209.8 1.08668e-06 866932900.0 866940400.0 -10.5 108.2 17057590.0 18.2 866932994.2 1.78553e-06 866933000.4 1.73424e-06 866932949.2 5.25478e-06
819093084.2 6.1 819093971.9 819094416.2 819099453.1 819096723.6 819095631.8 2.04890e-06 819093900.0 819099500.0 12.2 141.1 12737810.0 23.0 819097673.1 1.74050e-06 819095120.4 2.54297e-06 819096951.1 4.41105e-06
871036057.0 6.1 871037008.5 871037419.0 871043198.2 871040137.7 871038913.5 1.84898e-06 871037000.0 871043200.0 -60.5 153.9 14282300.0 10.0 871039610.1 1.65711e-06 871040343.8 1.43243e-06 871037016.3 1.10685e-05
862332775.0 6.9 862333957.2 862334171.1 862341015.1 862337483.6 862336071.0 7.93415e-06 862333900.0 862341100.0 -0.5 100.4 16480190.0 10.0 862333905.6 1.59564e-06 862339886.0 2.12817e-06 862333912.4 1.05774e-05
862321583.0 6.9 862322765.3 862322979.2 862329825.0 862326292.7 862324879.8 7.93192e-06 862322700.0 862329900.0 -0.5 100.3 16484030.0 10.0 862327015.0 1.56868e-06 862326204.3 2.41900e-06 862326000.7 4.11177e-06
864319503.0 6.4 864320457.9 864320787.7 864327330.6 864323975.9 864322634.1 7.46706e-07 864320400.0 864327400.0 -2.3 118.2 15655290.0 468.0 864323764.5 1.54864e-06 864321707.4 1.87732e-06 864327243.7 5.35062e-06
862465021.0 6.5 862466204.5 862466419.2 862473261.8 862469730.0 862468317.3 3.64287e-06 862466200.0 862473300.0 -0.5 100.4 16481590.0 3.0 862466203.0 1.51769e-06 862466722.1 1.72240e-06 862466209.7 7.19111e-06
830051176.5 6.1 830052143.0 830052535.1 830058506.8 830055365.3 830054108.6 1.78145e-06 830052100.0 830058600.0 -57.6 148.0 14660670.0 10.0 830052130.3 1.50311e-06 830052553.5 1.50203e-06 830052150.3 1.02207e-05
863801734.0 7.5 863802674.4 863803093.2 863808720.1 863805726.1 863804528.4 2.94677e-05 863802600.0 863808800.0 13.7 122.4 13972230.0 0.0 863806419.7 1.47557e-06 863804188.1 1.67063e-06 863804610.1 4.85745e-06
868752473.7 6.1 868753297.0 868753775.4 868758062.3 868755667.2 868754709.2 2.29882e-06 868753200.0 868758100.0 -26.3 -177.7 11177240.0 37.1 868753552.1 1.47127e-06 868753564.6 1.10257e-06 868753256.0 8.59835e-06
862461876.0 6.9 862463058.2 862463272.1 862470116.1 862466584.6 862465172.0 7.93415e-06 862463000.0 862470200.0 -0.5 100.4 16480190.0 10.0 862464754.7 1.44879e-06 862464410.1 2.01272e-06 862463062.0 5.69105e-06
861174782.3 6.1 861175632.1 861176032.6 861181220.7 861178461.4 861177357.7 3.71772e-07 861175600.0 861181300.0 -3.6 151.4 12876810.0 407.8 861175928.1 1.39787e-06 861175926.6 1.56027e-06 861176525.7 4.50151e-06
872167065.2 6.1 872167846.0 872168333.8 872172260.1 872170033.7 872169143.2 1.69577e-06 872167800.0 872172300.0 -17.5 -174.3 10389880.0 128.3 872167849.1 1.31429e-06 872168072.2 1.46020e-06 872167864.6 8.52423e-06
861804172.0 6.1 861805030.2 861805494.1 861810145.4 861807585.4 861806561.4 2.36796e-06 861805000.0 861810200.0 -60.9 -20.4 11946610.0 10.0 861809767.5 1.25053e-06 861808782.7 1.16976e-06 861808170.3 4.67144e-06
833223436.9 8.4 833224359.3 833224785.9 833230220.6 833227313.3 833226150.4 1.45588e-04 833224300.0 833230300.0 19.1 120.9 13567440.0 13.0 833228129.0 1.20751e-06 833229031.7 1.19069e-06 833224353.4 5.50815e-06
841866396.5 6.5 841867339.2 841867756.6 841873411.8 841870405.2 841869202.6 4.51197e-06 841867300.0 841873500.0 13.5 121.7 14030760.0 1.0 841867302.3 1.11892e-06 841867581.7 1.08888e-06 841867315.7 9.18319e-06
833268710.9 6.0 833269467.4 833269894.0 833274197.6 833271846.2 833270905.6 1.21425e-07 833269400.0 833274200.0 -20.9 -178.6 10973400.0 592.0 833269719.2 9.62314e-07 833269733.0 9.86026e-07 833269455.2 5.65884e-06
