1132440671.4 7.6 1132441110.2 1132441372.5 1132443151.1 1132442088.4 1132441663.3 6.62255e-05 1132441100 1132443200 -10.1 -71.0 4.959462e+06 1132441582.0 1.35682e-05
1132440355.9 7.6 1132440799.2 1132441061.5 1132442861.3 1132441787.6 1132441358.1 6.62376e-05 1132440700 1132442900 -10.5 -70.9 5.010913e+06 1132441582.0 1.52258e-05
1129885799.6 7.5 1129886646.4 1129887077.8 1129891964.1 1129889322.2 1129888265.4 2.76394e-05 1129886600 1129892000 36.5 70.4 1.232909e+07 1129890010.8 1.08535e-05
1133509823.0 7.2 1133510689.6 1133511146.0 1133515927.3 1133513311.2 1133512264.7 1.94574e-05 1133510600 1133516000 38.2 72.8 1.220875e+07 1133514197.9 7.33161e-05
1133303117.1 7.1 1133304314.5 1133304523.5 1133312152.7 1133308280.3 1133306731.3 1.00583e-05 1133304300 1133312200 -47.6 85.1 1.807113e+07 1133308573.7 1.06788e-05
1129413139.6 7.1 1129413982.9 1129414432.8 1129419123.8 1129416559.1 1129415533.3 1.41365e-05 1129413900 1129419200 -14.9 167.3 1.196856e+07 1129417177.7 2.16213e-06
1133691725.5 6.9 1133692699.4 1133693087.9 1133699170.5 1133695979.8 1133694703.5 8.79525e-06 1133692600 1133699200 -4.1 129.5 1.488996e+07 1133696608.6 6.68101e-06
1131245196.8 6.9 1131245819.4 1131246178.7 1131248662.1 1131247177.0 1131246582.9 2.15783e-05 1131245800 1131248700 -29.5 -72.1 6.930480e+06 1131246012.2 1.17967e-06
1131242095.6 6.9 1131242717.9 1131243079.5 1131245561.4 1131244076.1 1131243481.9 2.14986e-05 1131242700 1131245600 -29.5 -72.0 6.931733e+06 1131244889.8 2.08980e-06
1131906681.6 6.8 1131907561.6 1131908012.5 1131912934.7 1131910254.8 1131909182.8 9.07474e-06 1131907500 1131913000 -8.9 158.4 1.250622e+07 1131911727.1 1.66434e-05
1130916720.9 6.8 1130917348.2 1130917860.4 1130920267.4 1130918747.4 1130918139.5 1.63272e-05 1130917300 1130920300 -30.9 -71.5 7.093013e+06 1130919296.1 2.52182e-06
1135897539.3 6.7 1135898467.8 1135898882.8 1135904472.5 1135901501.1 1135900312.6 6.01491e-06 1135898400 1135904500 24.8 93.7 1.386645e+07 1135902077.5 2.86740e-06
1132551935.4 6.7 1132552368.5 1132552636.0 1132554365.6 1132553324.1 1132552907.5 6.02143e-06 1132552300 1132554400 -9.2 -71.3 4.860311e+06 1132553018.9 1.28520e-06
1131483108.0 6.7 1131483968.8 1131484430.7 1131489118.1 1131486542.4 1131485512.1 7.86179e-06 1131483900 1131489200 31.0 128.9 1.202017e+07 1131487851.9 1.53960e-05
1134417010.0 6.6 1134417215.8 1134417380.2 1134417837.1 1134417482.6 1134417340.9 4.93759e-05 1134417200 1134417900 15.8 -93.6 1.654075e+06 1134417752.5 6.66980e-06
1131036439.2 6.6 1131037452.5 1131037826.0 1131044355.4 1131040962.7 1131039605.7 4.61602e-06 1131037400 1131044400 6.8 94.6 1.583246e+07 1131042452.0 1.39657e-06
1127145224.7 6.6 1127146183.2 1127146575.4 1127152470.6 1127149365.2 1127148123.1 5.06196e-06 1127146100 1127152500 -0.6 131.3 1.449176e+07 1127150571.4 1.03190e-06
1126892417.1 6.6 1126893051.0 1126893568.9 1126896009.2 1126894469.7 1126893853.9 1.12175e-05 1126893000 1126896100 -31.7 -71.4 7.184352e+06 1126895017.1 2.34171e-06
1136565502.9 6.5 1136566462.5 1136566855.3 1136572752.8 1136569645.7 1136568402.9 4.18465e-06 1136566400 1136572800 3.9 126.9 1.449977e+07 1136570826.6 1.57560e-06
1136565502.0 6.5 1136566461.6 1136566854.4 1136572751.8 1136569644.8 1136568401.9 4.18469e-06 1136566400 1136572800 3.9 126.9 1.449965e+07 1136570826.6 1.57560e-06
1131779424.3 6.5 1131780185.0 1131780707.4 1131784207.8 1131782157.7 1131781337.7 7.03926e-06 1131780100 1131784300 38.7 20.6 9.566948e+06 1131782362.7 2.53165e-06
1131120243.1 6.5 1131120863.5 1131121178.5 1131123697.7 1131122217.1 1131121624.9 1.02032e-05 1131120800 1131123700 51.6 -173.1 6.909256e+06 1131123189.5 4.96945e-06
1130643872.2 6.5 1130644873.9 1130645252.3 1130651663.6 1130648324.5 1130646988.8 3.73954e-06 1130644800 1130651700 -8.3 124.9 1.558292e+07 1130650862.2 1.67378e-06
1135648857.0 6.3 1135649850.3 1135650234.9 1135656522.9 1135653237.5 1135651923.3 2.58649e-06 1135649800 1135656600 -50.6 139.4 1.533173e+07 1135654527.9 5.00410e-07
1135106104.2 6.3 1135106954.7 1135107388.3 1135112280.3 1135109633.4 1135108574.6 1.73869e-06 1135106900 1135112300 36.5 71.1 1.235221e+07 1135109495.6 4.78059e-07
1127271095.8 6.3 1127271723.0 1127272235.0 1127274640.9 1127273121.6 1127272513.9 6.04413e-06 1127271700 1127274700 -30.8 -71.3 7.090181e+06 1127273670.9 6.01920e-07
1136567300.9 6.2 1136568060.6 1136568541.8 1136572393.1 1136570210.7 1136569337.8 1.46882e-06 1136568000 1136572400 44.5 141.1 1.018435e+07 1136570826.6 1.19187e-06
1135021460.1 6.2 1135022240.8 1135022750.2 1135026480.2 1135024328.7 1135023468.2 3.63395e-06 1135022200 1135026500 -55.8 -123.1 1.004014e+07 1135024701.2 4.19953e-07
1132693239.9 6.2 1132693831.7 1132694119.6 1132696484.3 1132695093.8 1132694537.7 5.70966e-06 1132693800 1132696500 -24.8 -70.6 6.488730e+06 1132695627.8 5.30507e-07
1130915088.4 6.2 1130915709.7 1130916043.7 1130918547.6 1130917065.1 1130916472.1 5.74173e-06 1130915700 1130918600 -29.5 -72.3 6.918362e+06 1130918023.6 2.39814e-06
1129599623.3 6.2 1129600528.5 1129600965.4 1129606187.2 1129603374.1 1129602248.9 2.56995e-06 1129600500 1129606200 -54.2 6.2 1.312771e+07 1129603697.9 2.02229e-07
1126702357.9 6.2 1126702996.9 1126703518.8 1126705972.0 1126704423.1 1126703803.5 5.34071e-06 1126702900 1126706000 -32.3 -72.1 7.228105e+06 1126705286.4 8.70682e-07
1126602661.7 6.2 1126603302.2 1126603825.2 1126606275.2 1126604726.6 1126604107.1 5.55515e-06 1126603300 1126606300 -32.4 -72.2 7.227000e+06 1126605407.2 2.92450e-07
1134672473.6 6.1 1134673460.2 1134673846.2 1134680063.6 1134676810.7 1134675509.6 1.66515e-06 1134673400 1134680100 3.6 117.6 1.517999e+07 1134677071.1 7.49478e-07
1133701098.8 6.1 1133701931.7 1133702410.1 1133706756.2 1133704331.6 1133703361.7 2.54769e-06 1133701900 1133706800 -16.7 175.2 1.131482e+07 1133704698.9 5.99367e-07
1132131990.5 6.1 1132132963.5 1132133343.6 1132139521.1 1132136293.7 1132135002.7 1.24889e-06 1132132900 1132139600 -7.1 129.9 1.506122e+07 1132136712.8 4.95028e-08
1128560324.2 6.1 1128561118.3 1128561619.9 1128565501.6 1128563282.7 1128562395.1 2.86531e-06 1128561100 1128565600 -54.5 -135.7 1.035478e+07 1128563683.8 1.42051e-07
1126849191.9 6.1 1126849824.9 1126850342.0 1126852770.7 1126851236.9 1126850623.4 4.19017e-06 1126849800 1126852800 -31.6 -71.7 7.157515e+06 1126851783.6 4.24249e-07
1126674424.5 6.1 1126675048.5 1126675435.7 1126677896.4 1126676408.4 1126675813.3 4.83261e-06 1126675000 1126677900 -29.6 -72.1 6.943757e+06 1126675894.6 3.93533e-07
1136021671.6 6.0 1136022466.0 1136022967.4 1136026851.5 1136024631.5 1136023743.6 2.31765e-06 1136022400 1136026900 -54.3 -136.3 1.035971e+07 1136025431.1 8.87035e-08
1136021671.0 6.0 1136022465.4 1136022966.8 1136026850.8 1136024630.9 1136023742.9 2.31767e-06 1136022400 1136026900 -54.3 -136.3 1.035964e+07 1136025431.1 8.87035e-08
1134526270.4 6.0 1134527128.7 1134527592.5 1134532245.5 1134529684.7 1134528660.4 1.90602e-06 1134527100 1134532300 -18.4 169.4 1.195027e+07 1134530012.7 5.82001e-07
1132406512.7 6.0 1132407307.3 1132407712.6 1132412471.4 1132409917.7 1132408896.2 1.11142e-07 1132407300 1132412500 18.8 145.3 1.191743e+07 1132411866.4 3.36454e-07
1129608275.1 6.0 1129609265.0 1129609650.7 1129615897.9 1129612631.0 1129611324.2 1.34197e-06 1129609200 1129615900 -45.8 37.2 1.524545e+07 1129612822.6 1.62699e-07
1129220332.5 6.0 1129221120.8 1129221625.5 1129225442.5 1129223252.5 1129222376.5 2.33711e-06 1129221100 1129225500 -16.2 -173.3 1.022002e+07 1129223925.2 9.24997e-07
1128836605.3 6.0 1128837339.7 1128837879.7 1128841105.5 1128839176.9 1128838405.4 2.76498e-06 1128837300 1128841200 48.9 156.2 9.000443e+06 1128839941.9 2.18770e-06
1126941197.5 6.0 1126941827.4 1126942342.0 1126944776.5 1126943242.7 1126942629.1 2.95220e-06 1126941800 1126944800 -31.4 -71.3 7.158006e+06 1126942567.9 1.93006e-07
1126627199.6 6.0 1126627684.4 1126628023.0 1126629627.1 1126628586.8 1126628170.6 5.99210e-06 1126627600 1126629700 15.3 -46.0 4.854970e+06 1126628992.2 2.04462e-06
1136627128.4 5.9 1136628191.1 1136628531.9 1136635662.3 1136632004.9 1136630542.0 8.88884e-07 1136628100 1136635700 -31.3 58.2 1.706767e+07 1136632790.6 7.81678e-08
1131727770.7 5.9 1131728508.9 1131729041.3 1131732346.8 1131730385.6 1131729601.2 1.93510e-06 1131728500 1131732400 48.3 154.2 9.152170e+06 1131731085.8 4.68808e-07
1129885789.0 5.9 1129886639.1 1129887072.8 1129891961.2 1129889316.0 1129888257.9 4.89682e-07 1129886600 1129892000 36.5 70.7 1.234441e+07 1129890010.8 1.08535e-05
1128098023.8 5.9 1128098648.7 1128099158.6 1128101538.8 1128100032.4 1128099429.8 2.73061e-06 1128098600 1128101600 -30.3 -71.5 7.030029e+06 1128100576.3 1.80157e-07
1127888832.8 5.9 1127889457.2 1127889966.7 1127892347.4 1127890841.1 1127890238.6 2.67123e-06 1127889400 1127892400 -30.3 -71.6 7.029178e+06 1127891244.6 1.23738e-07
1127489302.8 5.9 1127489878.1 1127490144.0 1127492571.9 1127491170.9 1127490610.4 1.07482e-06 1127489800 1127492600 -23.8 -66.6 6.538253e+06 1127490694.6 1.72693e-07
1127338852.4 5.9 1127339666.7 1127340156.1 1127344277.0 1127341952.2 1127341022.3 1.75054e-06 1127339600 1127344300 -57.1 -142.4 1.084929e+07 1127343890.5 3.36631e-08
1135995688.3 5.8 1135996542.9 1135997010.0 1136001605.4 1135999069.5 1135998055.2 1.27376e-06 1135996500 1136001700 30.6 132.7 1.183412e+07 1135999786.2 1.29556e-07
1135743756.6 5.8 1135744502.9 1135744936.4 1135749109.6 1135746815.4 1135745897.8 4.00093e-08 1135744500 1135749200 44.8 129.9 1.070597e+07 1135747855.8 3.72146e-08
1135695753.7 5.8 1135696581.0 1135697057.6 1135701386.7 1135698972.6 1135698006.9 1.14153e-06 1135696500 1135701400 -28.6 -177.3 1.126585e+07 1135699075.6 7.61294e-08
1135594635.1 5.8 1135594902.5 1135595123.4 1135595727.1 1135595259.1 1135595071.9 9.58357e-06 1135594900 1135595800 11.2 -86.6 2.184031e+06 1135595594.1 3.61734e-06
1135389118.5 5.8 1135390004.0 1135390448.1 1135395473.4 1135392749.9 1135391660.5 9.78367e-07 1135390000 1135395500 -6.2 154.8 1.270961e+07 1135393873.3 2.59032e-07
1135101502.0 5.8 1135102180.1 1135102737.1 1135105451.1 1135103758.6 1135103081.6 2.17190e-06 1135102100 1135105500 -40.7 -86.4 7.898294e+06 1135104011.8 2.53178e-07
1135033875.2 5.8 1135034847.5 1135035222.6 1135041450.3 1135038203.8 1135036905.2 4.28210e-07 1135034800 1135041500 -7.2 129.0 1.515032e+07 1135036773.6 2.91627e-08
1134924926.5 5.8 1134925812.6 1134926260.6 1134931250.1 1134928540.0 1134927455.9 1.11602e-06 1134925800 1134931300 -54.2 -1.5 1.264726e+07 1134928786.9 2.10712e-07
1134588322.6 5.8 1134588948.2 1134589458.9 1134591856.9 1134590342.2 1134589736.3 1.98108e-06 1134588900 1134591900 -30.6 -71.3 7.068674e+06 1134589674.1 9.24544e-08
1133024922.1 5.8 1133025720.2 1133026219.3 1133030146.8 1133027907.7 1133027012.0 1.47690e-06 1133025700 1133030200 -14.9 -176.6 1.044943e+07 1133029769.6 5.88602e-07
1132858386.5 5.8 1132858988.6 1132859276.9 1132861686.2 1132860272.0 1132859706.4 2.73001e-06 1132858900 1132861700 -23.6 -64.7 6.599382e+06 1132861349.3 2.96063e-07
1132182347.7 5.8 1132182974.8 1132183486.6 1132185873.4 1132184362.3 1132183757.9 2.26901e-06 1132182900 1132185900 -30.6 -71.8 7.051457e+06 1132184892.7 8.49410e-08
1132032729.5 5.8 1132033570.7 1132034043.4 1132038499.2 1132036026.5 1132035037.4 1.24789e-06 1132033500 1132038500 26.4 142.6 1.153940e+07 1132036714.5 3.74655e-07
1131669590.5 5.8 1131669803.0 1131669970.6 1131670424.7 1131670067.2 1131669924.2 1.40173e-05 1131669800 1131670500 17.8 -81.8 1.668272e+06 1131670436.0 1.61517e-06
1131320196.2 5.8 1131321167.9 1131321542.3 1131327774.5 1131324526.6 1131323227.5 4.09723e-07 1131321100 1131327800 -7.2 128.9 1.515657e+07 1131324969.9 2.75599e-08
1130487350.5 5.8 1130487972.5 1130488326.9 1130490814.7 1130489330.0 1130488736.2 2.53238e-06 1130487900 1130490900 51.6 -173.3 6.928271e+06 1130490019.5 6.03256e-07
1130426194.5 5.8 1130426772.9 1130427054.0 1130429398.5 1130428025.3 1130427476.1 1.52340e-06 1130426700 1130429400 -23.2 -68.4 6.407981e+06 1130427614.4 8.17002e-08
1130100417.3 5.8 1130101255.5 1130101707.3 1130106344.3 1130103804.2 1130102788.1 5.45034e-07 1130101200 1130106400 -11.0 166.4 1.185391e+07 1130101275.4 4.63222e-07
1129820354.7 5.8 1129821188.9 1129821666.6 1129826028.3 1129823596.7 1129822624.1 1.31113e-06 1129821100 1129826100 -29.3 -177.8 1.134716e+07 1129824227.1 1.48769e-07
1129673019.8 5.8 1129673960.0 1129674377.5 1129680015.7 1129677017.5 1129675818.2 9.67622e-07 1129673900 1129680100 -2.2 138.3 1.399170e+07 1129677518.1 2.40503e-07
1129297858.6 5.8 1129298789.1 1129299194.2 1129304891.2 1129301877.3 1129300671.7 5.22201e-07 1129298700 1129304900 13.9 120.6 1.406522e+07 1129303488.6 5.80688e-08
1129116806.0 5.8 1129117419.2 1129117702.5 1129120204.3 1129118747.9 1129118165.3 2.53217e-06 1129117400 1129120300 -25.5 -64.5 6.796717e+06 1129119558.8 3.65234e-07
1127887439.1 5.8 1127888107.2 1127888655.2 1127891304.0 1127889647.6 1127888985.0 2.17316e-06 1127888100 1127891400 -37.5 -73.7 7.729828e+06 1127891244.6 1.83905e-07
1127145433.2 5.8 1127146305.9 1127146758.1 1127151620.3 1127148968.7 1127147908.0 1.04718e-06 1127146300 1127151700 -10.2 160.5 1.237435e+07 1127150571.4 9.63676e-07
1136250738.0 5.7 1136251366.4 1136251879.2 1136254270.4 1136252756.5 1136252151.0 1.84329e-06 1136251300 1136254300 -30.7 -71.6 7.064685e+06 1136251365.2 6.34081e-08
1136066407.2 5.7 1136067241.1 1136067692.4 1136072306.6 1136069778.2 1136068766.9 3.49166e-07 1136067200 1136072400 22.1 143.6 1.179880e+07 1136068493.1 1.49506e-07
1135695753.0 5.7 1135696580.2 1135697056.8 1135701385.9 1135698971.8 1135698006.2 8.88808e-07 1135696500 1135701400 -28.6 -177.3 1.126588e+07 1135699075.6 7.61294e-08
1134747861.8 5.7 1134748738.1 1134749164.6 1134754296.6 1134751538.8 1134750435.7 2.96700e-07 1134748700 1134754300 -4.4 152.0 1.286951e+07 1134753864.1 3.87847e-07
1134572633.0 5.7 1134573688.0 1134574030.2 1134581105.4 1134577474.4 1134576022.0 4.81649e-07 1134573600 1134581200 -8.4 107.0 1.694484e+07 1134578580.9 8.65025e-08
1133784331.7 5.7 1133785178.3 1133785648.8 1133790159.6 1133787661.9 1133786662.9 9.97739e-07 1133785100 1133790200 -58.9 -23.9 1.165567e+07 1133788159.1 1.71188e-07
1133564032.1 5.7 1133564254.7 1133564434.7 1133564933.5 1133564547.2 1133564392.7 6.23395e-06 1133564200 1133565000 14.2 -90.9 1.802792e+06 1133564936.0 6.86882e-07
1132513078.6 5.7 1132514044.7 1132514433.2 1132520448.6 1132517290.0 1132516026.6 5.84835e-07 1132514000 1132520500 1.4 126.3 1.474005e+07 1132518020.7 6.49747e-08
1132251381.7 5.7 1132252244.8 1132252689.1 1132257564.7 1132254914.9 1132253854.9 4.79765e-07 1132252200 1132257600 36.4 71.4 1.236605e+07 1132254669.5 5.97649e-08
1131564038.4 5.7 1131564898.0 1131565361.0 1131570029.3 1131567461.8 1131566434.8 9.56424e-07 1131564800 1131570100 31.4 128.8 1.198186e+07 1131568624.0 5.91185e-07
1131017611.6 5.7 1131018231.0 1131018538.2 1131021064.5 1131019584.7 1131018992.7 1.95389e-06 1131018200 1131021100 51.5 -173.0 6.905800e+06 1131020433.2 6.41032e-07
1131010514.3 5.7 1131011542.2 1131011894.7 1131018712.5 1131015199.0 1131013793.6 3.80572e-07 1131011500 1131018800 0.8 98.9 1.639647e+07 1131017609.0 7.21687e-07
1131005634.4 5.7 1131006165.9 1131006457.8 1131008515.9 1131007281.0 1131006787.0 9.33003e-07 1131006100 1131008600 -17.3 -69.4 5.763149e+06 1131008196.8 2.98684e-08
1130928841.2 5.7 1130929468.0 1130929979.8 1130932380.4 1130930863.6 1130930256.8 1.62213e-06 1130929400 1130932400 -30.7 -71.4 7.078403e+06 1130930480.7 2.42483e-07
1130621119.0 5.7 1130622122.1 1130622501.9 1130628907.2 1130625569.4 1130624234.3 6.25473e-07 1130622100 1130629000 -8.3 124.9 1.557637e+07 1130627874.9 5.78028e-08
1129368565.8 5.7 1129369377.5 1129369816.7 1129374391.9 1129371895.0 1129370896.2 1.28678e-07 1129369300 1129374400 27.1 140.2 1.165223e+07 1129372968.2 3.32274e-08
1128101771.9 5.7 1128102406.8 1128102926.4 1128105425.5 1128103859.6 1128103233.3 1.10625e-06 1128102400 1128105500 51.9 -179.3 7.307216e+06 1128102486.6 3.06934e-07
1127664429.3 5.7 1127665249.8 1127665718.7 1127670076.6 1127667656.3 1127666688.2 5.55120e-07 1127665200 1127670100 -56.2 -27.7 1.129455e+07 1127670036.0 6.70711e-07
1127137755.5 5.7 1127138172.9 1127138509.7 1127139733.4 1127138885.7 1127138546.6 4.22396e-06 1127138100 1127139800 50.8 -130.2 3.955798e+06 1127139314.4 4.99593e-06
1126688846.5 5.7 1126689477.2 1126689992.0 1126692402.5 1126690878.5 1126690268.9 1.77697e-06 1126689400 1126692500 -31.1 -71.6 7.111992e+06 1126691414.7 1.30197e-07
1136463139.4 5.6 1136463965.9 1136464449.4 1136468703.9 1136466319.1 1136465365.2 8.83373e-07 1136463900 1136468800 -57.7 -147.9 1.112908e+07 1136467857.1 5.97585e-08
1135320946.9 5.6 1135321312.6 1135321608.9 1135322686.2 1135321940.8 1135321642.6 1.34881e-06 1135321300 1135322700 14.7 -61.3 3.478720e+06 1135322328.3 2.71096e-07
1133614584.4 5.6 1133615213.4 1133615726.7 1133618122.7 1133616606.3 1133615999.7 1.44995e-06 1133615200 1133618200 -30.8 -71.8 7.076580e+06 1133617131.6 4.75860e-08
1133456986.3 5.6 1133457741.0 1133458175.2 1133462400.5 1133460080.1 1133459152.0 1.32095e-08 1133457700 1133462500 -18.2 -178.7 1.082825e+07 1133460090.7 2.18306e-08
1132724697.1 5.6 1132725324.9 1132725836.7 1132728206.2 1132726702.3 1132726100.7 1.64886e-06 1132725300 1132728300 -30.4 -72.2 7.018222e+06 1132726061.3 1.14985e-07
1132714284.8 5.6 1132715055.1 1132715559.9 1132719269.7 1132717133.4 1132716278.8 6.28958e-07 1132715000 1132719300 43.4 146.4 9.969830e+06 1132715805.4 4.42323e-08
1132660004.2 5.6 1132660243.4 1132660437.0 1132660972.4 1132660557.5 1132660391.5 5.72797e-06 1132660200 1132661000 13.1 -88.9 1.936523e+06 1132660826.3 6.82720e-07
1132346498.5 5.6 1132346713.1 1132346883.3 1132347354.4 1132346987.6 1132346840.9 7.57294e-06 1132346700 1132347400 17.0 -98.9 1.711900e+06 1132347242.2 7.34947e-07
1131816593.3 5.6 1131817451.7 1131817913.6 1131822586.0 1131820017.7 1131818990.4 7.04304e-07 1131817400 1131822600 40.4 73.2 1.198551e+07 1131820905.1 2.51961e-07
1131429874.2 5.6 1131430512.2 1131431033.5 1131433491.6 1131431941.3 1131431321.1 1.38471e-06 1131430500 1131433500 -29.8 -64.5 7.234772e+06 1131432730.0 1.57368e-07
1131258410.7 5.6 1131258890.4 1131259231.5 1131260803.3 1131259777.9 1131259367.8 2.72322e-06 1131258800 1131260900 -9.1 -108.6 4.785225e+06 1131260271.8 1.45855e-07
1131236834.8 5.6 1131237718.5 1131238167.2 1131243134.7 1131240434.7 1131239354.7 6.75621e-07 1131237700 1131243200 6.2 147.6 1.259981e+07 1131243052.0 1.66183e-06
1131045304.4 5.6 1131046317.2 1131046691.1 1131053213.8 1131049824.0 1131048468.2 4.69641e-07 1131046300 1131053300 7.0 94.5 1.581864e+07 1131052319.4 1.05563e-07
1131014794.4 5.6 1131015414.3 1131015714.7 1131018245.6 1131016766.5 1131016174.9 1.60942e-06 1131015400 1131018300 51.5 -172.9 6.902263e+06 1131017609.0 5.84514e-07
1130651565.4 5.6 1130652466.8 1130652906.1 1130658080.7 1130655288.4 1130654171.5 6.54571e-07 1130652400 1130658100 -3.5 149.7 1.303065e+07 1130652500.6 4.68029e-07
1129595276.6 5.6 1129596178.8 1129596617.4 1129601804.2 1129599006.6 1129597887.6 6.47458e-07 1129596100 1129601900 29.6 70.3 1.305531e+07 1129599999.3 3.14192e-07
1129408409.1 5.6 1129409189.4 1129409699.7 1129413418.7 1129411271.7 1129410412.9 9.97314e-07 1129409100 1129413500 -57.4 -65.9 1.001927e+07 1129412059.8 8.56208e-08
1129139556.9 5.6 1129140248.3 1129140816.2 1129143629.4 1129141884.0 1129141185.9 1.33893e-06 1129140200 1129143700 -42.7 -82.5 8.144822e+06 1129142051.8 1.69686e-07
1129012723.2 5.6 1129013396.8 1129013927.6 1129016925.0 1129015124.2 1129014403.9 1.49312e-07 1129013300 1129017000 55.6 159.2 8.403557e+06 1129015837.1 7.45651e-08
1128672318.6 5.6 1128673191.7 1128673644.4 1128678503.7 1128675853.0 1128674792.7 6.48788e-07 1128673100 1128678600 -40.6 176.3 1.237029e+07 1128676485.3 2.18828e-07
1128654936.2 5.6 1128655567.9 1128656083.6 1128658493.2 1128656968.7 1128656359.0 1.48513e-06 1128655500 1128658500 -31.2 -71.8 7.113985e+06 1128658154.1 5.07694e-08
1126900585.7 5.6 1126901220.4 1126901738.9 1126904176.8 1126902637.8 1126902022.1 1.38394e-06 1126901200 1126904200 -31.8 -71.6 7.182268e+06 1126902465.0 1.86585e-07
1126703354.8 5.6 1126703983.5 1126704496.1 1126706871.4 1126705364.3 1126704761.4 1.64406e-06 1126703900 1126706900 -30.5 -72.2 7.033354e+06 1126705286.4 8.00640e-07
1126599514.9 5.6 1126600154.6 1126600676.9 1126603119.0 1126601574.4 1126600956.5 1.64005e-06 1126600100 1126603200 -32.2 -72.4 7.208374e+06 1126602383.7 9.11493e-08
1133998391.9 5.5 1133999071.6 1133999630.1 1134002356.0 1134000657.1 1133999977.5 1.10773e-06 1133999000 1134002400 -41.1 -90.1 7.928294e+06 1134000897.8 1.36258e-07
1133741389.8 5.5 1133742049.8 1133742590.4 1133745175.8 1133743553.2 1133742904.2 1.18374e-06 1133742000 1133745200 -35.9 -73.3 7.571963e+06 1133744109.2 6.33810e-08
1133512273.7 5.5 1133513126.8 1133513591.0 1133518207.5 1133515664.4 1133514647.2 5.35680e-07 1133513100 1133518300 41.7 74.6 1.186746e+07 1133514197.9 7.25786e-05
1133509888.4 5.5 1133510518.9 1133511034.0 1133513465.1 1133511932.2 1133511319.1 9.07494e-07 1133510500 1133513500 -31.4 -71.3 7.153303e+06 1133513097.6 1.91589e-05
1132949962.3 5.5 1132951011.5 1132951361.6 1132958328.2 1132954742.8 1132953308.6 3.21359e-07 1132951000 1132958400 -8.8 67.7 1.673188e+07 1132951074.5 3.09867e-08
1132858598.6 5.5 1132859200.5 1132859489.1 1132861895.7 1132860482.7 1132859917.5 1.43829e-06 1132859200 1132861900 -23.5 -64.6 6.594234e+06 1132861349.3 2.76606e-07
1132433119.3 5.5 1132433823.4 1132434385.6 1132437312.3 1132435515.3 1132434796.5 1.02026e-06 1132433800 1132437400 -0.1 -17.8 8.386023e+06 1132435873.9 9.74016e-08
1131277540.9 5.5 1131278582.7 1131278923.3 1131285933.8 1131282336.8 1131280898.0 1.68311e-07 1131278500 1131286000 -8.9 110.2 1.678574e+07 1131279910.4 4.63538e-07
1131091983.0 5.5 1131092998.1 1131093370.5 1131099922.0 1131096519.6 1131095158.6 3.54891e-07 1131092900 1131100000 6.4 94.8 1.587788e+07 1131097588.9 2.08825e-07
1131014538.6 5.5 1131015552.1 1131015926.0 1131022453.6 1131019061.5 1131017704.6 3.63220e-07 1131015500 1131022500 6.9 94.5 1.583008e+07 1131020433.2 7.53866e-07
1130960430.5 5.5 1130961361.2 1130961778.1 1130967363.7 1130964392.4 1130963203.8 3.58261e-07 1130961300 1130967400 16.5 119.8 1.386639e+07 1130966804.5 5.70578e-08
1130776375.8 5.5 1130777273.1 1130777714.7 1130782840.2 1130780069.8 1130778961.6 5.12863e-07 1130777200 1130782900 -3.7 150.9 1.292900e+07 1130780771.1 9.95704e-08
1130447397.8 5.5 1130448305.5 1130448741.8 1130453986.2 1130451162.6 1130450033.1 5.09589e-07 1130448300 1130454000 22.8 121.7 1.317686e+07 1130452539.6 8.28203e-08
1129743096.4 5.5 1129743902.0 1129744343.1 1129748858.6 1129746389.0 1129745401.2 4.33439e-08 1129743900 1129748900 -30.2 -179.3 1.152436e+07 1129745480.1 5.61404e-08
1128502582.4 5.5 1128503439.2 1128503903.8 1128508538.1 1128505985.7 1128504964.7 5.89055e-07 1128503400 1128508600 -60.7 -20.8 1.191145e+07 1128504607.7 6.05085e-07
1128450473.7 5.5 1128451107.0 1128451624.4 1128454060.8 1128452523.5 1128451908.5 1.02660e-06 1128451100 1128454100 -31.7 -71.7 7.174326e+06 1128453054.2 3.50767e-08
1127965806.5 5.5 1127966434.6 1127966946.7 1127969313.2 1127967810.3 1127967209.2 1.36821e-06 1127966400 1127969400 -30.3 -72.1 7.013540e+06 1127967163.2 7.77008e-08
1127357790.7 5.5 1127358762.1 1127359139.2 1127365337.0 1127362102.9 1127360809.2 1.66473e-07 1127358700 1127365400 -7.2 129.6 1.509246e+07 1127360298.6 3.63700e-08
1127326661.9 5.5 1127327563.5 1127328004.2 1127333164.5 1127330377.7 1127329262.9 5.40171e-07 1127327500 1127333200 -6.3 151.7 1.300532e+07 1127330971.2 4.61014e-08
1127323423.8 5.5 1127324332.6 1127324673.3 1127330731.2 1127327599.5 1127326346.8 4.88139e-09 1127324300 1127330800 5.3 123.8 1.461478e+07 1127330698.2 2.91161e-08
1126895830.5 5.5 1126896460.6 1126896974.8 1126899380.2 1126897858.9 1126897250.4 1.11812e-06 1126896400 1126899400 -31.0 -71.8 7.099413e+06 1126896537.3 4.71542e-07
1136383974.1 5.4 1136384842.5 1136385297.6 1136390102.3 1136387475.9 1136386425.4 3.78067e-07 1136384800 1136390200 27.9 129.6 1.225632e+07 1136388132.1 6.84221e-08
1136326908.4 5.4 1136327930.3 1136328285.7 1136335039.6 1136331554.8 1136330160.9 1.34801e-07 1136327900 1136335100 -9.4 117.7 1.626227e+07 1136331034.0 2.49042e-07
1135632595.9 5.4 1135633430.2 1135633904.0 1135638305.2 1135635858.3 1135634879.6 4.11839e-07 1135633400 1135638400 -30.4 -178.0 1.141859e+07 1135635967.7 1.46969e-08
1135140212.2 5.4 1135141418.2 1135141629.6 1135149543.0 1135145544.1 1135143944.5 1.91430e-07 1135141400 1135149600 -42.0 84.6 1.866169e+07 1135146093.7 2.71213e-08
1134512233.5 5.4 1134513146.8 1134513579.3 1134518896.9 1134516041.2 1134514898.9 3.71686e-07 1134513100 1134518900 29.4 81.7 1.332676e+07 1134517059.4 6.23797e-08
1134474425.3 5.4 1134475142.7 1134475695.2 1134478749.2 1134476896.1 1134476154.8 7.66691e-07 1134475100 1134478800 -1.3 -15.8 8.647814e+06 1134476932.8 1.10458e-07
1134423116.6 5.4 1134423830.3 1134424305.8 1134427914.4 1134425858.2 1134425035.7 9.17382e-09 1134423800 1134428000 48.0 146.9 9.595538e+06 1134424141.7 1.29968e-07
1134024146.1 5.4 1134025119.4 1134025500.1 1134031670.9 1134028446.0 1134027156.0 1.53439e-07 1134025100 1134031700 -6.9 129.9 1.504944e+07 1134025918.2 4.76051e-08
1133705658.4 5.4 1133706633.6 1133707023.6 1133713097.6 1133709909.4 1133708634.1 3.02604e-07 1133706600 1133713100 -4.1 129.6 1.487840e+07 1133706910.8 9.59561e-08
1133517915.3 5.4 1133518780.8 1133519238.3 1133524000.8 1133521392.8 1133520349.5 3.96657e-07 1133518700 1133524100 38.6 73.2 1.217106e+07 1133518776.8 1.43892e-06
1133488045.5 5.4 1133488877.2 1133489351.5 1133493731.7 1133491294.8 1133490320.0 3.94082e-07 1133488800 1133493800 -30.1 -177.6 1.137249e+07 1133489998.7 3.98828e-08
1133466712.5 5.4 1133467570.7 1133468028.6 1133472740.7 1133470157.1 1133469123.7 3.34466e-07 1133467500 1133472800 -10.6 164.1 1.205637e+07 1133470657.3 5.21943e-08
1133238367.8 5.4 1133239215.3 1133239685.3 1133244207.6 1133241704.9 1133240703.8 4.69597e-07 1133239200 1133244300 21.5 145.7 1.167960e+07 1133242327.3 6.98858e-08
1133134046.9 5.4 1133134858.1 1133135349.3 1133139432.7 1133137124.5 1133136201.2 5.38760e-07 1133134800 1133139500 39.3 40.3 1.077171e+07 1133137426.8 9.79318e-08
1132785187.3 5.4 1132786145.3 1132786536.8 1132792439.1 1132789331.2 1132788088.0 2.77236e-07 1132786100 1132792500 3.8 126.9 1.450347e+07 1132786207.4 4.58218e-08
1132757256.0 5.4 1132758305.4 1132758646.6 1132765697.9 1132762079.9 1132760632.7 1.56998e-07 1132758300 1132765700 -7.1 106.0 1.688376e+07 1132761648.6 5.48836e-08
1132751515.8 5.4 1132752457.4 1132752873.7 1132758532.9 1132755525.6 1132754322.7 3.37900e-07 1132752400 1132758600 15.2 59.5 1.403415e+07 1132756395.8 4.30803e-08
1132521455.5 5.4 1132522312.8 1132522776.7 1132527422.7 1132524865.3 1132523842.4 4.43558e-07 1132522300 1132527500 31.9 49.5 1.193444e+07 1132525403.7 9.81394e-08
1132368395.3 5.4 1132369212.0 1132369699.9 1132373849.6 1132371512.0 1132370577.0 5.27474e-07 1132369200 1132373900 -24.8 -175.6 1.090869e+07 1132372013.8 1.48623e-07
1131452514.0 5.4 1131453368.2 1131453833.0 1131458449.9 1131455905.9 1131454888.4 4.30353e-07 1131453300 1131458500 17.3 147.2 1.187172e+07 1131456709.1 8.47512e-08
1130834664.5 5.4 1130835291.0 1130835775.2 1130838160.1 1130836662.0 1130836062.8 1.06953e-06 1130835200 1130838200 -30.1 -72.3 6.991065e+06 1130836366.4 2.94513e-08
1130384944.5 5.4 1130385733.9 1130386230.7 1130390129.5 1130387907.3 1130387018.5 3.98680e-07 1130385700 1130390200 41.6 142.0 1.037012e+07 1130385772.0 4.17731e-08
1129979115.4 5.4 1129980185.4 1129980520.9 1129987741.1 1129984044.4 1129982565.7 2.25683e-07 1129980100 1129987800 -16.6 66.5 1.725140e+07 1129986527.6 4.09589e-07
1129336631.5 5.4 1129337501.1 1129337945.8 1129342860.9 1129340191.1 1129339123.2 2.14796e-07 1129337500 1129342900 12.9 143.9 1.245891e+07 1129341781.1 2.99094e-08
1129149910.9 5.4 1129150798.1 1129151237.4 1129156319.5 1129153573.0 1129152474.3 2.66940e-07 1129150700 1129156400 -5.1 152.9 1.281720e+07 1129154071.1 2.21296e-07
1128938865.1 5.4 1128939266.2 1128939590.3 1128940798.9 1128939970.2 1128939638.7 9.92395e-07 1128939200 1128940800 -2.5 -78.8 3.867573e+06 1128940489.3 4.08163e-08
1128220238.6 5.4 1128220664.6 1128221008.2 1128222272.5 1128221400.8 1128221052.1 2.19443e-06 1128220600 1128222300 -3.9 -104.1 4.067809e+06 1128222085.9 6.21550e-08
1127900655.5 5.4 1127901857.7 1127902069.6 1127909736.9 1127905844.9 1127904288.1 2.02763e-07 1127901800 1127909800 -26.2 70.8 1.816282e+07 1127903832.7 5.89293e-08
1127774987.6 5.4 1127775768.1 1127776262.5 1127780126.9 1127777924.3 1127777043.3 2.61083e-07 1127775700 1127780200 -16.3 -173.9 1.027865e+07 1127777517.1 4.36076e-08
1127669171.2 5.4 1127669389.5 1127669563.3 1127670044.7 1127669670.4 1127669520.6 4.41052e-06 1127669300 1127670100 18.0 -101.3 1.747102e+06 1127670036.0 4.83856e-07
1127604067.8 5.4 1127605000.2 1127605419.7 1127610989.9 1127608023.3 1127606836.6 3.17183e-07 1127605000 1127611000 -2.6 140.2 1.384434e+07 1127608357.1 3.19308e-08
1127436160.6 5.4 1127436631.9 1127436977.2 1127438496.5 1127437495.4 1127437094.9 1.83431e-06 1127436600 1127438500 20.1 -45.5 4.671808e+06 1127437647.6 2.03548e-07
1127435571.5 5.4 1127436040.9 1127436387.2 1127437893.9 1127436898.6 1127436500.5 1.84857e-06 1127436000 1127437900 20.3 -45.7 4.644723e+06 1127437647.6 2.97101e-07
1127423102.0 5.4 1127423734.8 1127424251.7 1127426686.3 1127425150.2 1127424535.7 7.79728e-07 1127423700 1127426700 -31.7 -71.7 7.168590e+06 1127425482.8 1.10436e-07
1127272864.6 5.4 1127273728.5 1127274187.9 1127278921.0 1127276325.4 1127275287.2 4.18192e-07 1127273700 1127279000 -21.0 169.0 1.211277e+07 1127273776.1 7.45999e-07
1127060334.9 5.4 1127061391.1 1127061736.1 1127068790.0 1127065166.4 1127063717.0 2.32144e-07 1127061300 1127068800 -6.0 103.6 1.691012e+07 1127066483.3 2.49259e-08
1126885045.0 5.4 1126885675.2 1126886189.5 1126888594.0 1126887073.0 1126886464.6 8.84353e-07 1126885600 1126888600 -31.0 -71.8 7.097894e+06 1126887794.7 3.23556e-08
1126686701.6 5.4 1126687327.9 1126687805.0 1126690195.4 1126688698.1 1126688099.1 1.07550e-06 1126687300 1126690200 -30.1 -72.2 6.987526e+06 1126690131.1 9.22396e-08
1136586013.3 5.3 1136586786.0 1136587208.8 1136591658.8 1136589239.3 1136588271.5 9.52335e-10 1136586700 1136591700 -23.1 179.1 1.129107e+07 1136590164.2 3.99347e-08
1136325308.3 5.3 1136325569.3 1136325782.9 1136326360.7 1136325909.7 1136325729.3 3.98363e-06 1136325500 1136326400 18.8 -107.2 2.104719e+06 1136326273.6 1.79717e-07
1136121552.5 5.3 1136121772.6 1136121946.8 1136122420.7 1136122048.6 1136121899.8 4.98669e-06 1136121700 1136122500 15.4 -95.2 1.736301e+06 1136122436.0 1.23521e-07
1136091553.1 5.3 1136092347.6 1136092848.0 1136096742.3 1136094518.3 1136093628.8 4.22946e-07 1136092300 1136096800 -54.2 -136.9 1.037845e+07 1136094458.4 3.45347e-08
1135264806.1 5.3 1135265449.5 1135265975.2 1135268447.5 1135266886.9 1135266262.7 7.82097e-07 1135265400 1135268500 -33.0 -108.8 7.282864e+06 1135268063.3 6.63849e-08
1134944915.5 5.3 1134945708.5 1134946210.7 1134950079.5 1134947866.3 1134946981.1 4.45360e-07 1134945700 1134950100 -17.3 -173.7 1.032801e+07 1134946806.9 6.54203e-08
1134391460.1 5.3 1134392380.6 1134392797.7 1134398313.3 1134395376.2 1134394201.4 1.37526e-07 1134392300 1134398400 17.8 120.6 1.370631e+07 1134395947.1 3.72140e-08
1134333534.1 5.3 1134334332.6 1134334825.6 1134338815.0 1134336551.8 1134335646.5 3.17049e-07 1134334300 1134338900 -19.6 -174.9 1.056188e+07 1134334573.9 3.22746e-08
1134092775.8 5.3 1134093751.3 1134094141.2 1134100218.0 1134097028.5 1134095752.7 2.25725e-07 1134093700 1134100300 -4.1 129.5 1.488437e+07 1134095590.9 4.93850e-08
1134006754.7 5.3 1134007499.9 1134008023.2 1134011435.4 1134009429.4 1134008627.0 3.13850e-07 1134007400 1134011500 46.7 152.6 9.361403e+06 1134010001.6 3.43707e-08
1134006442.4 5.3 1134007402.1 1134007795.4 1134013687.6 1134010582.5 1134009340.4 2.38207e-07 1134007400 1134013700 3.5 127.4 1.449046e+07 1134010001.6 3.97729e-08
1133733179.2 5.3 1133734217.6 1133734575.0 1133741409.1 1133737882.0 1133736471.2 1.83277e-07 1133734200 1133741500 -37.7 51.3 1.645988e+07 1133735495.1 4.33619e-08
1133703193.1 5.3 1133703951.6 1133704405.8 1133708482.0 1133706215.3 1133705308.7 5.66080e-09 1133703900 1133708500 -15.2 -177.8 1.057781e+07 1133704698.9 6.01463e-07
1133699968.2 5.3 1133700940.8 1133701329.1 1133707403.0 1133704216.7 1133702942.2 1.93075e-07 1133700900 1133707500 -4.1 129.7 1.486957e+07 1133704698.9 6.16633e-07
1133510367.0 5.3 1133511232.0 1133511690.2 1133516443.3 1133513839.2 1133512797.5 3.05625e-07 1133511200 1133516500 38.7 72.8 1.215276e+07 1133514197.9 7.22761e-05
1133409805.2 5.3 1133410694.8 1133411140.5 1133416174.2 1133413444.6 1133412352.8 3.01889e-07 1133410600 1133416200 -7.2 155.0 1.273812e+07 1133412131.1 2.26895e-08
1133316617.7 5.3 1133317219.4 1133317507.8 1133319915.2 1133318501.9 1133317936.7 8.91449e-07 1133317200 1133320000 -23.5 -64.6 6.594998e+06 1133317406.9 8.78645e-08
1133191765.5 5.3 1133192655.0 1133193077.0 1133198340.7 1133195522.8 1133194395.6 6.53367e-08 1133192600 1133198400 -5.7 149.8 1.315048e+07 1133195093.6 3.31514e-08
1133086126.0 5.3 1133087008.5 1133087449.6 1133092484.7 1133089759.5 1133088669.5 1.84265e-07 1133087000 1133092500 -6.2 154.7 1.271734e+07 1133089659.4 5.68173e-08
1132929941.3 5.3 1132930522.4 1132930792.2 1132933223.9 1132931817.1 1132931254.3 1.40703e-07 1132930500 1132933300 -24.3 -67.2 6.565056e+06 1132933145.2 1.64261e-08
1132170352.4 5.3 1132171143.1 1132171646.7 1132175487.6 1132173286.8 1132172406.5 4.49673e-07 1132171100 1132175500 -18.1 -172.6 1.027037e+07 1132174767.9 6.75896e-08
1131555228.3 5.3 1131556241.8 1131556615.2 1131563146.0 1131559752.7 1131558395.4 1.98813e-07 1131556200 1131563200 6.8 94.5 1.583527e+07 1131557503.9 4.02125e-08
1131513952.5 5.3 1131514542.8 1131514835.7 1131517156.7 1131515783.5 1131515234.2 9.46027e-07 1131514500 1131517200 7.2 -34.3 6.408329e+06 1131515903.8 1.02886e-07
1131293524.3 5.3 1131294366.3 1131294830.0 1131299378.6 1131296869.6 1131295866.0 2.08152e-07 1131294300 1131299400 22.0 144.9 1.170848e+07 1131296884.8 3.41466e-08
1131212920.1 5.3 1131213491.3 1131213775.4 1131216066.1 1131214717.8 1131214178.5 3.24356e-07 1131213400 1131216100 -22.2 -68.7 6.292062e+06 1131214553.9 2.91704e-08
1131084751.0 5.3 1131085765.3 1131086137.8 1131092683.3 1131089283.7 1131087923.9 1.94085e-07 1131085700 1131092700 6.5 94.9 1.586461e+07 1131085905.6 4.98611e-08
1131079604.9 5.3 1131080185.1 1131080467.1 1131082815.3 1131081439.4 1131080889.0 3.45304e-07 1131080100 1131082900 -23.6 -68.9 6.420835e+06 1131081742.1 5.38447e-08
1130925991.8 5.3 1130926788.2 1130927288.3 1130931197.2 1130928966.3 1130928073.9 4.39288e-07 1130926700 1130931200 -18.2 -174.1 1.041091e+07 1130926865.7 3.26077e-07
1130914727.3 5.3 1130915081.5 1130915369.2 1130916308.6 1130915630.9 1130915359.8 2.30284e-06 1130915000 1130916400 8.5 -71.4 3.162627e+06 1130916336.0 4.62933e-07
1130807413.5 5.3 1130808017.5 1130808303.7 1130810738.8 1130809313.7 1130808743.6 8.12631e-07 1130808000 1130810800 52.3 -169.4 6.650569e+06 1130810027.2 1.88318e-07
1130659950.9 5.3 1130660985.6 1130661341.1 1130668172.1 1130664648.7 1130663239.4 1.49053e-07 1130660900 1130668200 0.6 98.0 1.644247e+07 1130665605.4 7.10783e-08
1130644279.6 5.3 1130645282.7 1130645662.6 1130652067.1 1130648729.6 1130647394.6 2.05759e-07 1130645200 1130652100 -8.2 124.9 1.557499e+07 1130650862.2 1.62086e-06
1130488292.3 5.3 1130488914.5 1130489261.8 1130491754.7 1130490270.8 1130489677.3 8.43765e-07 1130488900 1130491800 51.6 -173.3 6.924649e+06 1130490019.5 4.70351e-07
1130391748.5 5.3 1130392616.3 1130393065.9 1130397921.9 1130395276.1 1130394217.8 1.96316e-07 1130392600 1130398000 -39.4 175.9 1.234685e+07 1130395795.1 3.78846e-08
1130301852.8 5.3 1130302854.8 1130303226.6 1130309704.1 1130306339.2 1130304993.3 1.24825e-07 1130302800 1130309800 -9.1 124.1 1.570247e+07 1130304094.2 8.26767e-08
1130122185.0 5.3 1130122828.2 1130123355.2 1130125913.0 1130124315.3 1130123676.2 2.98633e-07 1130122800 1130126000 51.8 178.5 7.456060e+06 1130125186.8 2.31567e-08
1129983338.3 5.3 1129984409.1 1129984744.1 1129991975.0 1129988273.6 1129986793.0 1.65206e-07 1129984400 1129992000 -16.3 67.1 1.727340e+07 1129989541.1 3.83100e-07
1129571279.1 5.3 1129572133.4 1129572600.8 1129577192.4 1129574658.1 1129573644.4 3.73641e-07 1129572100 1129577200 17.9 147.2 1.182650e+07 1129575779.4 5.96334e-08
1129511847.3 5.3 1129512662.2 1129513150.0 1129517289.4 1129514957.1 1129514024.2 3.83646e-07 1129512600 1129517300 -60.3 -45.4 1.088416e+07 1129513087.8 2.48604e-08
1129442706.2 5.3 1129443515.0 1129444004.4 1129448090.5 1129445782.9 1129444859.9 3.54287e-07 1129443500 1129448100 37.3 141.1 1.076874e+07 1129446492.2 3.90547e-08
1129256274.1 5.3 1129257173.0 1129257613.7 1129262756.9 1129259978.6 1129258867.2 2.95615e-07 1129257100 1129262800 24.8 122.0 1.296564e+07 1129260992.3 1.11368e-07
1129150967.5 5.3 1129151824.9 1129152282.5 1129156993.2 1129154410.7 1129153377.8 2.34156e-07 1129151800 1129157000 -20.1 169.2 1.205153e+07 1129154071.1 2.16662e-07
1128005451.4 5.3 1128005975.3 1128006281.3 1128008224.9 1128007036.3 1128006560.8 4.70140e-07 1128005900 1128008300 -16.3 -72.1 5.547044e+06 1128007468.1 3.64793e-08
1127693117.8 5.3 1127694170.3 1127694512.7 1127701572.1 1127697948.8 1127696499.5 1.32748e-07 1127694100 1127701600 -6.0 103.7 1.690855e+07 1127699002.3 4.83014e-08
1126948969.4 5.3 1126949801.2 1126950241.6 1126954942.7 1126952382.7 1126951358.8 3.06693e-08 1126949800 1126955000 -16.0 168.1 1.194657e+07 1126951652.6 2.68920e-08
1126686892.6 5.3 1126687794.4 1126688234.4 1126693403.8 1126690613.3 1126689497.1 3.07397e-07 1126687700 1126693500 -6.1 151.4 1.302239e+07 1126691414.7 1.64736e-07
1136636859.5 5.2 1136637819.8 1136638212.9 1136644111.5 1136641003.5 1136639760.3 1.75484e-07 1136637800 1136644200 3.7 127.0 1.450395e+07 1136639815.7 4.15262e-08
1136627220.2 5.2 1136628282.6 1136628623.6 1136635751.1 1136632095.0 1136630632.6 1.22743e-07 1136628200 1136635800 -31.4 58.1 1.706162e+07 1136632790.6 7.80886e-08
1136233436.7 5.2 1136234164.0 1136234696.4 1136237946.2 1136236013.5 1136235240.5 1.96598e-07 1136234100 1136238000 49.4 155.3 9.019025e+06 1136237891.1 5.65412e-08
1136061394.7 5.2 1136062333.7 1136062748.0 1136068411.9 1136065404.5 1136064201.6 1.55306e-07 1136062300 1136068500 10.1 126.2 1.403452e+07 1136068436.0 1.26141e-07
1136006927.3 5.2 1136007889.3 1136008266.0 1136014388.9 1136011191.1 1136009911.9 3.76318e-08 1136007800 1136014400 -6.0 130.6 1.492324e+07 1136008648.0 4.50658e-08
1135953390.5 5.2 1135954312.6 1135954740.1 1135960165.1 1135957261.7 1135956100.3 2.02088e-07 1135954300 1135960200 19.1 121.1 1.354912e+07 1135959146.9 1.84970e-08
1135759059.5 5.2 1135759911.6 1135760347.2 1135765230.5 1135762585.8 1135761527.9 2.64858e-08 1135759900 1135765300 36.5 70.9 1.234198e+07 1135761121.4 1.30451e-08
1135355181.9 5.2 1135356154.7 1135356539.2 1135362662.8 1135359456.7 1135358174.3 9.91532e-08 1135356100 1135362700 -3.7 128.4 1.496177e+07 1135361148.1 3.05866e-07
1135203094.3 5.2 1135204030.2 1135204440.4 1135210123.5 1135207111.0 1135205906.0 1.02934e-07 1135204000 1135210200 10.0 126.0 1.405833e+07 1135209063.4 1.91216e-08
1135162870.0 5.2 1135163656.0 1135164156.7 1135167998.3 1135165800.4 1135164921.3 2.46834e-07 1135163600 1135168000 35.5 27.4 1.025661e+07 1135166464.9 5.23392e-08
1134824727.8 5.2 1134825555.2 1134826036.8 1134830315.5 1134827920.8 1134826962.9 2.94080e-07 1134825500 1134830400 -28.3 -176.4 1.117539e+07 1134828548.9 3.80472e-08
1134638948.8 5.2 1134639872.9 1134640280.8 1134645908.7 1134642925.9 1134641732.8 5.46302e-08 1134639800 1134646000 12.9 124.4 1.391971e+07 1134640334.9 6.10100e-08
1134631768.0 5.2 1134632594.7 1134633076.7 1134637347.0 1134634956.0 1134633999.6 2.94937e-07 1134632500 1134637400 -28.3 -176.3 1.115791e+07 1134635669.3 4.48684e-08
1134221393.0 5.2 1134222250.7 1134222710.9 1134227397.6 1134224824.2 1134223794.8 2.03967e-07 1134222200 1134227400 -15.6 167.3 1.200928e+07 1134227336.0 2.68098e-07
1134162738.8 5.2 1134163332.2 1134163617.6 1134166007.3 1134164606.5 1134164046.2 4.58557e-07 1134163300 1134166100 52.8 -167.9 6.536903e+06 1134164347.0 5.05493e-08
1134092057.6 5.2 1134093033.0 1134093423.0 1134099499.7 1134096310.2 1134095034.4 1.66101e-07 1134093000 1134099500 -4.1 129.5 1.488415e+07 1134095590.9 4.51826e-08
1133748300.7 5.2 1133749273.4 1133749660.8 1133755748.6 1133752556.6 1133751279.9 1.29071e-07 1133749200 1133755800 -4.2 129.5 1.489575e+07 1133752227.0 6.07071e-08
1133698001.2 5.2 1133698974.6 1133699363.0 1133705443.4 1133702253.9 1133700978.1 1.42846e-07 1133698900 1133705500 -4.1 129.6 1.488433e+07 1133698990.7 1.35604e-06
1133694946.2 5.2 1133695919.3 1133696307.3 1133702390.1 1133699199.9 1133697923.8 1.36934e-07 1133695900 1133702400 -4.3 129.7 1.488784e+07 1133696608.6 7.00067e-06
1133511001.9 5.2 1133511869.9 1133512328.2 1133517099.0 1133514485.9 1133513440.7 2.49159e-07 1133511800 1133517100 38.5 73.3 1.219424e+07 1133514197.9 7.19040e-05
1133492096.7 5.2 1133492892.9 1133493393.1 1133497299.1 1133495069.5 1133494177.6 3.35241e-07 1133492800 1133497300 -17.7 -174.4 1.040490e+07 1133495598.5 2.93492e-08
1133146971.5 5.2 1133147625.3 1133148160.2 1133150702.8 1133149103.6 1133148464.0 5.88035e-07 1133147600 1133150800 -34.6 -109.3 7.462533e+06 1133149138.2 1.13717e-08
1132753180.3 5.2 1132754133.0 1132754519.6 1132760436.0 1132757326.4 1132756082.6 8.48446e-08 1132754100 1132760500 3.7 127.0 1.451147e+07 1132760034.8 5.47440e-08
1131976201.7 5.2 1131976947.2 1131977480.1 1131980816.4 1131978838.6 1131978047.6 4.14028e-07 1131976900 1131980900 -7.6 -13.6 9.229401e+06 1131978889.9 3.07003e-08
1131847144.0 5.2 1131848110.0 1131848487.5 1131854636.7 1131851425.5 1131850141.1 4.40181e-08 1131848100 1131854700 -6.5 130.3 1.498550e+07 1131853533.7 7.75749e-08
1131531719.4 5.2 1131532518.8 1131533013.3 1131536994.0 1131534733.5 1131533829.2 2.63653e-07 1131532500 1131537000 37.9 143.9 1.054923e+07 1131532817.0 1.98432e-08
1131384536.1 5.2 1131385161.3 1131385671.7 1131388059.4 1131386549.4 1131385945.4 4.46908e-07 1131385100 1131388100 51.5 -175.1 7.046562e+06 1131387483.2 4.70557e-08
1131315496.5 5.2 1131316451.5 1131316834.2 1131322822.4 1131319682.7 1131318426.8 5.86540e-08 1131316400 1131322900 1.6 127.3 1.465171e+07 1131322821.3 2.75914e-08
1131037177.8 5.2 1131038190.7 1131038564.5 1131045088.3 1131041698.1 1131040342.0 1.45487e-07 1131038100 1131045100 6.9 94.8 1.582088e+07 1131042452.0 1.35818e-06
1131032473.4 5.2 1131033208.2 1131033740.0 1131037032.5 1131035078.6 1131034297.1 2.59017e-07 1131033200 1131037100 48.4 154.8 9.118164e+06 1131036123.4 7.41552e-08
1131024244.8 5.2 1131025258.5 1131025631.8 1131032166.3 1131028771.3 1131027413.4 1.45490e-07 1131025200 1131032200 6.8 94.5 1.584300e+07 1131025316.8 7.04512e-08
1130972051.4 5.2 1130973015.5 1130973403.9 1130979403.8 1130976252.8 1130974992.4 1.21831e-07 1130973000 1130979500 1.6 126.6 1.470479e+07 1130978178.8 1.01813e-07
1130723979.4 5.2 1130724666.9 1130725229.3 1130728078.0 1130726321.4 1130725618.8 2.68743e-07 1130724600 1130728100 56.2 162.4 8.197143e+06 1130727007.0 1.02205e-07
1130517424.7 5.2 1130518395.0 1130518772.1 1130524961.8 1130521731.6 1130520439.5 4.70519e-08 1130518300 1130525000 -7.0 129.7 1.507413e+07 1130519306.2 3.62142e-08
1130468665.3 5.2 1130469411.3 1130469841.6 1130474040.4 1130471736.8 1130470815.3 1.90168e-10 1130469400 1130474100 -18.2 -177.8 1.075029e+07 1130471568.6 1.04280e-07
1130239620.4 5.2 1130240548.4 1130240969.3 1130246498.2 1130243550.6 1130242371.5 1.63486e-07 1130240500 1130246500 25.1 99.6 1.375567e+07 1130244928.4 3.07533e-08
1129819689.0 5.2 1129819906.9 1129820080.5 1129820561.2 1129820187.4 1129820037.9 2.72498e-06 1129819900 1129820600 18.3 -101.6 1.744491e+06 1129820536.0 5.39449e-08
1129509165.4 5.2 1129510370.5 1129510582.0 1129518425.9 1129514457.1 1129512869.6 1.01202e-07 1129510300 1129518500 -27.8 74.1 1.852097e+07 1129513087.8 3.20287e-08
1128669822.8 5.2 1128670772.6 1128671184.1 1128676944.1 1128673892.1 1128672671.3 1.82308e-07 1128670700 1128677000 11.9 57.8 1.424257e+07 1128676485.2 2.33952e-07
1128659757.8 5.2 1128660091.1 1128660363.0 1128661205.0 1128660584.8 1128660336.7 2.19893e-06 1128660000 1128661300 7.5 -77.5 2.894460e+06 1128660799.4 2.25869e-08
1128503058.0 5.2 1128504109.7 1128504452.4 1128511504.1 1128507884.3 1128506436.5 9.21271e-08 1128504100 1128511600 -8.0 107.4 1.689213e+07 1128504607.7 6.25060e-07
1128202070.0 5.2 1128202863.1 1128203362.5 1128207259.5 1128205035.4 1128204145.8 2.88785e-07 1128202800 1128207300 36.2 29.9 1.037906e+07 1128203614.5 2.50492e-08
1127836330.3 5.2 1127837291.6 1127837671.2 1127843754.4 1127840572.7 1127839300.0 4.84608e-08 1127837200 1127843800 1.3 125.0 1.484823e+07 1127843222.1 7.91700e-08
1127591618.3 5.2 1127592531.2 1127592963.4 1127598282.4 1127595426.3 1127594283.9 2.03175e-07 1127592500 1127598300 -3.4 146.4 1.332821e+07 1127594402.1 2.20878e-08
1127576133.8 5.2 1127577029.0 1127577469.3 1127582593.2 1127579824.9 1127578717.6 1.94105e-07 1127577000 1127582600 -5.4 152.1 1.291869e+07 1127580456.3 5.90841e-08
1127551627.6 5.2 1127552422.5 1127552923.6 1127556813.8 1127554591.1 1127553702.1 3.37138e-07 1127552400 1127556900 40.3 143.7 1.037237e+07 1127555618.9 6.56564e-08
1127257137.3 5.2 1127257996.5 1127258458.4 1127263136.2 1127260565.2 1127259536.8 2.38606e-07 1127257900 1127263200 17.0 145.9 1.199787e+07 1127262282.7 2.08876e-08
1127146422.7 5.2 1127147049.8 1127147561.7 1127149962.5 1127148445.5 1127147838.7 4.34894e-07 1127147000 1127150000 -30.7 -71.4 7.079613e+06 1127149638.4 8.39119e-07
1127145456.5 5.2 1127146109.9 1127146644.4 1127149184.0 1127147586.5 1127146947.5 5.88235e-07 1127146100 1127149200 -36.2 -101.0 7.455012e+06 1127147764.9 5.14088e-07
1126929811.7 5.2 1126930739.8 1126931163.8 1126936660.8 1126933725.5 1126932551.3 1.97624e-07 1126930700 1126936700 13.1 51.1 1.369807e+07 1126935124.1 2.80035e-08
1126619494.0 5.2 1126620126.1 1126620642.2 1126623064.6 1126621534.3 1126620922.2 4.91328e-07 1126620100 1126623100 -31.4 -71.8 7.141221e+06 1126622710.8 8.45093e-09
1136199048.4 5.1 1136199764.5 1136200318.0 1136203359.1 1136201511.7 1136200772.7 3.55739e-07 1136199700 1136203400 -1.1 -16.0 8.621409e+06 1136201881.6 3.16435e-08
1136170372.7 5.1 1136170998.1 1136171508.6 1136173901.4 1136172389.1 1136171784.2 3.08772e-07 1136170900 1136174000 51.8 -175.4 7.057281e+06 1136173770.2 2.62278e-08
1136079018.5 5.1 1136079843.0 1136080328.1 1136084553.2 1136082181.2 1136081232.4 2.57633e-07 1136079800 1136084600 41.3 129.0 1.106936e+07 1136079933.8 4.26593e-08
1135365872.5 5.1 1135366567.3 1135367135.5 1135369976.8 1135368217.8 1135367514.2 3.87292e-07 1135366500 1135370000 -0.5 -20.0 8.208620e+06 1135366578.1 2.77804e-08
1135348788.6 5.1 1135349678.4 1135350119.0 1135355206.7 1135352456.1 1135351355.8 1.17349e-07 1135349600 1135355300 -5.2 152.8 1.283624e+07 1135354739.9 2.84335e-07
1135143625.0 5.1 1135144279.4 1135144814.8 1135147361.3 1135145760.0 1135145119.5 4.53723e-07 1135144200 1135147400 -36.5 -99.5 7.472537e+06 1135146093.7 2.03628e-08
1135064647.0 5.1 1135065491.9 1135065943.2 1135070630.1 1135068065.9 1135067040.2 4.08175e-08 1135065400 1135070700 -15.3 167.6 1.196615e+07 1135070406.8 2.15847e-08
1135023539.7 5.1 1135024435.4 1135024877.9 1135029983.0 1135027221.6 1135026117.0 1.64756e-07 1135024400 1135030000 -3.7 151.3 1.288662e+07 1135024701.2 4.77537e-07
1134920230.5 5.1 1134921098.3 1134921556.9 1134926322.5 1134923711.7 1134922667.3 1.86785e-07 1134921000 1134926400 -21.0 168.3 1.218399e+07 1134924829.5 5.50913e-08
1134512066.2 5.1 1134512821.1 1134513257.7 1134517462.7 1134515149.9 1134514224.8 1.70744e-10 1134512800 1134517500 -17.1 -179.0 1.079301e+07 1134517059.4 6.05889e-08
1134234522.1 5.1 1134235357.9 1134235834.0 1134240221.8 1134237779.1 1134236802.0 2.03300e-07 1134235300 1134240300 -56.4 -25.8 1.139945e+07 1134235505.9 1.13243e-07
1134174050.5 5.1 1134174890.0 1134175355.7 1134179869.7 1134177375.8 1134176378.2 1.07859e-07 1134174800 1134179900 25.7 141.9 1.163847e+07 1134177683.6 4.76665e-08
1134021217.0 5.1 1134022008.3 1134022511.1 1134026364.6 1134024158.5 1134023276.1 2.49576e-07 1134022000 1134026400 55.0 111.6 1.029520e+07 1134022916.3 4.15112e-08
1133839265.8 5.1 1133840313.8 1133840656.5 1133847685.0 1133844076.8 1133842633.5 5.26365e-08 1133840300 1133847700 -5.0 103.0 1.683833e+07 1133847141.4 3.04362e-08
1133795023.4 5.1 1133795855.8 1133796333.1 1133800686.7 1133798259.6 1133797288.7 1.96461e-07 1133795800 1133800700 -17.0 175.3 1.132662e+07 1133797666.8 2.34085e-08
1133188289.9 5.1 1133189196.3 1133189630.1 1133194892.5 1133192062.8 1133190930.9 1.32786e-07 1133189100 1133194900 22.6 121.4 1.320518e+07 1133194452.6 3.38741e-08
1133007278.8 5.1 1133008246.0 1133008637.9 1133014617.4 1133011472.3 1133010214.2 1.24134e-07 1133008200 1133014700 1.0 127.5 1.467717e+07 1133012047.1 2.81955e-08
1132985640.4 5.1 1132986491.2 1132986953.0 1132991579.9 1132989034.4 1132988016.2 1.26928e-07 1132986400 1132991600 41.4 73.3 1.187916e+07 1132986845.4 1.74326e-08
1132620791.6 5.1 1132621225.1 1132621490.4 1132623231.0 1132622185.6 1132621767.4 1.89182e-10 1132621200 1132623300 -9.3 -71.1 4.878841e+06 1132621561.4 6.16586e-08
1132581108.3 5.1 1132581862.1 1132582288.5 1132586576.2 1132584232.8 1132583295.4 5.93659e-11 1132581800 1132586600 -17.7 179.8 1.093568e+07 1132583749.4 8.57564e-08
1132532259.8 5.1 1132533159.5 1132533568.4 1132539025.1 1132536125.7 1132534965.9 1.26502e-08 1132533100 1132539100 -4.8 145.1 1.353057e+07 1132538665.1 1.91058e-07
1132261380.1 5.1 1132262253.3 1132262707.9 1132267547.6 1132264904.4 1132263847.1 1.73223e-07 1132262200 1132267600 38.0 100.3 1.233510e+07 1132265663.9 7.97888e-08
1132259928.4 5.1 1132260283.0 1132260571.1 1132261507.6 1132260830.8 1132260560.1 1.58317e-06 1132260200 1132261600 8.5 -71.4 3.158393e+06 1132261536.0 3.17445e-08
1132097158.4 5.1 1132098017.6 1132098480.9 1132103144.4 1132100579.0 1132099552.8 1.91811e-07 1132098000 1132103200 -11.6 165.5 1.197207e+07 1132100800.6 1.82693e-08
1132066257.3 5.1 1132067224.6 1132067616.5 1132073597.1 1132070451.5 1132069193.2 1.24085e-07 1132067200 1132073600 1.0 127.5 1.467972e+07 1132072841.0 3.56206e-08
1132032855.2 5.1 1132033697.2 1132034170.3 1132038626.2 1132036152.9 1132035163.6 2.06442e-07 1132033600 1132038700 26.3 142.7 1.154199e+07 1132036714.5 3.71911e-07
1131992151.2 5.1 1131992968.8 1131993456.2 1131997616.5 1131995274.2 1131994337.3 2.29763e-07 1131992900 1131997700 -24.6 -175.9 1.093066e+07 1131994774.0 2.28231e-08
1131940068.8 5.1 1131940901.6 1131941374.0 1131945779.0 1131943331.8 1131942352.9 1.39806e-07 1131940900 1131945800 -32.5 -176.7 1.142025e+07 1131943898.1 2.99314e-08
1131908052.8 5.1 1131908933.3 1131909384.5 1131914305.8 1131911625.9 1131910554.0 1.75401e-07 1131908900 1131914400 -9.0 158.5 1.250609e+07 1131911727.1 1.62021e-05
1131900444.4 5.1 1131901498.8 1131901840.8 1131908914.4 1131905284.4 1131903832.4 6.74585e-08 1131901400 1131909000 -6.3 103.7 1.694006e+07 1131908660.6 2.87095e-06
1131856747.9 5.1 1131857604.7 1131858065.6 1131862738.8 1131860171.3 1131859144.2 1.50136e-07 1131857600 1131862800 31.4 129.0 1.198183e+07 1131860080.5 1.03163e-07
1131784437.8 5.1 1131785198.7 1131785721.5 1131789220.5 1131787170.8 1131786350.9 2.99523e-07 1131785100 1131789300 38.6 20.6 9.565467e+06 1131785173.4 5.18323e-07
1131679919.2 5.1 1131680586.3 1131681134.0 1131683797.9 1131682135.6 1131681470.7 3.17159e-07 1131680500 1131683800 52.1 173.6 7.757456e+06 1131682751.9 4.84882e-08
1131568486.3 5.1 1131569346.3 1131569809.1 1131574482.0 1131571912.5 1131570884.6 1.91180e-07 1131569300 1131574500 31.3 128.9 1.199141e+07 1131569385.4 3.34728e-07
1131454495.4 5.1 1131455350.6 1131455816.2 1131460432.0 1131457887.7 1131456870.0 1.95057e-07 1131455300 1131460500 17.3 147.2 1.187313e+07 1131456709.1 8.58997e-08
1131278948.1 5.1 1131279231.0 1131279465.9 1131280129.5 1131279623.2 1131279420.7 1.58852e-06 1131279200 1131280200 9.7 -85.7 2.362978e+06 1131279910.4 3.13039e-07
1131246486.0 5.1 1131247108.6 1131247468.7 1131249951.4 1131248466.2 1131247872.2 5.13031e-07 1131247100 1131250000 -29.5 -72.1 6.930875e+06 1131247249.8 6.88361e-07
1131243836.3 5.1 1131244458.8 1131244816.7 1131247301.2 1131245816.2 1131245222.2 5.13158e-07 1131244400 1131247400 -29.5 -71.9 6.929805e+06 1131244889.8 2.25051e-06
1131242482.9 5.1 1131243105.7 1131243472.7 1131245950.0 1131244464.1 1131243869.7 5.12637e-07 1131243100 1131246000 -29.6 -72.1 6.934194e+06 1131244889.8 1.76625e-06
1131112673.9 5.1 1131113579.1 1131114016.0 1131119237.7 1131116424.6 1131115299.4 1.57067e-07 1131113500 1131119300 -7.0 150.8 1.312770e+07 1131116473.4 4.51409e-08
1131061680.7 5.1 1131062504.6 1131062976.0 1131067332.8 1131064910.4 1131063941.5 8.70736e-08 1131062500 1131067400 -56.0 -27.3 1.130419e+07 1131065505.9 6.40937e-08
1131028462.4 5.1 1131029476.5 1131029849.5 1131036389.1 1131032991.9 1131031633.1 1.03970e-07 1131029400 1131036400 6.7 94.4 1.585338e+07 1131036123.4 9.15787e-08
1131018896.3 5.1 1131019909.9 1131020283.2 1131026815.6 1131023421.6 1131022064.0 1.04010e-07 1131019900 1131026900 6.8 94.6 1.583863e+07 1131020433.2 8.61264e-07
1130660114.8 5.1 1130661117.7 1130661497.7 1130667900.8 1130664563.9 1130663229.2 1.08411e-07 1130661100 1130668000 -8.3 125.0 1.557204e+07 1130665605.4 7.08311e-08
1130652889.8 5.1 1130653946.1 1130654291.4 1130661343.8 1130657720.7 1130656271.4 8.91208e-08 1130653900 1130661400 -6.7 105.0 1.690805e+07 1130654077.1 9.11771e-08
1130651008.5 5.1 1130651909.1 1130652348.8 1130657513.6 1130654725.7 1130653610.5 1.61467e-07 1130651900 1130657600 -3.4 149.8 1.301038e+07 1130651987.1 8.64184e-07
1130548261.0 5.1 1130549128.6 1130549583.6 1130554384.1 1130551759.9 1130550710.3 1.46603e-07 1130549100 1130554400 13.4 146.0 1.224625e+07 1130549202.9 2.50980e-08
1130487879.5 5.1 1130488501.9 1130488855.8 1130491343.5 1130489858.9 1130489265.1 5.13391e-07 1130488500 1130491400 51.6 -173.3 6.927836e+06 1130490019.5 5.10989e-07
1130470520.5 5.1 1130470775.3 1130470983.6 1130471554.2 1130471111.2 1130470934.0 2.08394e-06 1130470700 1130471600 11.9 -88.9 2.067331e+06 1130471536.0 6.39614e-08
1130236037.8 5.1 1130237001.0 1130237375.7 1130243533.5 1130240321.0 1130239036.1 1.88994e-08 1130237000 1130243600 -6.2 130.0 1.499155e+07 1130240612.0 1.83183e-08
1130210338.9 5.1 1130211149.0 1130211640.8 1130215710.7 1130213408.5 1130212487.6 2.37565e-07 1130211100 1130215800 -60.9 -51.4 1.074353e+07 1130214343.8 1.98970e-08
1129900335.8 5.1 1129901087.7 1129901521.2 1129905733.7 1129903420.3 1129902494.9 1.07906e-10 1129901000 1129905800 -18.0 -178.4 1.079593e+07 1129903925.5 1.57891e-07
1129889363.0 5.1 1129890408.7 1129890758.6 1129897706.6 1129894130.8 1129892700.5 7.89408e-08 1129890400 1129897800 -1.5 97.1 1.668718e+07 1129890488.2 1.11085e-05
1129590476.0 5.1 1129590892.2 1129591228.0 1129592446.0 1129591601.7 1129591264.0 1.17999e-06 1129590800 1129592500 50.8 -130.0 3.940094e+06 1129592031.9 2.26420e-07
1129227462.2 5.1 1129228251.0 1129228755.8 1129232574.8 1129230383.7 1129229507.2 2.61005e-07 1129228200 1129232600 -16.1 -173.4 1.022524e+07 1129228279.9 8.18956e-08
1129220634.8 5.1 1129221423.3 1129221928.3 1129225744.1 1129223554.4 1129222678.5 2.61326e-07 1129221400 1129225800 -16.1 -173.3 1.021864e+07 1129223925.2 9.10054e-07
1128826044.8 5.1 1128826996.7 1128827381.1 1128833319.9 1128830202.0 1128828954.8 4.26889e-08 1128826900 1128833400 1.8 128.3 1.455020e+07 1128828417.5 1.23454e-08
1128679473.0 5.1 1128680363.8 1128680808.7 1128685858.3 1128683121.7 1128682027.1 1.64558e-07 1128680300 1128685900 34.3 98.2 1.277077e+07 1128683737.1 4.88834e-08
1128497484.6 5.1 1128498314.3 1128498751.1 1128503470.8 1128500905.3 1128499879.1 6.18718e-09 1128498300 1128503500 -19.1 169.5 1.197247e+07 1128499257.0 2.50608e-08
1128447307.7 5.1 1128448148.1 1128448622.2 1128453059.3 1128450594.3 1128449608.3 2.07829e-07 1128448100 1128453100 -32.2 -177.9 1.150336e+07 1128453036.0 4.72724e-08
1128443322.4 5.1 1128444293.0 1128444671.8 1128450843.1 1128447619.9 1128446330.6 3.53934e-08 1128444200 1128450900 -0.0 123.9 1.504145e+07 1128447366.0 1.99032e-08
1128436772.0 5.1 1128437571.0 1128438070.7 1128441998.1 1128439758.3 1128438862.4 2.68409e-07 1128437500 1128442000 40.7 36.7 1.045220e+07 1128440172.8 1.54223e-08
1128297970.0 5.1 1128298569.0 1128298855.9 1128301262.1 1128299851.2 1128299286.8 4.51986e-07 1128298500 1128301300 52.2 -168.4 6.584137e+06 1128299390.1 1.08623e-07
1128296620.2 5.1 1128297221.6 1128297510.5 1128299912.7 1128298501.6 1128297937.2 5.61894e-07 1128297200 1128300000 52.3 -168.5 6.584991e+06 1128299390.1 1.40583e-07
1128158500.7 5.1 1128158752.9 1128158958.4 1128159522.4 1128159084.5 1128158909.4 2.07825e-06 1128158700 1128159600 12.1 -89.0 2.043289e+06 1128159536.0 7.69824e-08
1127906478.7 5.1 1127907101.0 1127907546.5 1127909965.4 1127908471.1 1127907873.4 3.92571e-07 1127907100 1127910000 -29.8 -71.7 6.973326e+06 1127908627.6 1.68335e-08
1127703009.9 5.1 1127704062.6 1127704404.6 1127711468.0 1127707843.1 1127706393.1 6.28813e-08 1127704000 1127711500 -6.1 103.6 1.691618e+07 1127708854.7 4.24831e-08
1127437342.4 5.1 1127437813.4 1127438158.9 1127439675.6 1127438675.7 1127438275.7 9.32244e-07 1127437800 1127439700 20.1 -45.5 4.666407e+06 1127437870.9 2.16930e-07
1127316923.0 5.1 1127317708.3 1127318215.3 1127321993.7 1127319820.6 1127318951.3 2.65083e-07 1127317700 1127322000 -56.1 -125.3 1.014146e+07 1127320829.3 2.27112e-08
1127234249.0 5.1 1127235062.7 1127235552.4 1127239665.8 1127237344.3 1127236415.7 2.33768e-07 1127235000 1127239700 -57.2 -141.8 1.083363e+07 1127237107.9 2.95374e-08
1126902399.5 5.1 1126903196.1 1126903696.1 1126907605.9 1126905374.6 1126904482.1 2.52205e-07 1126903100 1126907700 -19.5 -173.3 1.041272e+07 1126903365.9 2.23163e-07
1126774969.5 5.1 1126775596.5 1126776100.7 1126778469.9 1126776969.7 1126776369.7 5.14528e-07 1126775500 1126778500 -30.2 -72.3 7.000762e+06 1126777972.8 8.66647e-09
1126764438.2 5.1 1126765073.6 1126765592.4 1126768016.2 1126766482.7 1126765869.4 4.66853e-07 1126765000 1126768100 -31.7 -72.2 7.156075e+06 1126767392.9 1.94118e-08
1126676179.4 5.1 1126677074.5 1126677510.0 1126682682.2 1126679895.3 1126678780.5 9.65654e-08 1126677000 1126682700 -6.0 151.5 1.300572e+07 1126677120.2 2.72305e-07
1126658931.4 5.1 1126659889.2 1126660280.0 1126666190.4 1126663079.4 1126661835.0 9.77366e-08 1126659800 1126666200 3.6 127.0 1.451798e+07 1126661509.1 1.97356e-08
1136498873.8 5.0 1136499722.1 1136500181.1 1136504817.1 1136502270.0 1136501251.1 6.03838e-08 1136499700 1136504900 -11.6 166.4 1.188676e+07 1136499766.5 2.46177e-08
1136482866.5 5.0 1136483662.6 1136484162.9 1136488067.6 1136485838.5 1136484946.9 1.87872e-07 1136483600 1136488100 39.6 34.3 1.040212e+07 1136485015.4 5.68516e-08
1136468032.8 5.0 1136468664.8 1136469180.8 1136471598.3 1136470070.2 1136469459.0 2.92139e-07 1136468600 1136471600 -31.3 -71.8 7.131002e+06 1136469313.6 3.24666e-08
1136299545.8 5.0 1136300169.2 1136300583.7 1136303024.6 1136301533.7 1136300937.3 3.62594e-07 1136300100 1136303100 -29.1 -111.8 6.957584e+06 1136300403.8 4.37702e-08
1136294961.0 5.0 1136295764.8 1136296260.4 1136300255.3 1136297986.3 1136297078.7 1.81281e-07 1136295700 1136300300 -30.8 -13.8 1.058854e+07 1136298618.2 2.68232e-07
1136279246.5 5.0 1136280094.4 1136280526.6 1136285414.8 1136282771.2 1136281713.8 4.73416e-09 1136280000 1136285500 36.6 71.0 1.233667e+07 1136282113.4 1.45286e-07
1136216459.9 5.0 1136217150.7 1136217717.2 1136220545.5 1136218794.5 1136218094.2 2.43768e-07 1136217100 1136220600 -41.7 -74.1 8.171188e+06 1136219253.6 2.19445e-08
1136061097.9 5.0 1136062035.5 1136062448.7 1136068115.1 1136065107.7 1136063904.7 6.65912e-08 1136062000 1136068200 10.1 126.2 1.403435e+07 1136068010.2 1.29659e-07
1135994316.6 5.0 1135994535.9 1135994709.7 1135995186.1 1135994813.5 1135994664.4 2.32423e-06 1135994500 1135995200 15.4 -95.4 1.739100e+06 1135994857.7 2.40461e-08
1135724709.3 5.0 1135725462.3 1135725883.6 1135730209.9 1135727852.5 1135726909.5 8.66398e-12 1135725400 1135730300 -20.6 -179.2 1.100122e+07 1135729998.0 1.56225e-08
1135635809.0 5.0 1135636853.1 1135637206.7 1135644110.3 1135640552.6 1135639129.5 6.51219e-08 1135636800 1135644200 -7.2 67.8 1.660257e+07 1135643145.7 2.41225e-08
1135635754.3 5.0 1135636372.9 1135636739.9 1135639222.3 1135637736.0 1135637141.5 2.47525e-07 1135636300 1135639300 51.7 -173.5 6.935845e+06 1135639050.2 1.45229e-08
1135508933.0 5.0 1135509734.3 1135510224.1 1135514261.3 1135511977.8 1135511064.3 1.01813e-07 1135509700 1135514300 -22.0 -174.5 1.065669e+07 1135512743.2 3.92377e-08
1135481151.0 5.0 1135481374.9 1135481555.7 1135482057.2 1135481668.8 1135481513.5 8.41388e-07 1135481300 1135482100 14.1 -91.1 1.812262e+06 1135482033.8 5.36613e-08
1135479533.5 5.0 1135480186.3 1135480720.4 1135483256.6 1135481661.0 1135481022.7 3.49370e-07 1135480100 1135483300 -34.4 -109.4 7.446364e+06 1135482033.8 6.15349e-08
1135392863.0 5.0 1135393205.5 1135393484.3 1135394362.9 1135393720.1 1135393463.0 1.44718e-06 1135393200 1135394400 6.9 -76.7 2.999891e+06 1135393873.3 1.29143e-07
1135187905.2 5.0 1135188541.4 1135189060.6 1135191486.8 1135189951.9 1135189337.9 3.63865e-07 1135188500 1135191500 -31.7 -72.2 7.163129e+06 1135188654.8 3.69146e-08
1134922688.6 5.0 1134923226.1 1134923540.2 1134925492.1 1134924290.6 1134923810.0 5.56006e-07 1134923200 1134925500 45.1 -28.0 5.606982e+06 1134924829.5 5.11653e-08
1134900546.8 5.0 1134901432.0 1134901875.4 1134906905.2 1134904180.2 1134903090.2 8.45444e-08 1134901400 1134907000 -6.9 155.1 1.271680e+07 1134903094.1 4.26900e-08
1134888219.0 5.0 1134888948.5 1134889484.2 1134892721.0 1134890791.5 1134890019.8 1.37720e-07 1134888900 1134892800 49.3 155.6 9.004014e+06 1134892343.6 4.76185e-08
1134736649.3 5.0 1134737425.9 1134737903.9 1134741889.9 1134739643.9 1134738745.5 9.89816e-09 1134737400 1134741900 -18.2 -174.9 1.048119e+07 1134740707.9 4.06784e-08
1134684291.9 5.0 1134685174.9 1134685616.3 1134690651.6 1134687926.0 1134686835.8 6.30159e-08 1134685100 1134690700 -6.3 154.7 1.271944e+07 1134690110.2 8.84488e-08
1134534469.8 5.0 1134534825.9 1134535115.2 1134536075.5 1134535387.3 1134535112.1 9.11185e-07 1134534800 1134536100 2.1 -84.4 3.211544e+06 1134535447.9 4.09486e-08
1134236947.2 5.0 1134237782.0 1134238257.1 1134242649.0 1134240205.4 1134239227.9 1.33051e-07 1134237700 1134242700 -56.4 -25.7 1.140345e+07 1134241774.2 1.07969e-07
1134168994.2 5.0 1134169883.2 1134170323.8 1134175405.8 1134172658.0 1134171558.8 7.86344e-08 1134169800 1134175500 -5.4 153.1 1.282313e+07 1134170823.8 6.11222e-08
1133906753.8 5.0 1133907955.2 1133908167.2 1133915790.0 1133911917.3 1133910368.3 5.20425e-08 1133907900 1133915800 -47.6 85.2 1.807232e+07 1133909301.9 2.24554e-08
1133808948.9 5.0 1133809899.3 1133810262.2 1133816443.6 1133813231.6 1133811946.8 1.85604e-09 1133809800 1133816500 -5.4 129.4 1.498926e+07 1133815949.9 2.69567e-08
1133723875.3 5.0 1133724743.3 1133725201.6 1133729971.9 1133727359.1 1133726314.0 1.34968e-07 1133724700 1133730000 38.4 72.9 1.219319e+07 1133726520.7 1.86430e-08
1133714161.7 5.0 1133715134.9 1133715522.7 1133721610.0 1133718417.9 1133717141.0 6.57141e-08 1133715100 1133721700 -4.1 129.5 1.489673e+07 1133715971.9 2.73554e-08
1133712387.4 5.0 1133713360.2 1133713748.2 1133719828.2 1133716639.3 1133715363.7 6.69228e-08 1133713300 1133719900 -4.0 129.5 1.488165e+07 1133715971.9 3.22926e-08
1133698656.5 5.0 1133699629.1 1133700016.7 1133706100.0 1133702910.0 1133701633.9 6.36678e-08 1133699600 1133706200 -4.1 129.6 1.488701e+07 1133699692.4 8.55151e-07
1133634936.4 5.0 1133635903.6 1133636295.5 1133642275.5 1133639130.2 1133637872.1 8.83873e-08 1133635900 1133642300 1.0 127.5 1.467816e+07 1133636414.1 6.27125e-08
1133464614.0 5.0 1133465467.6 1133465934.1 1133470530.8 1133467995.0 1133466980.7 1.43939e-07 1133465400 1133470600 -48.2 -10.1 1.183373e+07 1133470528.6 3.50600e-08
1133391600.9 5.0 1133392451.7 1133392919.8 1133397481.3 1133394961.1 1133393953.1 1.45848e-07 1133392400 1133397500 43.9 85.3 1.176066e+07 1133395315.6 2.90775e-08
1133295755.1 5.0 1133296638.0 1133297086.8 1133302048.1 1133299351.1 1133298272.3 1.17853e-07 1133296600 1133302100 -54.0 -2.4 1.258603e+07 1133296799.9 2.97002e-08
1133193332.1 5.0 1133193981.5 1133194512.7 1133197031.7 1133195446.2 1133194811.9 3.28530e-07 1133193900 1133197100 -34.0 -109.3 7.399301e+06 1133195093.6 2.90838e-08
1133137452.7 5.0 1133138105.8 1133138640.1 1133141177.4 1133139581.1 1133138942.6 3.49125e-07 1133138100 1133141200 -34.5 -109.2 7.449357e+06 1133138393.1 4.58367e-08
1133036429.7 5.0 1133037311.0 1133037753.5 1133042767.0 1133040051.0 1133038964.6 6.44853e-08 1133037300 1133042800 -7.0 155.6 1.267461e+07 1133040451.2 1.58964e-08
1133012412.1 5.0 1133012936.8 1133013238.4 1133015210.9 1133014011.4 1133013531.6 1.04520e-07 1133012900 1133015300 -16.4 -71.1 5.597576e+06 1133015235.4 2.13734e-08
1132789674.1 5.0 1132789949.5 1132790177.9 1132790808.0 1132790322.0 1132790127.7 1.63193e-06 1132789900 1132790900 10.5 -86.2 2.267864e+06 1132790797.8 2.24937e-08
1132674419.8 5.0 1132675444.1 1132675803.3 1132682536.7 1132679058.1 1132677666.6 3.99845e-08 1132675400 1132682600 2.9 96.5 1.623380e+07 1132678183.9 8.56821e-08
1132659651.3 5.0 1132660536.3 1132660986.1 1132665950.2 1132663250.7 1132662170.9 1.35871e-07 1132660500 1132666000 34.8 73.9 1.259769e+07 1132660826.3 1.07724e-06
1132485799.0 5.0 1132486745.0 1132487123.9 1132493077.2 1132489957.9 1132488710.2 1.16953e-08 1132486700 1132493100 4.2 125.8 1.455641e+07 1132492667.8 1.69346e-08
1132462027.8 5.0 1132462845.9 1132463312.1 1132467680.3 1132465257.8 1132464288.8 2.64950e-08 1132462800 1132467700 31.4 140.1 1.130501e+07 1132463102.9 1.62928e-08
1132391672.8 5.0 1132392309.6 1132392829.4 1132395257.8 1132393721.4 1132393106.8 3.72040e-07 1132392300 1132395300 -31.8 -72.1 7.170086e+06 1132394815.8 1.29897e-08
1132312750.6 5.0 1132313696.0 1132314110.0 1132319815.5 1132316787.7 1132315576.6 9.68017e-08 1132313600 1132319900 -53.0 21.8 1.412984e+07 1132314233.8 1.85483e-08
1132241664.9 5.0 1132242653.0 1132243039.2 1132249264.6 1132246007.6 1132244704.8 8.12796e-08 1132242600 1132249300 -53.7 140.5 1.519936e+07 1132248656.8 8.94597e-08
1132215092.8 5.0 1132215295.5 1132215456.2 1132215901.4 1132215554.8 1132215416.2 1.58985e-06 1132215200 1132216000 16.9 -96.4 1.617201e+06 1132215936.0 4.01471e-08
1131941769.6 5.0 1131942690.1 1131943117.0 1131948537.3 1131945636.9 1131944476.7 9.66212e-08 1131942600 1131948600 27.9 85.7 1.353539e+07 1131943898.1 2.86776e-08
1131884155.0 5.0 1131884915.1 1131885438.2 1131888931.2 1131886884.2 1131886065.5 2.22021e-07 1131884900 1131889000 38.8 20.6 9.552548e+06 1131887353.6 2.51029e-08
1131878233.7 5.0 1131879271.6 1131879609.1 1131886623.3 1131883027.8 1131881589.6 1.25002e-08 1131879200 1131886700 -4.7 103.6 1.677919e+07 1131883348.4 2.67099e-08
1131799880.6 5.0 1131800849.3 1131801240.9 1131807238.9 1131804085.3 1131802823.9 8.78919e-08 1131800800 1131807300 1.5 126.5 1.471666e+07 1131804500.5 4.55150e-07
1131725605.7 5.0 1131726420.1 1131726904.0 1131731080.6 1131728734.2 1131727795.6 1.14642e-07 1131726400 1131731100 -24.8 -176.0 1.094979e+07 1131730890.9 4.39796e-07
1131707085.6 5.0 1131708285.2 1131708497.4 1131716027.0 1131712195.0 1131710662.2 5.35471e-08 1131708200 1131716100 -26.5 67.8 1.788267e+07 1131712871.4 3.35946e-08
1131599532.1 5.0 1131600345.7 1131600830.1 1131604996.5 1131602654.6 1131601717.9 1.15093e-07 1131600300 1131605000 -24.8 -175.8 1.092877e+07 1131603256.9 8.00951e-08
1131432906.1 5.0 1131433360.2 1131433695.0 1131435204.4 1131434219.5 1131433825.5 1.40112e-07 1131433300 1131435300 -8.5 -75.9 4.596606e+06 1131434247.1 1.05761e-07
1131301151.7 5.0 1131301864.0 1131302349.3 1131305871.8 1131303848.9 1131303039.7 6.20529e-10 1131301800 1131305900 48.4 149.1 9.440311e+06 1131305425.5 3.52827e-08
1131148471.4 5.0 1131149087.6 1131149388.8 1131151923.5 1131150444.0 1131149852.2 2.32320e-07 1131149000 1131152000 51.4 -172.9 6.904257e+06 1131151715.8 3.02740e-08
1131123803.9 5.0 1131124652.1 1131125114.0 1131129721.8 1131127185.6 1131126171.1 7.85649e-08 1131124600 1131129800 18.0 147.0 1.183568e+07 1131124677.7 2.25345e-06
1130965088.8 5.0 1130966141.6 1130966489.3 1130973498.9 1130969894.6 1130968452.8 6.29660e-08 1130966100 1130973500 -10.2 111.2 1.682010e+07 1130971658.2 7.46875e-08
1130939101.7 5.0 1130939907.7 1130940384.0 1130944577.3 1130942230.6 1130941292.0 3.69872e-08 1130939900 1130944600 35.9 140.0 1.095119e+07 1130943907.1 3.16184e-08
1130898640.3 5.0 1130899580.4 1130899990.5 1130905702.9 1130902676.1 1130901465.4 5.59867e-08 1130899500 1130905800 -3.1 137.4 1.412510e+07 1130901481.3 2.84244e-08
1130876059.6 5.0 1130876263.7 1130876425.5 1130876874.0 1130876524.9 1130876385.3 1.58311e-06 1130876200 1130876900 16.6 -95.9 1.628828e+06 1130876267.9 8.57277e-09
1130838247.9 5.0 1130839046.9 1130839545.4 1130843483.8 1130841239.8 1130840342.2 1.85371e-07 1130839000 1130843500 -20.2 -173.6 1.047178e+07 1130839439.6 2.84995e-08
1130825526.9 5.0 1130826432.8 1130826855.4 1130832222.8 1130829353.1 1130828205.2 3.34238e-08 1130826400 1130832300 -6.3 147.6 1.339188e+07 1130831723.5 1.48537e-08
1130781791.0 5.0 1130782589.5 1130783088.4 1130787020.3 1130784779.2 1130783882.8 1.85839e-07 1130782500 1130787100 39.4 143.4 1.045849e+07 1130786596.4 2.21662e-08
1130775870.9 5.0 1130776872.4 1130777250.9 1130783661.4 1130780322.6 1130778987.1 6.51830e-08 1130776800 1130783700 -8.2 124.8 1.558104e+07 1130780771.1 1.02142e-07
1130680087.3 5.0 1130680855.4 1130681356.8 1130685083.7 1130682942.4 1130682085.9 5.34719e-08 1130680800 1130685100 43.3 146.1 9.992812e+06 1130685036.0 1.43641e-08
1130656009.0 5.0 1130656910.3 1130657349.6 1130662521.4 1130659730.4 1130658614.0 1.16692e-07 1130656900 1130662600 -3.6 149.8 1.302479e+07 1130657098.0 4.83975e-08
1130506853.2 5.0 1130507739.4 1130508180.4 1130513240.4 1130510503.0 1130509408.1 7.08863e-08 1130507700 1130513300 32.1 69.6 1.277443e+07 1130508153.7 3.55573e-08
1130488085.3 5.0 1130488707.4 1130489049.7 1130491546.4 1130490063.1 1130489469.8 3.95617e-07 1130488700 1130491600 51.6 -173.2 6.922196e+06 1130490019.5 4.86914e-07
1130224718.9 5.0 1130225529.4 1130226021.0 1130230096.2 1130227791.6 1130226869.8 1.75657e-07 1130225500 1130230100 -60.9 -51.0 1.075457e+07 1130229267.1 2.06529e-08
1130223554.3 5.0 1130224480.8 1130224894.1 1130230486.1 1130227515.3 1130226327.0 3.86707e-08 1130224400 1130230500 12.5 125.7 1.386345e+07 1130224933.2 2.02915e-08
1129986922.0 5.0 1129987827.7 1129988264.6 1129993490.6 1129990675.5 1129989549.5 1.14458e-07 1129987800 1129993500 27.4 66.0 1.313718e+07 1129989541.1 3.13298e-07
1129905555.3 5.0 1129906095.7 1129906391.0 1129908469.4 1129907220.5 1129906721.0 1.00583e-07 1129906000 1129908500 -18.0 -69.5 5.828132e+06 1129907286.0 3.55521e-07
1129858909.3 5.0 1129859688.5 1129860108.6 1129864629.0 1129862177.7 1129861197.2 3.61277e-11 1129859600 1129864700 -25.2 178.7 1.143930e+07 1129861211.6 1.59428e-07
1129757102.3 5.0 1129757733.7 1129758249.4 1129760677.8 1129759145.4 1129758532.5 2.34814e-07 1129757700 1129760700 -31.4 -71.5 7.151045e+06 1129759274.3 2.42502e-08
1129665313.0 5.0 1129666192.9 1129666644.4 1129671559.0 1129668882.1 1129667811.4 1.28028e-07 1129666100 1129671600 -53.8 -3.8 1.249197e+07 1129668859.2 3.61771e-08
1129535446.9 5.0 1129536651.9 1129536863.5 1129544707.2 1129540738.5 1129539151.0 4.86716e-08 1129536600 1129544800 -27.9 74.0 1.852059e+07 1129537011.1 3.23924e-08
1129370791.0 5.0 1129371417.9 1129371929.6 1129374333.4 1129372815.2 1129372208.0 2.16900e-07 1129371400 1129374400 -30.8 -71.4 7.084696e+06 1129372968.2 3.39200e-08
1129300276.0 5.0 1129301342.0 1129301680.4 1129308852.8 1129305177.0 1129303706.7 5.98172e-08 1129301300 1129308900 -7.8 102.4 1.715378e+07 1129303488.6 5.29301e-08
1129208437.0 5.0 1129209396.7 1129209785.3 1129215741.4 1129212611.0 1129211358.8 5.37863e-08 1129209300 1129215800 2.9 126.5 1.460886e+07 1129211787.7 5.99054e-08
1129117162.2 5.0 1129117994.5 1129118474.8 1129122798.2 1129120382.7 1129119416.6 1.76660e-07 1129117900 1129122800 -55.7 -27.5 1.127189e+07 1129119558.8 4.25155e-07
1128844056.0 5.0 1128844395.1 1128844671.0 1128845613.5 1128844946.0 1128844679.0 2.11877e-07 1128844300 1128845700 7.7 -73.3 3.115083e+06 1128844606.1 7.17550e-08
1128837000.1 5.0 1128837734.4 1128838275.0 1128841496.7 1128839569.6 1128838798.8 2.48926e-07 1128837700 1128841500 49.0 156.2 8.993274e+06 1128839941.9 2.08283e-06
1128655909.3 5.0 1128656541.2 1128657057.0 1128659466.2 1128657941.8 1128657332.0 3.24975e-07 1128656500 1128659500 -31.2 -71.8 7.113873e+06 1128658154.1 5.15870e-08
1128605539.9 5.0 1128606284.4 1128606806.8 1128610222.4 1128608215.7 1128607412.9 9.90111e-08 1128606200 1128610300 46.7 152.5 9.365043e+06 1128608682.7 1.66683e-08
1128393230.9 5.0 1128394073.1 1128394547.5 1128398991.2 1128396522.5 1128395535.0 1.67800e-07 1128394000 1128399000 -57.4 -24.8 1.152062e+07 1128397837.5 2.03146e-08
1128225050.4 5.0 1128225884.1 1128226358.3 1128230752.1 1128228308.5 1128227331.1 1.18218e-07 1128225800 1128230800 -30.3 -177.9 1.140323e+07 1128226958.5 1.90316e-08
1128042592.4 5.0 1128043441.1 1128043904.0 1128048506.2 1128045971.7 1128044957.9 8.80604e-08 1128043400 1128048600 -35.1 180.0 1.182752e+07 1128044486.8 4.28231e-08
1127988733.0 5.0 1127989360.5 1127989872.7 1127992265.1 1127990751.3 1127990145.8 2.80292e-07 1127989300 1127992300 -30.7 -71.6 7.064186e+06 1127989727.1 2.26417e-08
1127895846.2 5.0 1127896359.3 1127896684.3 1127898473.0 1127897347.2 1127896896.9 6.14594e-07 1127896300 1127898500 11.9 -43.7 5.253604e+06 1127897624.1 5.21549e-08
1127880866.7 5.0 1127881710.2 1127882182.5 1127886656.0 1127884174.9 1127883182.4 1.50745e-07 1127881700 1127886700 -33.0 -178.3 1.157868e+07 1127886112.2 3.27957e-08
1127614300.1 5.0 1127615190.0 1127615633.2 1127620695.8 1127617954.8 1127616858.4 1.00630e-07 1127615100 1127620700 -7.2 154.5 1.279142e+07 1127618953.8 3.14871e-08
1127584231.5 5.0 1127585187.4 1127585575.5 1127591504.9 1127588387.7 1127587140.9 4.61327e-08 1127585100 1127591600 1.6 128.6 1.454681e+07 1127589171.7 4.19599e-08
1127574150.9 5.0 1127574380.4 1127574563.4 1127575065.2 1127574673.4 1127574516.6 2.16350e-06 1127574300 1127575100 17.8 -102.3 1.828516e+06 1127574941.4 2.65750e-07
1127436282.3 5.0 1127436754.2 1127437099.2 1127438621.4 1127437618.9 1127437218.0 7.30991e-07 1127436700 1127438700 20.0 -45.4 4.678234e+06 1127437647.6 2.00842e-07
1127426443.6 5.0 1127426913.4 1127427259.5 1127428769.0 1127427772.4 1127427373.8 7.37354e-07 1127426900 1127428800 20.3 -45.6 4.650906e+06 1127427909.2 1.97591e-08
1127423997.0 5.0 1127424466.4 1127424812.7 1127426319.9 1127425324.4 1127424926.1 7.38533e-07 1127424400 1127426400 20.3 -45.6 4.645927e+06 1127425482.8 1.01773e-07
1127296204.4 5.0 1127296987.1 1127297481.2 1127301362.6 1127299151.9 1127298267.7 5.85450e-08 1127296900 1127301400 42.2 142.0 1.031644e+07 1127297304.9 1.61926e-08
1127291309.0 5.0 1127292349.1 1127292705.4 1127299561.5 1127296024.7 1127294610.0 6.61163e-08 1127292300 1127299600 -5.7 68.3 1.650505e+07 1127297304.9 1.76231e-08
1127271817.5 5.0 1127272445.7 1127272958.5 1127275354.6 1127273838.7 1127273232.3 2.83446e-07 1127272400 1127275400 -30.7 -71.6 7.074124e+06 1127273670.9 6.04148e-07
1127206084.0 5.0 1127207065.7 1127207454.5 1127213597.4 1127210377.4 1127209089.4 8.81664e-08 1127207000 1127213600 1.3 122.7 1.502678e+07 1127213402.8 1.48582e-08
1127069288.3 5.0 1127070139.0 1127070576.8 1127075430.0 1127072797.9 1127071745.0 9.18960e-09 1127070100 1127075500 -38.3 176.1 1.228335e+07 1127075404.7 2.43779e-08
1127060385.0 5.0 1127061590.3 1127061801.9 1127069667.1 1127065689.0 1127064097.8 4.83559e-08 1127061500 1127069700 -28.8 74.2 1.856415e+07 1127066483.3 2.50096e-08
1127043177.2 5.0 1127043813.2 1127044332.3 1127046755.2 1127045221.8 1127044608.4 3.74043e-07 1127043800 1127046800 -31.6 -72.0 7.155979e+06 1127045840.4 2.09226e-08
1126911975.0 5.0 1126912875.8 1126913315.4 1126918481.5 1126915693.0 1126914577.6 1.16927e-07 1126912800 1126918500 -6.0 151.4 1.301299e+07 1126917462.3 3.26049e-08
1126896405.0 5.0 1126897344.6 1126897762.2 1126903395.4 1126900399.5 1126899201.2 1.01141e-07 1126897300 1126903400 -2.6 138.7 1.398086e+07 1126897506.6 2.83990e-07
1126870584.7 5.0 1126871552.2 1126871944.3 1126877924.5 1126874778.9 1126873520.6 9.03181e-08 1126871500 1126878000 -57.3 147.7 1.467959e+07 1126876530.9 5.25178e-08
1126804725.6 5.0 1126805352.1 1126805863.4 1126808255.2 1126806742.5 1126806137.4 2.59163e-07 1126805300 1126808300 -30.6 -71.7 7.059256e+06 1126808222.6 6.55741e-09
1126753339.0 5.0 1126753966.2 1126754478.2 1126756883.6 1126755364.5 1126754756.9 2.18563e-07 1126753900 1126756900 -30.8 -71.5 7.089249e+06 1126755469.4 1.11814e-08
1126672445.2 5.0 1126673072.0 1126673578.2 1126675946.1 1126674445.7 1126673845.5 3.88049e-07 1126673000 1126676000 -30.4 -72.8 7.001803e+06 1126675894.6 6.79717e-07
1126657701.3 5.0 1126658562.5 1126659021.7 1126663741.2 1126661152.7 1126660117.3 1.11032e-07 1126658500 1126663800 -22.1 170.0 1.207971e+07 1126661509.1 1.84482e-08
1126585459.1 5.0 1126586094.0 1126586612.1 1126589022.3 1126587495.2 1126586884.4 4.02850e-07 1126586000 1126589100 -31.4 -72.0 7.126432e+06 1126588333.8 1.44283e-08
1133391591.7 4.9 1133392442.4 1133392910.5 1133397471.1 1133394951.3 1133393943.4 1.05275e-07 1133392400 1133397500 43.9 85.2 1.175878e+07 1133395315.6 2.90775e-08
1132785165.7 4.9 1132786121.1 1132786510.0 1132792421.8 1132789312.0 1132788068.1 3.36577e-08 1132786100 1132792500 3.7 126.9 1.451216e+07 1132786207.4 4.58218e-08
1128224989.2 4.7 1128225831.5 1128226304.5 1128230763.1 1128228288.6 1128227298.8 5.42085e-08 1128225800 1128230800 -33.2 -177.8 1.154763e+07 1128226958.5 1.90316e-08
1133137536.3 4.2 1133138168.6 1133138685.1 1133141113.7 1133139580.5 1133138967.2 1.05673e-08 1133138100 1133141200 -31.6 -72.0 7.154789e+06 1133138393.1 4.58367e-08
