    1132440670.8         1132441110.1          7.589e-05           9.53028e-05          2.18522e-04              7.6              4.958033e+06            611.7                  1           
    1132440355.1         1132440798.9          7.589e-05           9.85327e-05          2.03315e-04              7.6              5.013847e+06            600.6                  1           
    1132440355.8         1132440799.1          7.589e-05           9.85327e-05          2.03315e-04              7.6              5.009851e+06            605.7                  1           
    1129885799.6         1129886646.4         4.09016e-05          4.13609e-05          2.35235e-04              7.5              1.232874e+07            231.0                  1           
    1133509823.6         1133510689.5          0.00011562          4.66460e-05          2.88294e-04              7.2              1.220340e+07             26.0                  1           
    1133509824.5         1133510689.5          0.00011562          4.66460e-05          2.88294e-04              7.2              1.220637e+07             33.0                  1           
    1133509823.0         1133510689.6          0.00011562          4.66460e-05          2.88294e-04              7.2              1.220875e+07             22.0                  1           
    1133303117.1         1133304314.5         1.52394e-05          1.52406e-05          5.20924e-05              7.1              1.807113e+07             35.0                  1           
    1131906681.6         1131907561.7         3.19841e-05          1.26987e-05          8.69761e-05              7.0              1.250891e+07             13.4                  1           
    1133691727.4         1133692699.5         9.16764e-06          1.04599e-05          3.04450e-05              6.9              1.489337e+07             33.9                  1           
    1131245196.9         1131245819.1          7.1581e-06          9.01001e-06          2.68859e-05              6.9              6.924445e+06             10.0                  1           
    1131242095.5         1131242717.7         1.50342e-05          7.60268e-06          3.92656e-05              6.9              6.930661e+06             12.0                  1           
    1131242095.6         1131242717.9         1.50342e-05          7.60268e-06          3.92656e-05              6.9              6.931514e+06             12.0                  1           
    1133691725.5         1133692699.4         9.16764e-06          1.04599e-05          3.04450e-05              6.9              1.488996e+07             21.0                  1           
    1132551935.3         1132552368.6         8.89328e-06          1.38875e-05          1.10837e-05              6.7              4.859785e+06            599.4                  1           
    1131483108.0         1131483968.8         2.86558e-05          1.27417e-05          7.87385e-05              6.7              1.202080e+07             12.0                  1           
    1135897539.1         1135898467.6         6.64998e-06          2.84422e-06          2.72784e-05              6.7              1.386307e+07             55.0                  1           
    1136777150.6         1136777937.1         4.85027e-06          2.60485e-06          2.15928e-05              6.7              1.029276e+07             46.0                  1           
    1136777150.0         1136777936.4         4.85027e-06          2.60485e-06          2.15928e-05              6.7              1.029300e+07             46.0                  1           
    1127145224.7         1127146183.2         4.66955e-06          4.97216e-06          1.31642e-05              6.6              1.449176e+07             18.0                  1           
    1126892417.1         1126893051.0          9.0782e-06          1.15904e-05          2.38812e-05              6.6              7.184352e+06             35.0                  1           
    1131779424.3         1131780185.0         1.09373e-05          7.07747e-06          3.54074e-05              6.5              9.566948e+06             11.0                  1           
    1131120243.1         1131120863.5         1.07422e-05          5.63179e-06          2.53944e-05              6.5              6.909256e+06             15.0                  1           
    1130643872.2         1130644873.9         3.92832e-06          2.50616e-06          1.36293e-05              6.5              1.558304e+07             20.0                  1           
    1136565504.1         1136566462.5         5.84782e-06          5.20626e-06          2.06622e-05              6.5              1.450202e+07             20.8                  1           
    1136565502.9         1136566462.5         5.84782e-06          5.20626e-06          2.06622e-05              6.5              1.449977e+07             13.0                  1           
    1136565502.0         1136566461.6         5.84782e-06          5.20626e-06          2.06622e-05              6.5              1.449965e+07             13.0                  1           
    1135106104.2         1135106954.8         3.03355e-06          3.58975e-06          5.77932e-06              6.3              1.235299e+07            206.0                  1           
    1132693240.0         1132693831.6         3.93357e-06          4.44345e-06          5.75892e-06              6.2              6.488165e+06             35.0                  1           
    1126702357.9         1126702996.9         2.85236e-06          3.25264e-06          6.03052e-06              6.2              7.227781e+06             18.0                  1           
    1132131989.1         1132132964.1         1.80566e-06          2.53797e-06          1.68543e-06              6.1              1.506619e+07             67.3                  1           
    1128560324.2         1128561118.4         1.19276e-06          1.47385e-06          1.96632e-06              6.1              1.035478e+07             10.0                  1           
    1126849191.9         1126849825.0         2.31824e-06          3.12542e-06          3.88989e-06              6.1              7.157515e+06             30.0                  1           
    1134672472.5         1134673460.4         5.14228e-06          4.72895e-06          7.79686e-06              6.1              1.518095e+07             6.9                   1           
    1132131990.5         1132132963.6         1.80566e-06          2.53797e-06          1.68543e-06              6.1              1.506122e+07             82.0                  1           
    1136777145.3         1136777673.3         4.72837e-06          2.60485e-06          2.00321e-05              6.1              6.288459e+06            582.6                  1           
    1134672473.6         1134673460.2         5.14228e-06          4.72895e-06          7.79686e-06              6.1              1.517999e+07             14.0                  1           
    1129608275.1         1129609265.0          1.5372e-06          2.03375e-06          1.30295e-06              6.0              1.524545e+07             10.0                  1           
    1129220332.5         1129221120.8         3.10189e-06          2.80722e-06          6.37805e-06              6.0              1.022002e+07             12.0                  1           
    1128836605.3         1128837339.7          4.154e-06           1.86804e-06          1.24398e-05              6.0              9.000443e+06             12.0                  1           
    1127338852.4         1127339666.8         1.13293e-06          1.47647e-06          1.12132e-06              6.0              1.084929e+07             10.0                  1           
    1126627199.6         1126627684.4         4.67121e-06          2.93876e-06          1.40065e-05              6.0              4.854970e+06             10.0                  1           
    1136021671.0         1136022465.4         1.74041e-06          2.59029e-06          1.38251e-06              6.0              1.035964e+07             10.0                  1           
    1129885789.0         1129886639.2         4.09016e-05          4.13609e-05          2.35235e-04              5.9              1.234441e+07            206.9                  1           
    1136699779.2         1136700541.5         1.51175e-06          1.82491e-06          1.56701e-06              5.9              1.030978e+07            263.0                  1           
    1135695752.6         1135696579.6         1.91634e-06          3.70520e-06          2.04681e-06              5.8              1.127480e+07             38.3                  1           
    1135101502.0         1135102180.1         2.03775e-06          3.04843e-06          1.41266e-06              5.8              7.898294e+06             10.0                  1           
    1135033875.2         1135034847.5         2.32734e-06          3.60495e-06          3.43174e-06              5.8              1.515032e+07            119.0                  0           
    1134924926.9         1134925813.2         2.83851e-06          4.44583e-06          2.94601e-06              5.8              1.265071e+07             10.0                  1           
    1134588322.5         1134588948.2         2.03601e-06          2.60853e-06          1.06508e-06              5.8              7.068215e+06             47.6                  1           
    1132182347.7         1132182974.8          1.4451e-06          1.88025e-06          1.32731e-06              5.8              7.051457e+06             27.0                  1           
    1132032729.5         1132033570.7         2.57695e-06          3.06642e-06          3.25868e-06              5.8              1.153940e+07             14.0                  1           
    1130100417.3         1130101255.5         1.16507e-06          1.55693e-06          5.53398e-07              5.8              1.185391e+07            141.0                  1           
    1129673019.8         1129673960.0         1.43211e-06          1.97420e-06          1.51035e-06              5.8              1.399170e+07             8.0                   1           
    1129116806.0         1129117419.3         1.12156e-06          1.99947e-06          2.51618e-06              5.8              6.796717e+06             17.0                  1           
    1127887439.1         1127888107.2         3.08734e-06          4.19947e-06          2.91529e-06              5.8              7.729828e+06             14.5                  0           
    1127145433.2         1127146305.9         4.66955e-06          4.97216e-06          1.30049e-05              5.8              1.237435e+07             25.5                  1           
    1137176675.4         1137177515.4         2.51386e-06          3.23799e-06          3.17566e-06              5.8              1.147711e+07             7.0                   1           
    1136804675.0         1136805477.1         1.87077e-06          2.40299e-06          2.54647e-06              5.8              1.054753e+07             10.0                  1           
    1135695753.7         1135696581.0         1.91634e-06          3.70520e-06          2.04681e-06              5.8              1.126585e+07             34.0                  1           
    1135594635.1         1135594902.5         7.99138e-06          1.05984e-05          2.65916e-05              5.8              2.184031e+06             20.0                  1           
    1134924926.5         1134925812.6         2.83851e-06          4.44583e-06          2.94601e-06              5.8              1.264726e+07             10.0                  1           
    1134588322.6         1134588948.2         2.03601e-06          2.60853e-06          1.06508e-06              5.8              7.068674e+06             48.3                  1           
    1136664316.7         1136665163.0         1.08651e-06          1.29069e-06          1.09613e-06              5.7              1.233954e+07            239.0                  1           
    1135743756.7         1135744503.0         2.23483e-06          4.25040e-06          2.12466e-06              5.7              1.069936e+07            583.1                  0           
    1135594637.5         1135594902.7         7.99138e-06          1.05984e-05          2.65916e-05              5.7              2.181369e+06             36.5                  1           
    1133784331.7         1133785178.3         1.37709e-06          1.49065e-06          1.70662e-06              5.7              1.165567e+07             10.0                  1           
    1132513078.6         1132514044.7         2.74175e-06          4.66866e-06          3.56539e-06              5.7              1.474005e+07             33.2                  1           
    1131564038.4         1131564898.0         2.32775e-06          3.09714e-06          3.62597e-06              5.7              1.198186e+07             10.0                  1           
    1131017611.6         1131018231.0         6.29366e-06          1.09461e-05          3.09554e-06              5.7              6.905800e+06             20.0                  1           
    1131010514.3         1131011687.1         7.31285e-06          1.26770e-05          1.09404e-05              5.7              1.639647e+07             69.0                  1           
    1131005634.4         1131006165.9         6.78024e-06          1.18598e-05          5.11780e-06              5.7              5.763149e+06            159.9                  1           
    1130928841.2         1130929468.1          2.0098e-06          2.85073e-06          1.51759e-06              5.7              7.078403e+06             42.0                  1           
    1130621119.0         1130622122.1         7.94748e-07          1.07030e-06          5.57824e-07              5.7              1.557637e+07             10.3                  0           
    1127664429.3         1127665249.8         2.80289e-06          6.74797e-06          4.08490e-06              5.7              1.129455e+07            101.0                  0           
    1126688846.5         1126689477.2         1.94726e-06          2.95292e-06          2.13698e-06              5.7              7.111992e+06             28.0                  1           
    1136664316.0         1136665162.3         1.08651e-06          1.29069e-06          1.09613e-06              5.7              1.233741e+07            239.0                  1           
    1136463139.4         1136463965.9          2.0283e-06          3.32181e-06          2.06116e-06              5.6              1.112933e+07             4.0                   0           
    1133614584.4         1133615213.4         1.12391e-06          1.59587e-06          1.57016e-06              5.6              7.076580e+06             25.0                  0           
    1132714284.8         1132715055.1         2.39448e-06          3.71596e-06          3.11284e-06              5.6              9.969830e+06             69.0                  0           
    1132346498.5         1132346713.1         3.13244e-06          4.21384e-06          8.86938e-06              5.6              1.711900e+06             34.0                  1           
    1131816593.3         1131817451.7         2.87376e-06          4.53645e-06          4.77600e-06              5.6              1.198551e+07             18.0                  1           
    1131236834.8         1131237718.5         7.88881e-06          7.60242e-06          1.15695e-05              5.6              1.259981e+07             13.0                  0           
    1131014794.5         1131015414.3         7.31298e-06          1.21411e-05          5.03245e-06              5.6              6.902133e+06             16.0                  1           
    1129139556.9         1129140248.4         1.29515e-06          1.87526e-06          1.32510e-06              5.6              8.144822e+06             10.1                  1           
    1126703354.8         1126703983.5         1.86281e-06          1.27620e-06          6.62997e-06              5.6              7.033354e+06             10.0                  1           
    1137204824.2         1137205729.1         1.82867e-06          2.23770e-06          1.56722e-06              5.6              1.318462e+07             27.1                  1           
    1137021766.0         1137022749.8          2.8763e-06          3.87138e-06          3.60641e-06              5.6              1.506613e+07             4.1                   1           
    1136812506.2         1136813444.9         1.68829e-06          1.94316e-06          1.61444e-06              5.6              1.406234e+07             35.0                  1           
    1136804675.8         1136805477.9         1.87077e-06          2.40299e-06          2.54647e-06              5.6              1.054718e+07             10.0                  1           
    1133998391.9         1133999071.7         1.60538e-06          2.42965e-06          1.65169e-06              5.5              7.928294e+06             10.0                  1           
    1133741389.8         1133742049.8         1.33939e-06          1.54349e-06          1.44107e-06              5.5              7.571963e+06             10.0                  1           
    1133512273.7         1133513126.9          0.00011562          4.66460e-05          2.61800e-04              5.5              1.186746e+07             21.5                  1           
    1133509888.4         1133510518.9         5.21815e-05          1.18754e-05          2.26914e-04              5.5              7.153303e+06             49.5                  1           
    1132949962.3         1132951148.1         9.34456e-07          1.29301e-06          7.19577e-07              5.5              1.673188e+07             10.0                  1           
    1131277540.9         1131278717.5         1.37735e-06          1.91855e-06          2.06003e-06              5.5              1.678574e+07             83.0                  0           
    1131014538.6         1131015552.2         7.31165e-06          1.21412e-05          6.03119e-06              5.5              1.583008e+07             8.0                   1           
    1130776375.8         1130777273.2          8.057e-07           8.70914e-07          9.39774e-07              5.5              1.292900e+07             10.0                  1           
    1130447397.8         1130448305.6         4.05954e-06          7.36831e-06          2.07322e-06              5.5              1.317686e+07             7.0                   1           
    1127326661.9         1127327563.5         1.05693e-06          1.50648e-06          1.12844e-06              5.5              1.300532e+07             2.9                   1           
    1136808946.5         1136809883.8         1.75321e-06          2.15615e-06          2.12095e-06              5.5              1.392876e+07             10.0                  1           
    1136021672.2         1136022466.5         1.74041e-06          2.59029e-06          1.38251e-06              5.4              1.035895e+07             10.0                  1           
    1135632595.9         1135633430.2         2.48304e-06          4.05668e-06          1.28213e-06              5.4              1.141859e+07             27.3                  0           
    1135140212.2         1135141418.2         2.61662e-06          3.24439e-06          1.58337e-06              5.4              1.866072e+07             10.0                  0           
    1134512233.5         1134513146.8         2.07223e-06          2.63063e-06          2.00396e-06              5.4              1.332674e+07             10.0                  1           
    1133238367.8         1133239215.3         1.80845e-06          2.66491e-06          1.78541e-06              5.4              1.167960e+07             10.0                  0           
    1133134046.9         1133134858.1         1.06672e-06          1.58103e-06          1.09376e-06              5.4              1.077171e+07             10.0                  0           
    1132785187.3         1132786145.3         1.58216e-06          2.31748e-06          1.49723e-06              5.4              1.450347e+07             23.8                  1           
    1132648458.6         1132649398.9          3.4071e-06          4.81527e-06          3.74484e-06              5.4              1.411405e+07             39.4                  1           
    1131452514.0         1131453368.2          2.3763e-06          2.73015e-06          2.82333e-06              5.4              1.187132e+07             16.0                  1           
    1130384944.5         1130385734.0         3.48263e-06          6.06658e-06          4.76400e-06              5.4              1.037012e+07             47.0                  1           
    1129979115.4         1129980308.0         6.00676e-06          9.92668e-06          2.98340e-06              5.4              1.725140e+07             10.0                  0           
    1129336631.5         1129337501.1         2.83652e-06          3.92281e-06          1.44979e-06              5.4              1.245891e+07             78.0                  0           
    1129149910.9         1129150798.1         1.24651e-06          1.98974e-06          1.88895e-06              5.4              1.281720e+07             50.8                  1           
    1128938865.1         1128939266.2         1.94559e-06          2.53181e-06          1.88662e-06              5.4              3.867573e+06             97.1                  1           
    1128220238.6         1128220664.6         1.13359e-06          1.25614e-06          1.61958e-06              5.4              4.067809e+06             10.0                  0           
    1127669171.2         1127669389.5          2.8028e-06          6.74801e-06          4.01847e-06              5.4              1.747102e+06             42.0                  1           
    1126885045.0         1126885675.2         8.19275e-07          1.27101e-06          1.08188e-06              5.4              7.097894e+06             25.6                  0           
    1126686701.6         1126687327.9         1.94707e-06          2.95296e-06          2.24850e-06              5.4              6.987526e+06             8.0                   0           
    1137122455.8         1137122660.1         4.56127e-06          4.59540e-06          4.71894e-06              5.4              1.605182e+06             10.0                  1           
    1132648454.8         1132649399.1          3.4071e-06          4.81527e-06          3.74484e-06              5.4              1.410911e+07             11.5                  1           
    1136586013.3         1136586786.0         1.51658e-06          1.90348e-06          1.32742e-06              5.3              1.129107e+07            552.5                  0           
    1136121552.6         1136121772.5         1.75322e-06          2.41920e-06          1.64807e-06              5.3              1.734651e+06             10.0                  1           
    1135264806.1         1135265449.5         2.46398e-06          3.78257e-06          1.55791e-06              5.3              7.282519e+06             10.0                  0           
    1134333534.1         1134334332.6          1.5447e-06          1.89589e-06          1.18766e-06              5.3              1.056188e+07             37.3                  1           
    1133510367.0         1133511232.1          0.00011562          4.66460e-05          2.88029e-04              5.3              1.215276e+07             17.9                  1           
    1133409805.2         1133410694.8          1.8994e-06          2.17361e-06          1.08256e-06              5.3              1.273812e+07             11.1                  1           
    1133191765.5         1133192655.0         1.19635e-06          1.77966e-06          9.60849e-07              5.3              1.315048e+07            144.2                  1           
    1132929941.3         1132930522.4         9.84774e-07          1.25445e-06          1.58205e-06              5.3              6.565056e+06            179.3                  1           
    1131555228.3         1131556241.8         2.25828e-06          3.27347e-06          2.06776e-06              5.3              1.583527e+07             10.0                  1           
    1130807413.5         1130808017.5          7.8266e-07          9.23828e-07          1.54359e-06              5.3              6.650569e+06             18.8                  1           
    1130644279.6         1130645282.7         3.92833e-06          2.50602e-06          1.37723e-05              5.3              1.557499e+07             10.0                  1           
    1130391748.5         1130392616.3          3.7203e-06          5.77472e-06          5.23039e-06              5.3              1.234685e+07             55.4                  1           
    1129983338.3         1129984531.2         5.43187e-06          8.60191e-06          2.59483e-06              5.3              1.727340e+07             10.0                  1           
    1129511847.3         1129512662.2         1.73574e-06          2.82859e-06          2.16508e-06              5.3              1.088416e+07             15.3                  1           
    1129442706.2         1129443515.0         2.00457e-06          2.87612e-06          1.69947e-06              5.3              1.076874e+07             24.2                  0           
    1129256274.1         1129257173.0          1.3241e-06          2.20210e-06          1.26325e-06              5.3              1.296564e+07             10.0                  1           
    1127693117.8         1127694302.2         1.10102e-06          1.38522e-06          1.05447e-06              5.3              1.690855e+07             34.0                  1           
    1126686892.6         1126687794.4         1.94707e-06          2.95296e-06          2.13637e-06              5.3              1.302239e+07             5.7                   1           
    1137257680.8         1137258540.3         1.84198e-06          2.33779e-06          1.87628e-06              5.3              1.197919e+07             10.0                  1           
    1137204142.4         1137205321.1         1.82867e-06          2.23770e-06          1.10200e-06              5.3              1.631558e+07             16.5                  1           
    1136121552.5         1136121772.6         1.75322e-06          2.41920e-06          1.64807e-06              5.3              1.736301e+06             10.0                  1           
    1133741389.4         1133742050.5         1.33939e-06          1.54349e-06          1.44107e-06              5.3              7.590663e+06             10.0                  1           
    1135953390.9         1135954312.7         1.04877e-06          1.91703e-06          9.26457e-07              5.2              1.355006e+07             12.6                  1           
    1135759059.5         1135759911.6         1.74132e-06          2.88297e-06          8.59813e-07              5.2              1.234154e+07            189.0                  1           
    1134638948.5         1134639873.0         3.34731e-06          3.80669e-06          3.34954e-06              5.2              1.392032e+07            107.8                  0           
    1134162738.8         1134163332.2         2.98434e-06          4.38686e-06          1.48501e-06              5.2              6.536903e+06             46.7                  1           
    1133748300.7         1133749273.4         1.31328e-06          1.57036e-06          1.83885e-06              5.2              1.489575e+07             30.2                  1           
    1133511001.9         1133511869.9          0.00011562          4.66460e-05          2.86527e-04              5.2              1.219424e+07             10.0                  1           
    1131384536.1         1131385161.4         1.64514e-06          2.86246e-06          1.59588e-06              5.2              7.046562e+06             39.4                  0           
    1131315496.5         1131316451.5         1.49335e-06          1.98523e-06          1.60239e-06              5.2              1.465171e+07             96.7                  0           
    1131032473.4         1131033208.2         7.33383e-06          1.19277e-05          5.20511e-06              5.2              9.118164e+06             49.5                  1           
    1131024244.8         1131025258.6          7.2212e-06          1.18035e-05          3.20832e-06              5.2              1.584300e+07             9.8                   1           
    1130972051.4         1130973015.5         4.24921e-06          6.19808e-06          3.27345e-06              5.2              1.470479e+07             37.1                  1           
    1130723979.4         1130724666.9         7.81154e-07          9.62284e-07          9.17501e-07              5.2              8.197143e+06             61.0                  1           
    1130517424.7         1130518395.1         1.71984e-06          2.12013e-06          9.91662e-07              5.2              1.507413e+07            109.6                  0           
    1127591618.3         1127592531.2         1.10137e-06          1.48189e-06          3.24608e-07              5.2              1.332821e+07             12.3                  0           
    1127257137.3         1127257996.5         1.53456e-06          1.97377e-06          1.40414e-06              5.2              1.199787e+07             16.0                  0           
    1127146422.7         1127147049.8         3.61859e-06          2.61923e-06          1.21734e-05              5.2              7.079613e+06             41.0                  1           
    1127145456.5         1127146109.9         4.66955e-06          4.97216e-06          1.31633e-05              5.2              7.455012e+06             10.1                  1           
    1126929811.7         1126930739.8         1.03949e-06          1.48427e-06          9.80081e-07              5.2              1.369807e+07             10.0                  0           
    1137208939.4         1137209822.5         2.11523e-06          2.77507e-06          2.59530e-06              5.2              1.270136e+07             46.4                  1           
    1137180127.2         1137181091.7         2.33984e-06          3.23799e-06          2.49567e-06              5.2              1.461073e+07             10.0                  1           
    1137079820.5         1137080782.4         5.60877e-06          8.22496e-06          7.02304e-06              5.2              1.492735e+07            131.8                  1           
    1137054640.7         1137054879.3         5.78765e-06          7.65842e-06          6.78253e-06              5.2              1.896447e+06             10.0                  1           
    1137005690.7         1137006866.1         2.40224e-06          3.16889e-06          2.10376e-06              5.2              1.651898e+07             61.7                  1           
    1136998697.7         1136998993.7         2.75532e-06          3.12691e-06          3.31477e-06              5.2              2.484388e+06             24.9                  1           
    1136752515.8         1136753416.4         1.64807e-06          1.99994e-06          2.21518e-06              5.2              1.300983e+07             10.0                  1           
    1135953390.5         1135954312.7         1.04877e-06          1.91703e-06          9.26457e-07              5.2              1.354912e+07             10.0                  1           
    1136744969.0         1136745771.4         1.37065e-06          1.78043e-06          1.55380e-06              5.2              1.065267e+07             35.0                  1           
    1133166783.1         1133167404.2         1.13567e-06          1.79178e-06          9.61964e-07              5.2              6.967819e+06             34.8                  0           
    1126650938.1         1126651564.4         7.20011e-07          1.29515e-06          7.14060e-07              5.2              6.992842e+06             10.0                  1           
    1136079018.5         1136079842.9         1.86144e-06          2.60644e-06          1.42572e-06              5.1              1.106847e+07             0.0                   1           
    1135064647.0         1135065491.9         2.31598e-06          2.84031e-06          1.89005e-06              5.1              1.196615e+07            121.4                  1           
    1135023539.7         1135024435.4         2.83935e-06          3.81645e-06          2.86030e-06              5.1              1.288662e+07             10.0                  1           
    1134920230.5         1134921098.3         3.04986e-06          3.77854e-06          3.61941e-06              5.1              1.218399e+07             9.3                   0           
    1134512066.2         1134512821.1         2.07223e-06          2.63063e-06          1.75781e-06              5.1              1.079301e+07            530.0                  1           
    1134021217.0         1134022008.4         1.94241e-06          3.02026e-06          1.39765e-06              5.1              1.029520e+07             12.3                  0           
    1133839265.8         1133840447.4         1.44452e-06          1.71681e-06          1.37271e-06              5.1              1.683822e+07             48.3                  1           
    1133795023.4         1133795855.8         1.24745e-06          1.44582e-06          1.05180e-06              5.1              1.132662e+07             16.2                  0           
    1132620791.5         1132621225.1          4.6338e-06          6.52561e-06          3.24791e-06              5.1              4.878247e+06            616.0                  1           
    1132532259.8         1132533159.6          2.6642e-06          3.95506e-06          2.41262e-06              5.1              1.353057e+07            187.2                  1           
    1132261380.1         1132262253.3         1.44647e-06          2.50006e-06          6.42732e-07              5.1              1.233510e+07             12.9                  0           
    1132259928.5         1132260283.1         1.33738e-06          2.40869e-06          1.19858e-06              5.1              3.158287e+06             10.0                  1           
    1132097158.4         1132098017.6         1.69229e-06          2.20705e-06          2.07541e-06              5.1              1.197207e+07             10.0                  1           
    1132066257.3         1132067224.6         2.03332e-06          2.96702e-06          1.87719e-06              5.1              1.467972e+07             10.0                  1           
    1132032855.2         1132033697.2         2.57695e-06          3.06642e-06          3.94094e-06              5.1              1.154199e+07             10.0                  1           
    1131940068.8         1131940901.6         2.06628e-06          3.14763e-06          6.28827e-07              5.1              1.142025e+07             39.5                  1           
    1131908052.8         1131908933.3         3.19841e-05          1.26987e-05          9.14273e-05              5.1              1.250609e+07             10.0                  1           
    1131784437.8         1131785198.7         2.45561e-06          3.09400e-06          3.69625e-06              5.1              9.565467e+06             9.0                   1           
    1131679919.2         1131680586.4         1.48319e-06          2.06537e-06          1.39949e-06              5.1              7.757456e+06             31.3                  1           
    1131568486.3         1131569346.3          1.7519e-06          2.58020e-06          1.41059e-06              5.1              1.199141e+07             10.0                  1           
    1131454495.4         1131455350.6          2.3763e-06          2.73015e-06          3.15534e-06              5.1              1.187313e+07             10.0                  0           
    1131278948.1         1131279231.0         1.37735e-06          1.91857e-06          2.41164e-06              5.1              2.362978e+06             36.1                  1           
    1131246486.0         1131247108.6         4.42129e-06          2.02687e-06          1.10440e-05              5.1              6.930875e+06             10.0                  1           
    1131243836.3         1131244458.8          7.1581e-06          9.01075e-06          2.10003e-05              5.1              6.929805e+06             10.0                  1           
    1131242482.9         1131243105.7         1.50344e-05          9.01075e-06          3.56806e-05              5.1              6.934194e+06             10.0                  1           
    1131112673.4         1131113579.1         2.57856e-06          3.31907e-06          1.99803e-06              5.1              1.312708e+07             7.6                   0           
    1131028462.4         1131029476.6         6.35834e-06          1.19277e-05          3.40850e-06              5.1              1.585338e+07             10.0                  1           
    1131018896.3         1131019909.9         7.22821e-06          1.21364e-05          5.70084e-06              5.1              1.583863e+07             10.1                  1           
    1130548261.0         1130549128.6         1.40225e-06          1.92365e-06          1.19981e-06              5.1              1.224625e+07             26.0                  1           
    1130210338.9         1130211149.0         1.23707e-06          1.75600e-06          1.41432e-06              5.1              1.074353e+07             10.0                  1           
    1129900335.8         1129901087.7         1.83375e-05          2.73743e-05          8.47079e-06              5.1              1.079593e+07            562.9                  1           
    1129889363.0         1129890546.4         2.63575e-05          3.61095e-05          4.50257e-05              5.1              1.668718e+07             21.0                  1           
    1129590476.0         1129590892.2         2.14898e-06          2.47846e-06          1.46670e-06              5.1              3.940094e+06             10.0                  0           
    1129227462.2         1129228251.0         1.44607e-06          2.35250e-06          1.45759e-06              5.1              1.022524e+07             10.0                  0           
    1129220634.8         1129221423.3         3.10189e-06          2.80722e-06          7.46321e-06              5.1              1.021864e+07             10.0                  1           
    1128826044.8         1128826996.7         9.12453e-07          1.23370e-06          9.13200e-07              5.1              1.455020e+07             88.2                  0           
    1128497484.6         1128498314.3         1.28439e-06          1.54185e-06          1.13635e-06              5.1              1.197247e+07            257.0                  0           
    1128158500.7         1128158752.9         1.72594e-06          2.84749e-06          1.44495e-06              5.1              2.043289e+06             29.6                  1           
    1127906478.7         1127907101.0         2.78376e-06          3.56574e-06          2.83465e-06              5.1              6.973326e+06             28.5                  1           
    1127703009.9         1127704194.2         1.08192e-06          1.53695e-06          1.49167e-06              5.1              1.691618e+07             35.0                  1           
    1126658931.4         1126659889.3         7.60295e-07          1.10060e-06          1.06477e-06              5.1              1.451798e+07             29.0                  0           
    1137159855.0         1137160685.6         3.19847e-06          3.35155e-06          2.96701e-06              5.1              1.152957e+07             95.0                  1           
    1137093933.8         1137095140.0         5.51253e-06          8.08585e-06          3.57845e-06              5.1              1.868297e+07             10.0                  1           
    1137019103.5         1137019990.6          2.8645e-06          3.63232e-06          3.17100e-06              5.1              1.267194e+07             10.0                  1           
    1136854625.0         1136855571.8         2.63256e-06          3.76634e-06          1.28507e-06              5.1              1.416690e+07             10.0                  1           
    1136785196.7         1136785972.2         2.06372e-06          2.52655e-06          1.97718e-06              5.1              1.029296e+07            139.9                  1           
    1136777915.1         1136778907.5         4.85027e-06          2.91876e-06          1.98256e-05              5.1              1.576714e+07            158.2                  1           
    1136755111.5         1136755969.3         1.64807e-06          1.99994e-06          1.56367e-06              5.1              1.193725e+07             10.0                  1           
    1136744960.9         1136745764.8         1.37065e-06          1.78043e-06          1.55380e-06              5.1              1.059035e+07             10.0                  1           
    1136699267.8         1136700451.3         1.51175e-06          1.83078e-06          1.06799e-06              5.1              1.656450e+07             10.0                  1           
    1135143625.0         1135144279.4         2.61662e-06          3.04882e-06          -2.91794e-09             5.1              7.472537e+06             10.0                  0           
    1131112673.9         1131113579.1         2.57856e-06          3.31907e-06          1.99803e-06              5.1              1.312770e+07             10.6                  0           
    1127316923.0         1127317708.3         1.23721e-06          1.53073e-06          1.95310e-06              5.1              1.014146e+07             10.0                  1           
    1127234249.0         1127235062.7         1.20476e-06          1.72608e-06          9.31630e-07              5.1              1.083363e+07             10.0                  1           
    1126569317.7         1126569954.4         1.08388e-06          1.72841e-06          6.46821e-07              5.1              7.167992e+06             10.0                  0           
    1137053871.7         1137054109.5         4.85277e-06          7.17691e-06          2.65674e-06              5.1              1.890297e+06             10.0                  1           
    1136972570.4         1136973240.1         2.78514e-06          3.43203e-06          1.00207e-06              5.1              7.745637e+06             10.0                  1           
    1136079019.8         1136079842.9         1.86144e-06          2.60644e-06          1.42572e-06              5.1              1.106915e+07             10.0                  1           
    1128163670.2         1128164301.2         9.01323e-07          1.23779e-06          6.62386e-07              5.1              7.150926e+06             42.8                  0           
    1136498874.7         1136499722.9         2.54028e-06          3.48563e-06          1.31940e-06              5.0              1.189079e+07             67.3                  0           
    1136468031.3         1136468664.8          1.9464e-06          3.34952e-06          1.75976e-06              5.0              7.128202e+06             15.7                  1           
    1136216460.1         1136217150.7         2.84641e-06          3.56605e-06          2.72606e-06              5.0              8.171389e+06             24.1                  1           
    1135635754.3         1135636373.0         2.05147e-06          3.01099e-06          1.12346e-06              5.0              6.935845e+06             39.9                  0           
    1135481152.3         1135481375.4         1.62429e-06          2.05559e-06          1.59488e-06              5.0              1.808715e+06             88.4                  0           
    1135479533.5         1135480186.3         1.83914e-06          2.15879e-06          9.99498e-07              5.0              7.446364e+06             10.0                  0           
    1134922688.6         1134923226.1         3.04986e-06          3.67060e-06          2.66005e-06              5.0              5.606982e+06             10.0                  0           
    1134684291.9         1134685174.9         4.75653e-06          5.64385e-06          4.51871e-06              5.0              1.271944e+07             52.9                  1           
    1134168994.2         1134169883.2         2.83831e-06          3.19228e-06          2.92235e-06              5.0              1.282313e+07             37.5                  0           
    1133968155.0         1133968807.8         1.38599e-06          1.97429e-06          1.98137e-06              5.0              7.515990e+06             37.9                  1           
    1133906753.8         1133907955.3         1.26202e-06          1.57253e-06          1.41899e-06              5.0              1.807232e+07             10.0                  1           
    1133295755.1         1133296638.1          2.383e-06           2.97611e-06          4.15177e-06              5.0              1.258603e+07             14.2                  0           
    1133193332.1         1133193981.5         1.19635e-06          1.77978e-06          1.61253e-06              5.0              7.399301e+06             14.7                  1           
    1133137452.7         1133138105.8         9.19586e-07          1.45528e-06          1.98118e-07              5.0              7.449357e+06             10.0                  0           
    1133036429.7         1133037311.0          1.032e-06           1.30440e-06          1.02858e-06              5.0              1.267461e+07             51.9                  1           
    1133012412.1         1133012936.9         1.02719e-06          1.23756e-06          5.48670e-07              5.0              5.597576e+06            117.3                  1           
    1132789674.1         1132789949.6         1.25928e-06          2.09690e-06          9.38110e-07              5.0              2.267864e+06             21.0                  1           
    1132674419.8         1132675593.2         3.51006e-06          4.90885e-06          1.66146e-06              5.0              1.623380e+07             45.0                  1           
    1132462027.8         1132462845.9         2.78953e-06          3.68771e-06          4.76249e-06              5.0              1.130501e+07            124.7                  1           
    1132391673.0         1132392305.7         1.74375e-06          2.54099e-06          1.68892e-06              5.0              7.170728e+06             39.1                  0           
    1132241664.9         1132242653.0         1.90704e-06          3.62900e-06          1.22679e-06              5.0              1.519936e+07             10.0                  0           
    1131941769.6         1131942690.1         2.15313e-06          3.24621e-06          2.40562e-06              5.0              1.353539e+07             16.5                  0           
    1131799880.6         1131800849.3         2.26914e-06          3.69844e-06          1.98204e-06              5.0              1.471666e+07             10.0                  1           
    1131599532.1         1131600345.7          1.4857e-06          2.08691e-06          1.60847e-06              5.0              1.092877e+07             35.0                  1           
    1131301151.7         1131301864.0         1.22121e-06          1.56917e-06          1.13873e-06              5.0              9.440311e+06            388.4                  1           
    1131148471.4         1131149087.6         1.48922e-06          2.14782e-06          1.11518e-06              5.0              6.904257e+06             44.4                  1           
    1130898640.3         1130899580.4         1.09378e-06          1.40364e-06          8.10668e-07              5.0              1.412510e+07             45.1                  0           
    1130876059.6         1130876263.7         8.29616e-07          1.35326e-06          6.71937e-07              5.0              1.628828e+06             48.7                  0           
    1130781791.0         1130782589.5         6.17352e-07          8.31241e-07          8.41853e-07              5.0              1.045849e+07             10.0                  1           
    1130775870.9         1130776872.4          8.057e-07           9.90543e-07          1.17331e-06              5.0              1.558104e+07             20.2                  1           
    1130680087.3         1130680855.4          7.6803e-07          9.94206e-07          7.77794e-07              5.0              9.992812e+06             95.7                  0           
    1130506853.2         1130507739.4         1.75641e-06          2.30484e-06          1.14495e-06              5.0              1.277443e+07             44.7                  1           
    1129986922.0         1129987827.8         5.43187e-06          8.51046e-06          1.33882e-06              5.0              1.313718e+07             10.0                  1           
    1129905555.3         1129906095.7         1.59347e-05          2.41142e-05          9.30480e-06              5.0              5.828132e+06            115.7                  1           
    1129858909.3         1129859688.6         1.76982e-05          2.62504e-05          1.29763e-05              5.0              1.143930e+07            546.0                  1           
    1129535446.9         1129536652.0         1.73098e-06          2.41937e-06          1.43470e-06              5.0              1.852059e+07             10.0                  0           
    1129370791.0         1129371417.9         2.25945e-06          2.86726e-06          2.17114e-06              5.0              7.084696e+06             46.0                  1           
    1129300276.0         1129301467.4         2.07827e-06          3.25612e-06          3.34846e-06              5.0              1.715378e+07             10.0                  1           
    1129117162.2         1129117994.6         1.23677e-06          2.61531e-06          2.92476e-06              5.0              1.127189e+07             3.4                   1           
    1128844056.0         1128844395.1         6.30722e-07          8.45252e-07          8.61704e-07              5.0              3.115083e+06            125.7                  1           
    1128837000.1         1128837734.5          4.154e-06           1.86804e-06          1.22826e-05              5.0              8.993274e+06             10.0                  1           
    1128393230.9         1128394073.1         7.69012e-07          1.06381e-06          1.05549e-06              5.0              1.152062e+07             3.8                   0           
    1128042592.4         1128043441.2         2.06454e-06          2.69406e-06          1.68022e-06              5.0              1.182752e+07             41.6                  1           
    1127988733.0         1127989360.5         3.53466e-06          4.44698e-06          3.53005e-06              5.0              7.064186e+06             29.9                  0           
    1127880866.7         1127881710.2         3.25502e-06          3.94805e-06          3.89485e-06              5.0              1.157868e+07             10.0                  1           
    1127426443.6         1127426913.4         1.18876e-06          2.40505e-06          1.06217e-06              5.0              4.650906e+06             10.0                  0           
    1126911975.0         1126912875.8         9.27966e-07          1.31083e-06          5.59859e-07              5.0              1.301299e+07             10.0                  1           
    1126870584.7         1126871552.2         6.74316e-07          1.05501e-06          7.36717e-07              5.0              1.467959e+07             8.6                   1           
    1126804725.6         1126805352.1         4.01971e-07          5.83902e-07          5.39226e-07              5.0              7.059256e+06             35.0                  1           
    1126753339.0         1126753966.2         5.32388e-07          8.00213e-07          7.11604e-07              5.0              7.089249e+06             45.5                  0           
    1126657701.3         1126658562.6         7.60295e-07          1.08607e-06          8.69853e-07              5.0              1.207971e+07             23.8                  0           
    1126585459.1         1126586094.0          9.6853e-07          1.57478e-06          7.93163e-07              5.0              7.126432e+06             5.7                   0           
    1137085555.4         1137086156.7          5.7909e-06          8.24745e-06          3.52034e-06              5.0              6.647230e+06             36.9                  1           
    1137079736.0         1137080303.1         5.60877e-06          7.77270e-06          4.31557e-06              5.0              6.196009e+06             90.3                  1           
    1136954173.9         1136955185.6         2.56848e-06          3.59379e-06          2.07469e-06              5.0              1.580888e+07             14.1                  1           
    1136756274.0         1136757140.3         1.64807e-06          2.27719e-06          2.76872e-06              5.0              1.216216e+07             13.3                  1           
    1136706777.8         1136707704.2         1.59676e-06          2.08044e-06          8.38218e-07              5.0              1.389441e+07             83.0                  1           
    1136656950.9         1136657787.6         1.01814e-06          1.30667e-06          8.43646e-07              5.0              1.158775e+07             62.9                  1           
    1136498873.8         1136499722.1         2.54028e-06          3.48563e-06          1.31940e-06              5.0              1.188676e+07             65.1                  0           
    1136482866.5         1136483662.6         2.13717e-06          3.36913e-06          1.63915e-06              5.0              1.040212e+07             10.0                  1           
    1136468032.8         1136468664.8          1.9464e-06          3.34952e-06          1.75976e-06              5.0              7.131002e+06             26.2                  1           
    1136299545.8         1136300169.2         1.86053e-06          2.73368e-06          1.12084e-06              5.0              6.957584e+06             15.0                  1           
    1136294961.0         1136295764.8         1.90918e-06          2.72033e-06          1.69943e-06              5.0              1.058854e+07             10.0                  1           
    1135635809.0         1135636993.0         2.05147e-06          3.01099e-06          7.32977e-07              5.0              1.660257e+07             10.0                  0           
    1135481151.0         1135481374.9         1.62429e-06          2.05559e-06          1.59488e-06              5.0              1.812262e+06             81.0                  0           
    1137177925.2         1137178769.2         2.51386e-06          3.23799e-06          2.36335e-06              5.0              1.180861e+07             75.0                  1           
    1133292213.3         1133293084.4         2.55732e-06          3.12302e-06          3.13576e-06              5.0              1.233211e+07             25.2                  0           
    1132695930.0         1132696520.7         2.53724e-06          3.55791e-06          2.33448e-06              5.0              6.481507e+06             38.9                  0           
    1131742356.7         1131742984.6         1.98879e-06          2.49208e-06          1.06426e-06              5.0              7.013904e+06             7.8                   0           
    1126649553.5         1126650181.3         6.82437e-07          1.29515e-06          2.49237e-07              5.0              7.019150e+06             10.5                  1           
    1126585762.5         1126586396.1          9.6853e-07          1.57478e-06          3.23507e-07              5.0              7.164351e+06             29.0                  0           
    1126582354.7         1126582991.3         9.38896e-07          1.47080e-06          8.12048e-07              5.0              7.167423e+06             10.5                  0           
    1126581357.7         1126581989.4         9.33239e-07          1.47080e-06          5.64952e-07              5.0              7.149792e+06             36.6                  0           
