    1132440670.8         1132441110.1         1132441582.0              1           
    1132440355.1         1132440798.9         1132441582.0              1           
    1132440355.8         1132440799.1         1132441582.0              1           
    1129885799.6         1129886646.4         1129890010.8              1           
    1133509823.6         1133510689.5         1133514197.9              1           
    1133509824.5         1133510689.5         1133514197.9              1           
    1133509823.0         1133510689.6         1133514197.9              1           
    1133303117.1         1133304314.5         1133308573.7              1           
    1131906681.6         1131907561.7         1131911727.1              1           
    1133691727.4         1133692699.5         1133696608.6              1           
    1131245196.9         1131245819.1         1131246012.2              1           
    1131242095.5         1131242717.7         1131244889.8              1           
    1131242095.6         1131242717.9         1131244889.8              1           
    1133691725.5         1133692699.4         1133696608.6              1           
    1132551935.3         1132552368.6         1132553018.9              1           
    1131483108.0         1131483968.8         1131487851.9              1           
    1135897539.1         1135898467.6         1135902077.5              1           
    1136777150.6         1136777937.1         1136780356.6              1           
    1136777150.0         1136777936.4         1136780356.6              1           
    1127145224.7         1127146183.2         1127150571.4              1           
    1126892417.1         1126893051.0         1126895017.1              1           
    1131779424.3         1131780185.0         1131782362.7              1           
    1131120243.1         1131120863.5         1131123189.5              1           
    1130643872.2         1130644873.9         1130650862.2              1           
    1136565504.1         1136566462.5         1136570826.6              1           
    1136565502.9         1136566462.5         1136570826.6              1           
    1136565502.0         1136566461.6         1136570826.6              1           
    1135106104.2         1135106954.8         1135109495.6              1           
    1132693240.0         1132693831.6         1132695627.8              1           
    1126702357.9         1126702996.9         1126705286.4              1           
    1132131989.1         1132132964.1         1132136712.8              1           
    1128560324.2         1128561118.4         1128563683.8              1           
    1126849191.9         1126849825.0         1126851783.6              1           
    1134672472.5         1134673460.4         1134677071.1              1           
    1132131990.5         1132132963.6         1132136712.8              1           
    1136777145.3         1136777673.3         1136780236.0              1           
    1134672473.6         1134673460.2         1134677071.1              1           
    1129608275.1         1129609265.0         1129612822.6              1           
    1129220332.5         1129221120.8         1129223925.2              1           
    1128836605.3         1128837339.7         1128839941.9              1           
    1127338852.4         1127339666.8         1127343890.5              1           
    1126627199.6         1126627684.4         1126628992.2              1           
    1136021671.0         1136022465.4         1136025431.1              1           
    1129885789.0         1129886639.2         1129890010.8              1           
    1136699779.2         1136700541.5         1136701833.0              1           
    1135695752.6         1135696579.6         1135699075.6              1           
    1135101502.0         1135102180.1         1135104011.8              1           
    1135033875.2         1135034847.5         1135036773.6              0           
    1134924926.9         1134925813.2         1134928786.9              1           
    1134588322.5         1134588948.2         1134589674.1              1           
    1132182347.7         1132182974.8         1132184892.7              1           
    1132032729.5         1132033570.7         1132036714.5              1           
    1130100417.3         1130101255.5         1130101275.4              1           
    1129673019.8         1129673960.0         1129677518.1              1           
    1129116806.0         1129117419.3         1129119558.8              1           
    1127887439.1         1127888107.2         1127891244.6              0           
    1127145433.2         1127146305.9         1127150571.4              1           
    1137176675.4         1137177515.4         1137180387.8              1           
    1136804675.0         1136805477.1         1136808081.9              1           
    1135695753.7         1135696581.0         1135699075.6              1           
    1135594635.1         1135594902.5         1135595594.1              1           
    1134924926.5         1134925812.6         1134928786.9              1           
    1134588322.6         1134588948.2         1134589674.1              1           
    1136664316.7         1136665163.0         1136666879.8              1           
    1135743756.7         1135744503.0         1135747855.8              0           
    1135594637.5         1135594902.7         1135595594.1              1           
    1133784331.7         1133785178.3         1133788159.1              1           
    1132513078.6         1132514044.7         1132518020.7              1           
    1131564038.4         1131564898.0         1131568624.0              1           
    1131017611.6         1131018231.0         1131020433.2              1           
    1131010514.3         1131011687.1         1131017609.0              1           
    1131005634.4         1131006165.9         1131008196.8              1           
    1130928841.2         1130929468.1         1130930480.7              1           
    1130621119.0         1130622122.1         1130627874.9              0           
    1127664429.3         1127665249.8         1127670036.0              0           
    1126688846.5         1126689477.2         1126691414.7              1           
    1136664316.0         1136665162.3         1136666879.8              1           
    1136463139.4         1136463965.9         1136467857.1              0           
    1133614584.4         1133615213.4         1133617131.6              0           
    1132714284.8         1132715055.1         1132715805.4              0           
    1132346498.5         1132346713.1         1132347242.2              1           
    1131816593.3         1131817451.7         1131820905.1              1           
    1131236834.8         1131237718.5         1131243052.0              0           
    1131014794.5         1131015414.3         1131017609.0              1           
    1129139556.9         1129140248.4         1129142051.8              1           
    1126703354.8         1126703983.5         1126705286.4              1           
    1137204824.2         1137205729.1         1137209688.9              1           
    1137021766.0         1137022749.8         1137023117.9              1           
    1136812506.2         1136813444.9         1136816707.2              1           
    1136804675.8         1136805477.9         1136808081.9              1           
    1133998391.9         1133999071.7         1134000897.8              1           
    1133741389.8         1133742049.8         1133744109.2              1           
    1133512273.7         1133513126.9         1133514197.9              1           
    1133509888.4         1133510518.9         1133513097.6              1           
    1132949962.3         1132951148.1         1132951377.4              1           
    1131277540.9         1131278717.5         1131279910.4              0           
    1131014538.6         1131015552.2         1131020433.2              1           
    1130776375.8         1130777273.2         1130780771.1              1           
    1130447397.8         1130448305.6         1130452539.6              1           
    1127326661.9         1127327563.5         1127330971.2              1           
    1136808946.5         1136809883.8         1136810320.2              1           
    1136021672.2         1136022466.5         1136025431.1              1           
    1135632595.9         1135633430.2         1135635967.7              0           
    1135140212.2         1135141418.2         1135146093.7              0           
    1134512233.5         1134513146.8         1134517059.4              1           
    1133238367.8         1133239215.3         1133242327.3              0           
    1133134046.9         1133134858.1         1133137426.8              0           
    1132785187.3         1132786145.3         1132786207.4              1           
    1132648458.6         1132649398.9         1132653729.7              1           
    1131452514.0         1131453368.2         1131456709.1              1           
    1130384944.5         1130385734.0         1130385772.0              1           
    1129979115.4         1129980308.0         1129986527.6              0           
    1129336631.5         1129337501.1         1129341781.1              0           
    1129149910.9         1129150798.1         1129154071.1              1           
    1128938865.1         1128939266.2         1128940489.3              1           
    1128220238.6         1128220664.6         1128222085.9              0           
    1127669171.2         1127669389.5         1127670036.0              1           
    1126885045.0         1126885675.2         1126887794.7              0           
    1126686701.6         1126687327.9         1126690131.1              0           
    1137122455.8         1137122660.1         1137123236.0              1           
    1136586013.3         1136586786.0         1136590164.2              0           
    1136121552.6         1136121772.5         1136122436.0              1           
    1135264806.1         1135265449.5         1135268063.3              0           
    1134333534.1         1134334332.6         1134334573.9              1           
    1133510367.0         1133511232.1         1133514197.9              1           
    1133409805.2         1133410694.8         1133412131.1              1           
    1133191765.5         1133192655.0         1133195093.6              1           
    1132929941.3         1132930522.4         1132933145.2              1           
    1131555228.3         1131556241.8         1131557503.9              1           
    1130807413.5         1130808017.5         1130810027.2              1           
    1130644279.6         1130645282.7         1130650862.2              1           
    1130391748.5         1130392616.3         1130395795.1              1           
    1129983338.3         1129984531.2         1129989541.1              1           
    1129511847.3         1129512662.2         1129513087.8              1           
    1129442706.2         1129443515.0         1129446492.2              0           
    1129256274.1         1129257173.0         1129260992.3              1           
    1127693117.8         1127694302.2         1127699002.3              1           
    1126686892.6         1126687794.4         1126691414.7              1           
    1137257680.8         1137258540.3         1137259083.0              1           
    1137204142.4         1137205321.1         1137209688.9              1           
    1136121552.5         1136121772.6         1136122436.0              1           
    1135953390.9         1135954312.7         1135959146.9              1           
    1135759059.5         1135759911.6         1135761121.4              1           
    1134638948.5         1134639873.0         1134640334.9              0           
    1134162738.8         1134163332.2         1134164347.0              1           
    1133748300.7         1133749273.4         1133752227.0              1           
    1133511001.9         1133511869.9         1133514197.9              1           
    1131384536.1         1131385161.4         1131387483.2              0           
    1131315496.5         1131316451.5         1131322821.3              0           
    1131032473.4         1131033208.2         1131036123.4              1           
    1131024244.8         1131025258.6         1131025316.8              1           
    1130972051.4         1130973015.5         1130978178.8              1           
    1130723979.4         1130724666.9         1130727007.0              1           
    1130517424.7         1130518395.1         1130519306.2              0           
    1127591618.3         1127592531.2         1127594402.1              0           
    1127257137.3         1127257996.5         1127262282.7              0           
    1127146422.7         1127147049.8         1127149638.4              1           
    1127145456.5         1127146109.9         1127147764.9              1           
    1126929811.7         1126930739.8         1126935124.1              0           
    1137208939.4         1137209822.5         1137209875.2              1           
    1137180127.2         1137181091.7         1137182446.1              1           
    1137079820.5         1137080782.4         1137083817.0              1           
    1137054640.7         1137054879.3         1137054875.1              1           
    1137005690.7         1137006866.1         1137007036.2              1           
    1136998697.7         1136998993.7         1136999294.6              1           
    1136752515.8         1136753416.4         1136757460.3              1           
    1135953390.5         1135954312.7         1135959146.9              1           
    1136079018.5         1136079842.9         1136079933.8              1           
    1135064647.0         1135065491.9         1135070406.8              1           
    1135023539.7         1135024435.4         1135024701.2              1           
    1134920230.5         1134921098.3         1134924829.5              0           
    1134512066.2         1134512821.1         1134517059.4              1           
    1134021217.0         1134022008.4         1134022916.3              0           
    1133839265.8         1133840447.4         1133847141.4              1           
    1133795023.4         1133795855.8         1133797666.8              0           
    1132620791.5         1132621225.1         1132621561.4              1           
    1132532259.8         1132533159.6         1132538665.1              1           
    1132261380.1         1132262253.3         1132265663.9              0           
    1132259928.5         1132260283.1         1132261536.0              1           
    1132097158.4         1132098017.6         1132100800.6              1           
    1132066257.3         1132067224.6         1132072841.0              1           
    1132032855.2         1132033697.2         1132036714.5              1           
    1131940068.8         1131940901.6         1131943898.1              1           
    1131908052.8         1131908933.3         1131911727.1              1           
    1131784437.8         1131785198.7         1131785173.4              1           
    1131679919.2         1131680586.4         1131682751.9              1           
    1131568486.3         1131569346.3         1131569385.4              1           
    1131454495.4         1131455350.6         1131456709.1              0           
    1131278948.1         1131279231.0         1131279910.4              1           
    1131246486.0         1131247108.6         1131247249.8              1           
    1131243836.3         1131244458.8         1131244889.8              1           
    1131242482.9         1131243105.7         1131244889.8              1           
    1131112673.4         1131113579.1         1131116473.4              0           
    1131028462.4         1131029476.6         1131036123.4              1           
    1131018896.3         1131019909.9         1131020433.2              1           
    1130548261.0         1130549128.6         1130549202.9              1           
    1130210338.9         1130211149.0         1130214343.8              1           
    1129900335.8         1129901087.7         1129903925.5              1           
    1129889363.0         1129890546.4         1129890578.3              1           
    1129590476.0         1129590892.2         1129592031.9              0           
    1129227462.2         1129228251.0         1129228279.9              0           
    1129220634.8         1129221423.3         1129223925.2              1           
    1128826044.8         1128826996.7         1128828417.5              0           
    1128497484.6         1128498314.3         1128499257.0              0           
    1128158500.7         1128158752.9         1128159536.0              1           
    1127906478.7         1127907101.0         1127908627.6              1           
    1127703009.9         1127704194.2         1127708854.7              1           
    1126658931.4         1126659889.3         1126661509.1              0           
    1137159855.0         1137160685.6         1137164948.2              1           
    1137093933.8         1137095140.0         1137096533.9              1           
    1137019103.5         1137019990.6         1137023117.9              1           
    1136854625.0         1136855571.8         1136860499.4              1           
    1136785196.7         1136785972.2         1136785982.2              1           
    1136777915.1         1136778907.5         1136780356.6              1           
    1136755111.5         1136755969.3         1136757460.3              1           
    1136744960.9         1136745764.8         1136749560.4              1           
    1136699267.8         1136700451.3         1136701833.0              1           
    1135143625.0         1135144279.4         1135146093.7              0           
    1131112673.9         1131113579.1         1131116473.4              0           
    1127316923.0         1127317708.3         1127320829.3              1           
    1127234249.0         1127235062.7         1127237107.9              1           
    1126569317.7         1126569954.4         1126571305.8              0           
    1136498874.7         1136499722.9         1136499766.5              0           
    1136468031.3         1136468664.8         1136469313.6              1           
    1136216460.1         1136217150.7         1136219253.6              1           
    1135635754.3         1135636373.0         1135639050.2              0           
    1135481152.3         1135481375.4         1135482033.8              0           
    1135479533.5         1135480186.3         1135482033.8              0           
    1134922688.6         1134923226.1         1134924829.5              0           
    1134684291.9         1134685174.9         1134690110.2              1           
    1134168994.2         1134169883.2         1134170823.8              0           
    1133968155.0         1133968807.8         1133969540.7              1           
    1133906753.8         1133907955.3         1133909301.9              1           
    1133295755.1         1133296638.1         1133296799.9              0           
    1133193332.1         1133193981.5         1133195093.6              1           
    1133137452.7         1133138105.8         1133138393.1              0           
    1133036429.7         1133037311.0         1133040451.2              1           
    1133012412.1         1133012936.9         1133015235.4              1           
    1132789674.1         1132789949.6         1132790797.8              1           
    1132674419.8         1132675593.2         1132678183.9              1           
    1132462027.8         1132462845.9         1132463102.9              1           
    1132391673.0         1132392305.7         1132394815.8              0           
    1132241664.9         1132242653.0         1132248656.8              0           
    1131941769.6         1131942690.1         1131943898.1              0           
    1131799880.6         1131800849.3         1131804500.5              1           
    1131599532.1         1131600345.7         1131603256.9              1           
    1131301151.7         1131301864.0         1131305425.5              1           
    1131148471.4         1131149087.6         1131151715.8              1           
    1130898640.3         1130899580.4         1130901481.3              0           
    1130876059.6         1130876263.7         1130876267.9              0           
    1130781791.0         1130782589.5         1130786596.4              1           
    1130775870.9         1130776872.4         1130780771.1              1           
    1130680087.3         1130680855.4         1130685036.0              0           
    1130506853.2         1130507739.4         1130508153.7              1           
    1129986922.0         1129987827.8         1129989541.1              1           
    1129905555.3         1129906095.7         1129907286.0              1           
    1129858909.3         1129859688.6         1129861211.6              1           
    1129535446.9         1129536652.0         1129537011.1              0           
    1129370791.0         1129371417.9         1129372968.2              1           
    1129300276.0         1129301467.4         1129303488.6              1           
    1129117162.2         1129117994.6         1129119558.8              1           
    1128844056.0         1128844395.1         1128844606.1              1           
    1128837000.1         1128837734.5         1128839941.9              1           
    1128393230.9         1128394073.1         1128397837.5              0           
    1128042592.4         1128043441.2         1128044486.8              1           
    1127988733.0         1127989360.5         1127989727.1              0           
    1127880866.7         1127881710.2         1127886112.2              1           
    1127426443.6         1127426913.4         1127427909.2              0           
    1126911975.0         1126912875.8         1126917462.3              1           
    1126870584.7         1126871552.2         1126876530.9              1           
    1126804725.6         1126805352.1         1126808222.6              1           
    1126753339.0         1126753966.2         1126755469.4              0           
    1126657701.3         1126658562.6         1126661509.1              0           
    1126585459.1         1126586094.0         1126588333.8              0           
    1137085555.4         1137086156.7         1137088831.1              1           
    1137079736.0         1137080303.1         1137080572.0              1           
    1136954173.9         1136955185.6         1136960683.9              1           
    1136756274.0         1136757140.3         1136757460.3              1           
    1136706777.8         1136707704.2         1136708817.0              1           
    1136656950.9         1136657787.6         1136659811.7              1           
    1136498873.8         1136499722.1         1136499766.5              0           
    1136482866.5         1136483662.6         1136485015.4              1           
    1136468032.8         1136468664.8         1136469313.6              1           
    1136299545.8         1136300169.2         1136300403.8              1           
    1136294961.0         1136295764.8         1136298618.2              1           
    1135635809.0         1135636993.0         1135643145.7              0           
    1135481151.0         1135481374.9         1135482033.8              0           
