    1126479289.9         1126479924.1         1126481899.3              Z           
    1132440670.8         1132441110.1         1132441582.0              Y           
    1132440355.1         1132440798.9         1132441582.0              Y           
    1132440355.8         1132440799.1         1132441582.0              Y           
    1129885799.6         1129886646.4         1129890010.8              Y           
    1133509823.6         1133510689.5         1133514197.9              Y           
    1133509824.5         1133510689.5         1133514197.9              Y           
    1133509823.0         1133510689.6         1133514197.9              Y           
    1133303117.1         1133304314.5         1133308573.7              Y           
    1129413139.6         1129413983.0         1129417177.7              Z           
    1131906681.6         1131907561.7         1131911727.1              Y           
    1126480738.8         1126481372.6         1126481899.3              Z           
    1133691727.4         1133692699.5         1133696608.6              Y           
    1131245196.9         1131245819.1         1131246012.2              Y           
    1131242095.5         1131242717.7         1131244889.8              Y           
    1131242095.6         1131242717.9         1131244889.8              Y           
    1133691725.5         1133692699.4         1133696608.6              Y           
    1130916720.8         1130917348.2         1130919296.1              Z           
    1132551935.3         1132552368.6         1132553018.9              Y           
    1131483108.0         1131483968.8         1131487851.9              Y           
    1126498244.8         1126498878.4         1126500827.1              Z           
    1126167265.6         1126167511.1         1126168235.4              Z           
    1135897539.1         1135898467.6         1135902077.5              Y           
    1136777150.6         1136777937.1         1136780356.6              Y           
    1136777150.0         1136777936.4         1136780356.6              Y           
    1131036439.2         1131037452.5         1131042452.0              Z           
    1127145224.7         1127146183.2         1127150571.4              Y           
    1126892417.1         1126893051.0         1126895017.1              Y           
    1134417010.2         1134417215.8         1134417752.5              Z           
    1131779424.3         1131780185.0         1131782362.7              Y           
    1131120243.1         1131120863.5         1131123189.5              Y           
    1130643872.2         1130644873.9         1130650862.2              Y           
    1126497323.9         1126497953.9         1126500827.1              Z           
    1126497313.3         1126497945.6         1126500827.1              Z           
    1126497332.4         1126497965.1         1126500827.1              Z           
    1136565504.1         1136566462.5         1136570826.6              Y           
    1136565502.9         1136566462.5         1136570826.6              Y           
    1136565502.0         1136566461.6         1136570826.6              Y           
    1126489282.9         1126489911.6         1126489977.9              Z           
    1126479572.0         1126480205.8         1126481899.3              Z           
    1127271095.8         1127271723.0         1127273670.9              Z           
    1126424475.7         1126425438.9         1126429292.1              Z           
    1135648856.9         1135649850.3         1135654527.9              Z           
    1135106104.2         1135106954.8         1135109495.6              Y           
    1132693240.0         1132693831.6         1132695627.8              Y           
    1130915088.4         1130915709.7         1130918023.6              Z           
    1129599623.3         1129600528.5         1129603697.9              Z           
    1126702357.9         1126702996.9         1126705286.4              Y           
    1126602661.7         1126603302.2         1126605407.2              Z           
    1136567301.0         1136568060.6         1136570826.6              Z           
    1135021460.1         1135022240.8         1135024701.2              Z           
    1132131989.1         1132132964.1         1132136712.8              Y           
    1128560324.2         1128561118.4         1128563683.8              Y           
    1126849191.9         1126849825.0         1126851783.6              Y           
    1126674424.5         1126675048.5         1126675894.6              Z           
    1126480586.4         1126481218.6         1126481899.3              Z           
    1126479853.6         1126480489.3         1126481899.3              Z           
    1126447419.1         1126448320.3         1126451770.5              Z           
    1134672472.5         1134673460.4         1134677071.1              Y           
    1133701098.8         1133701931.7         1133704698.9              Z           
    1132131990.5         1132132963.6         1132136712.8              Y           
    1136777145.3         1136777673.3         1136780236.0              Y           
    1134672473.6         1134673460.2         1134677071.1              Y           
    1132406512.8         1132407307.3         1132411866.4              Z           
    1129608275.1         1129609265.0         1129612822.6              Y           
    1129220332.5         1129221120.8         1129223925.2              Y           
    1128836605.3         1128837339.7         1128839941.9              Y           
    1127338852.4         1127339666.8         1127343890.5              Y           
    1126941197.5         1126941827.4         1126942567.9              Z           
    1126627199.6         1126627684.4         1126628992.2              Y           
    1134526270.3         1134527128.7         1134530012.7              Z           
    1136021671.0         1136022465.4         1136025431.1              Y           
    1136627128.6         1136628318.9         1136632790.6              Z           
    1136066407.2         1136067240.9         1136068493.1              Z           
    1131727770.7         1131728508.9         1131731085.8              Z           
    1129885789.0         1129886639.2         1129890010.8              Y           
    1128098023.8         1128098648.7         1128100576.3              Z           
    1127888832.8         1127889457.2         1127891244.6              Z           
    1127489302.8         1127489878.1         1127490694.6              Z           
    1136699779.2         1136700541.5         1136701833.0              Y           
    1136627128.4         1136628318.8         1136632790.6              Z           
    1126531963.0         1126532601.6         1126534960.0              Z           
    1126527291.9         1126527936.5         1126530288.4              Z           
    1126481898.7         1126482535.2         1126482714.8              Z           
    1126125164.0         1126126006.1         1126128969.2              Z           
    1135995689.6         1135996543.0         1135999786.2              Z           
    1135695752.6         1135696579.6         1135699075.6              Y           
    1135389118.9         1135390004.7         1135393873.3              Z           
    1135101502.0         1135102180.1         1135104011.8              Y           
    1135033875.2         1135034847.5         1135036773.6              N           
    1134924926.9         1134925813.2         1134928786.9              Y           
    1134588322.5         1134588948.2         1134589674.1              Y           
    1133024922.1         1133025720.2         1133029769.6              Z           
    1132858386.5         1132858988.6         1132861349.3              Z           
    1132182347.7         1132182974.8         1132184892.7              Y           
    1132032729.5         1132033570.7         1132036714.5              Y           
    1131669590.5         1131669803.0         1131670436.0              Z           
    1131320196.2         1131321167.9         1131324969.9              Z           
    1130487350.5         1130487972.5         1130490019.5              Z           
    1130426194.5         1130426772.9         1130427614.4              Z           
    1130100417.3         1130101255.5         1130101275.4              Y           
    1129820354.7         1129821188.9         1129824227.1              Z           
    1129673019.8         1129673960.0         1129677518.1              Y           
    1129297858.6         1129298789.1         1129303488.6              Z           
    1129116806.0         1129117419.3         1129119558.8              Y           
    1127887439.1         1127888107.2         1127891244.6              N           
    1127145433.2         1127146305.9         1127150571.4              Y           
    1137176675.4         1137177515.4         1137180387.8              Y           
    1136804675.0         1136805477.1         1136808081.9              Y           
    1135995688.3         1135996542.9         1135999786.2              Z           
    1135695753.7         1135696581.0         1135699075.6              Y           
    1135594635.1         1135594902.5         1135595594.1              Y           
    1134924926.5         1134925812.6         1134928786.9              Y           
    1134588322.6         1134588948.2         1134589674.1              Y           
    1126488799.6         1126489436.4         1126489939.9              Z           
    1136664316.7         1136665163.0         1136666879.8              Y           
    1135743756.7         1135744503.0         1135747855.8              N           
    1135594637.5         1135594902.7         1135595594.1              Y           
    1134747861.8         1134748738.1         1134753864.1              Z           
    1133784331.7         1133785178.3         1133788159.1              Y           
    1133564032.1         1133564254.7         1133564936.0              Z           
    1132513078.6         1132514044.7         1132518020.7              Y           
    1132251381.7         1132252244.9         1132254669.5              Z           
    1131564038.4         1131564898.0         1131568624.0              Y           
    1131017611.6         1131018231.0         1131020433.2              Y           
    1131010514.3         1131011687.1         1131017609.0              Y           
    1131005634.4         1131006165.9         1131008196.8              Y           
    1130928841.2         1130929468.1         1130930480.7              Y           
    1130621119.0         1130622122.1         1130627874.9              N           
    1129368565.8         1129369377.6         1129372968.2              Z           
    1128101771.9         1128102406.8         1128102486.6              Z           
    1127664429.3         1127665249.8         1127670036.0              N           
    1127137755.5         1127138172.9         1127139314.4              Z           
    1126688846.5         1126689477.2         1126691414.7              Y           
    1136664316.0         1136665162.3         1136666879.8              Y           
    1126534773.0         1126535404.5         1126535557.5              Z           
    1126497747.0         1126498379.6         1126500827.1              Z           
    1126481022.7         1126481652.8         1126481899.3              Z           
    1126480183.2         1126480815.6         1126481899.3              Z           
    1136463139.4         1136463965.9         1136467857.1              N           
    1136250738.0         1136251365.3         1136251365.2              Z           
    1135320947.0         1135321312.6         1135322328.3              Z           
    1134092775.8         1134093751.3         1134095590.9              Z           
    1133614584.4         1133615213.4         1133617131.6              N           
    1133456986.3         1133457741.1         1133460090.7              Z           
    1132724697.1         1132725324.9         1132726061.3              Z           
    1132714284.8         1132715055.1         1132715805.4              N           
    1132660004.2         1132660243.4         1132660826.3              Z           
    1132346498.5         1132346713.1         1132347242.2              Y           
    1131816593.3         1131817451.7         1131820905.1              Y           
    1131429874.2         1131430512.2         1131432730.0              Z           
    1131258410.7         1131258890.4         1131260271.8              Z           
    1131236834.8         1131237718.5         1131243052.0              N           
    1131045304.4         1131046317.2         1131052319.4              Z           
    1131014794.5         1131015414.3         1131017609.0              Y           
    1130651565.4         1130652466.9         1130652500.6              Z           
    1129595276.6         1129596178.8         1129599999.3              Z           
    1129408409.1         1129409189.4         1129412059.8              Z           
    1129139556.9         1129140248.4         1129142051.8              Y           
    1129012723.2         1129013396.9         1129015837.1              Z           
    1128672318.6         1128673191.7         1128676485.3              Z           
    1128654936.2         1128655567.9         1128658154.1              Z           
    1126900585.7         1126901220.4         1126902465.0              Z           
    1126703354.8         1126703983.5         1126705286.4              Y           
    1126599514.9         1126600154.6         1126602383.7              Z           
    1137204824.2         1137205729.1         1137209688.9              Y           
    1137021766.0         1137022749.8         1137023117.9              Y           
    1136812506.2         1136813444.9         1136816707.2              Y           
    1136804675.8         1136805477.9         1136808081.9              Y           
    1126480163.8         1126480793.5         1126481899.3              Z           
    1126166270.5         1126166515.3         1126167236.0              Z           
    1134572633.0         1134573818.9         1134578580.9              Z           
    1133998391.9         1133999071.7         1134000897.8              Y           
    1133741389.8         1133742049.8         1133744109.2              Y           
    1133512273.7         1133513126.9         1133514197.9              Y           
    1133509888.4         1133510518.9         1133513097.6              Y           
    1132949962.3         1132951148.1         1132951377.4              Y           
    1132858598.6         1132859200.5         1132861349.3              Z           
    1132433119.3         1132433823.4         1132435873.9              Z           
    1131277540.9         1131278717.5         1131279910.4              N           
    1131091986.6         1131092997.9         1131097588.9              Z           
    1131014538.6         1131015552.2         1131020433.2              Y           
    1130960430.5         1130961361.2         1130966804.5              Z           
    1130776375.8         1130777273.2         1130780771.1              Y           
    1130447397.8         1130448305.6         1130452539.6              Y           
    1129743096.4         1129743902.0         1129745480.1              Z           
    1128502582.4         1128503439.2         1128504607.7              Z           
    1128450473.7         1128451107.0         1128453054.2              Z           
    1127965806.5         1127966434.7         1127967163.2              Z           
    1127357790.7         1127358762.2         1127360298.6              Z           
    1127326661.9         1127327563.5         1127330971.2              Y           
    1127323423.8         1127324332.6         1127330698.2              Z           
    1126895830.5         1126896460.6         1126896537.3              Z           
    1136808946.5         1136809883.8         1136810320.2              Y           
    1131091983.0         1131092998.2         1131097588.9              Z           
    1126557648.8         1126558275.2         1126559735.0              Z           
    1126515541.7         1126516245.0         1126518415.5              Z           
    1126503897.0         1126504533.8         1126505030.5              Z           
    1126499216.0         1126499849.4         1126500827.1              Z           
    1126493986.1         1126494615.0         1126494939.8              Z           
    1126481320.1         1126481949.0         1126482067.2              Z           
    1126131385.1         1126132298.7         1126132277.4              Z           
    1136383974.1         1136384841.0         1136388132.1              Z           
    1136326909.4         1136328077.8         1136331034.0              Z           
    1136021672.2         1136022466.5         1136025431.1              Y           
    1135632595.9         1135633430.2         1135635967.7              N           
    1135140212.2         1135141418.2         1135146093.7              N           
    1134512233.5         1134513146.8         1134517059.4              Y           
    1134474425.3         1134475142.7         1134476932.8              Z           
    1134423116.6         1134423830.4         1134424141.7              Z           
    1134024146.1         1134025119.4         1134025918.2              Z           
    1133708235.0         1133709210.6         1133710078.7              Z           
    1133705658.4         1133706633.7         1133706910.8              Z           
    1133517915.3         1133518780.8         1133518776.8              Z           
    1133488045.5         1133488877.2         1133489998.7              Z           
    1133466712.5         1133467570.7         1133470657.3              Z           
    1133238367.8         1133239215.3         1133242327.3              N           
    1133134046.9         1133134858.1         1133137426.8              N           
    1132785187.3         1132786145.3         1132786207.4              Y           
    1132757256.3         1132758438.1         1132761648.6              Z           
    1132751515.8         1132752457.4         1132756395.8              Z           
    1132648458.6         1132649398.9         1132653729.7              Y           
    1132521455.5         1132522312.9         1132525403.7              Z           
    1132368395.3         1132369212.0         1132372013.8              Z           
    1131452514.0         1131453368.2         1131456709.1              Y           
    1130834664.5         1130835291.0         1130836366.4              Z           
    1130384944.5         1130385734.0         1130385772.0              Y           
    1129979115.4         1129980308.0         1129986527.6              N           
    1129336631.5         1129337501.1         1129341781.1              N           
    1129149910.9         1129150798.1         1129154071.1              Y           
    1128938865.1         1128939266.2         1128940489.3              Y           
    1128220238.6         1128220664.6         1128222085.9              N           
    1127900655.5         1127901857.8         1127903832.7              Z           
    1127774987.6         1127775768.1         1127777517.1              Z           
    1127669171.2         1127669389.5         1127670036.0              Y           
    1127604067.8         1127605000.2         1127608357.1              Z           
    1127436160.6         1127436632.0         1127437647.6              Z           
    1127435571.5         1127436040.9         1127437647.6              Z           
    1127423102.0         1127423734.8         1127425482.8              Z           
    1127272864.6         1127273728.5         1127273776.1              Z           
    1127060334.9         1127061523.0         1127066483.3              Z           
    1126885045.0         1126885675.2         1126887794.7              N           
    1126686701.6         1126687327.9         1126690131.1              N           
    1137122455.8         1137122660.1         1137123236.0              Y           
    1136326908.4         1136328078.5         1136331034.0              Z           
    1126498728.9         1126499357.6         1126500827.1              Z           
    1126142011.6         1126142978.0         1126146750.4              Z           
    1126100298.9         1126101085.5         1126103913.1              Z           
    1136586013.3         1136586786.0         1136590164.2              N           
    1136325311.4         1136325569.4         1136326273.6              Z           
    1136121552.6         1136121772.5         1136122436.0              Y           
    1136091553.4         1136092348.6         1136094458.4              Z           
    1135264806.1         1135265449.5         1135268063.3              N           
    1134391460.2         1134392380.6         1134395947.1              Z           
    1134333534.1         1134334332.6         1134334573.9              Y           
    1134006754.7         1134007499.9         1134010001.6              Z           
    1134006442.4         1134007402.1         1134010001.6              Z           
    1133733179.2         1133734361.1         1133735495.1              Z           
    1133703193.1         1133703951.6         1133704698.9              Z           
    1133699968.2         1133700940.8         1133704698.9              Z           
    1133510367.0         1133511232.1         1133514197.9              Y           
    1133409805.2         1133410694.8         1133412131.1              Y           
    1133316617.7         1133317219.4         1133317406.9              Z           
    1133191765.5         1133192655.0         1133195093.6              Y           
    1133086126.0         1133087008.6         1133089659.4              Z           
    1132929941.3         1132930522.4         1132933145.2              Y           
    1132170352.4         1132171143.1         1132174767.9              Z           
    1131555228.3         1131556241.8         1131557503.9              Y           
    1131513952.5         1131514542.8         1131515903.8              Z           
    1131293524.3         1131294366.3         1131296884.8              Z           
    1131212920.1         1131213491.3         1131214553.9              Z           
    1131084752.7         1131085765.3         1131085905.6              Z           
    1131079604.7         1131080185.2         1131081742.1              Z           
    1130925991.8         1130926788.3         1130926865.7              Z           
    1130914727.3         1130915081.5         1130916336.0              Z           
    1130807413.5         1130808017.5         1130810027.2              Y           
    1130659950.9         1130661129.5         1130665605.4              Z           
    1130644279.6         1130645282.7         1130650862.2              Y           
    1130488292.3         1130488914.5         1130490019.5              Z           
    1130391748.5         1130392616.3         1130395795.1              Y           
    1130301852.8         1130302854.9         1130304094.2              Z           
    1130122185.0         1130122828.2         1130125186.8              Z           
    1129983338.3         1129984531.2         1129989541.1              Y           
    1129571279.1         1129572133.5         1129575779.4              Z           
    1129511847.3         1129512662.2         1129513087.8              Y           
    1129442706.2         1129443515.0         1129446492.2              N           
    1129256274.1         1129257173.0         1129260992.3              Y           
    1129150967.5         1129151824.9         1129154071.1              Z           
    1128005451.4         1128005975.3         1128007468.1              Z           
    1127693117.8         1127694302.2         1127699002.3              Y           
    1126948969.4         1126949801.2         1126951652.6              Z           
    1126686892.6         1126687794.4         1126691414.7              Y           
    1137257680.8         1137258540.3         1137259083.0              Y           
    1137204142.4         1137205321.1         1137209688.9              Y           
    1136325308.3         1136325569.3         1136326273.6              Z           
    1136121552.5         1136121772.6         1136122436.0              Y           
    1134944915.5         1134945708.5         1134946806.9              Z           
    1131084751.0         1131085765.3         1131085905.6              Z           
    1126543954.9         1126544579.0         1126544578.1              Z           
    1126541332.5         1126541961.2         1126543670.1              Z           
    1126527001.0         1126527640.2         1126530288.4              Z           
    1126482108.5         1126482736.1         1126482846.2              Z           
    1126481806.6         1126482442.9         1126482714.9              Z           
    1126481526.8         1126482149.1         1126482178.1              Z           
    1126452161.1         1126453061.6         1126453079.6              Z           
    1126381071.8         1126381972.2         1126384638.6              Z           
    1126165253.6         1126165499.9         1126166216.9              Z           
    1136590790.6         1136591750.7         1136594365.0              Z           
    1136233436.8         1136234164.0         1136237891.1              Z           
    1136061393.7         1136062333.6         1136068436.0              Z           
    1136006927.2         1136007889.2         1136008648.0              Z           
    1135953390.9         1135954312.7         1135959146.9              Y           
    1135759059.5         1135759911.6         1135761121.4              Y           
    1135355182.0         1135356154.8         1135361148.1              Z           
    1135348784.8         1135349678.5         1135354739.9              Z           
    1135203094.3         1135204030.2         1135209063.4              Z           
    1135162870.0         1135163656.0         1135166464.9              Z           
    1134944917.0         1134945708.6         1134946806.9              Z           
    1134824727.8         1134825555.2         1134828548.9              Z           
    1134638948.5         1134639873.0         1134640334.9              N           
    1134631768.0         1134632594.7         1134635669.3              Z           
    1134221393.0         1134222250.7         1134227336.0              Z           
    1134162738.8         1134163332.2         1134164347.0              Y           
    1134092057.6         1134093033.1         1134095590.9              Z           
    1133748300.7         1133749273.4         1133752227.0              Y           
    1133698001.2         1133698974.7         1133698990.7              Z           
    1133694946.2         1133695919.3         1133696608.6              Z           
    1133511001.9         1133511869.9         1133514197.9              Y           
    1133492096.7         1133492892.9         1133495598.5              Z           
    1133146971.5         1133147625.3         1133149138.2              Z           
    1132753180.3         1132754133.0         1132760034.8              Z           
    1131976201.7         1131976947.2         1131978889.9              Z           
    1131847144.0         1131848110.1         1131853533.7              Z           
    1131531719.4         1131532518.8         1131532817.0              Z           
    1131384536.1         1131385161.4         1131387483.2              N           
    1131315496.5         1131316451.5         1131322821.3              N           
    1131037177.8         1131038190.7         1131042452.0              Z           
    1131032473.4         1131033208.2         1131036123.4              Y           
    1131024244.8         1131025258.6         1131025316.8              Y           
    1130972051.4         1130973015.5         1130978178.8              Y           
    1130723979.4         1130724666.9         1130727007.0              Y           
    1130517424.7         1130518395.1         1130519306.2              N           
    1130468665.3         1130469411.3         1130471568.6              Z           
    1130239620.4         1130240548.4         1130244928.4              Z           
    1129819689.0         1129819907.0         1129820536.0              Z           
    1129509165.4         1129510370.5         1129513087.8              Z           
    1128669822.8         1128670772.6         1128676485.2              Z           
    1128659757.8         1128660091.1         1128660799.4              Z           
    1128503058.0         1128504242.0         1128504607.7              Z           
    1128202070.0         1128202863.2         1128203614.5              Z           
    1127836330.3         1127837291.7         1127843222.1              Z           
    1127591618.3         1127592531.2         1127594402.1              N           
    1127576133.8         1127577029.0         1127580456.3              Z           
    1127551627.6         1127552422.5         1127555618.9              Z           
    1127257137.3         1127257996.5         1127262282.7              N           
    1127146422.7         1127147049.8         1127149638.4              Y           
    1127145456.5         1127146109.9         1127147764.9              Y           
    1126929811.7         1126930739.8         1126935124.1              N           
    1126619494.0         1126620126.1         1126622710.8              Z           
    1137208939.4         1137209822.5         1137209875.2              Y           
    1137180127.2         1137181091.7         1137182446.1              Y           
    1137079820.5         1137080782.4         1137083817.0              Y           
    1137054640.7         1137054879.3         1137054875.1              Y           
    1137005690.7         1137006866.1         1137007036.2              Y           
    1136998697.7         1136998993.7         1136999294.6              Y           
    1136752515.8         1136753416.4         1136757460.3              Y           
    1136636859.5         1136637819.8         1136639815.7              Z           
    1136627220.2         1136628410.5         1136632790.6              Z           
    1136061394.7         1136062333.7         1136068436.0              Z           
    1135953390.5         1135954312.7         1135959146.9              Y           
    1126564777.4         1126565407.9         1126567352.1              Z           
    1126521103.1         1126521732.0         1126523806.6              Z           
    1126503674.7         1126504309.4         1126505030.5              Z           
    1126499905.1         1126500537.4         1126500827.1              Z           
    1126494779.0         1126495406.8         1126496636.9              Z           
    1126488125.7         1126488762.1         1126489939.9              Z           
    1126484557.5         1126485194.3         1126486128.4              Z           
    1126481561.8         1126482195.1         1126482178.1              Z           
    1126480409.3         1126481035.0         1126481899.3              Z           
    1126444156.1         1126445056.3         1126449929.7              Z           
    1126168049.4         1126168295.7         1126168327.4              Z           
    1126148163.7         1126148992.2         1126151746.2              Z           
    1126111370.8         1126112184.3         1126116309.6              Z           
    1136636865.3         1136637818.7         1136639815.7              Z           
    1136199048.9         1136199764.6         1136201881.6              Z           
    1136079018.5         1136079842.9         1136079933.8              Y           
    1135508931.7         1135509734.9         1135512743.2              Z           
    1135365872.5         1135366567.3         1135366578.1              Z           
    1135064647.0         1135065491.9         1135070406.8              Y           
    1135023539.7         1135024435.4         1135024701.2              Y           
    1134920230.5         1134921098.3         1134924829.5              N           
    1134512066.2         1134512821.1         1134517059.4              Y           
    1134234522.1         1134235358.0         1134235505.9              Z           
    1134174050.5         1134174890.1         1134177683.6              Z           
    1134021217.0         1134022008.4         1134022916.3              N           
    1133839265.8         1133840447.4         1133847141.4              Y           
    1133795023.4         1133795855.8         1133797666.8              N           
    1133188290.1         1133189196.3         1133194452.6              Z           
    1133007278.8         1133008246.1         1133012047.1              Z           
    1132985640.4         1132986491.3         1132986845.4              Z           
    1132620791.5         1132621225.1         1132621561.4              Y           
    1132581108.3         1132581862.1         1132583749.4              Z           
    1132532259.8         1132533159.6         1132538665.1              Y           
    1132261380.1         1132262253.3         1132265663.9              N           
    1132259928.5         1132260283.1         1132261536.0              Y           
    1132097158.4         1132098017.6         1132100800.6              Y           
    1132066257.3         1132067224.6         1132072841.0              Y           
    1132032855.2         1132033697.2         1132036714.5              Y           
    1131992151.2         1131992968.8         1131994774.0              Z           
    1131940068.8         1131940901.6         1131943898.1              Y           
    1131908052.8         1131908933.3         1131911727.1              Y           
    1131900444.9         1131901629.8         1131908660.6              Z           
    1131856747.9         1131857604.7         1131860080.5              Z           
    1131784437.8         1131785198.7         1131785173.4              Y           
    1131679919.2         1131680586.4         1131682751.9              Y           
    1131568486.3         1131569346.3         1131569385.4              Y           
    1131454495.4         1131455350.6         1131456709.1              N           
    1131278948.1         1131279231.0         1131279910.4              Y           
    1131246486.0         1131247108.6         1131247249.8              Y           
    1131243836.3         1131244458.8         1131244889.8              Y           
    1131242482.9         1131243105.7         1131244889.8              Y           
    1131112673.4         1131113579.1         1131116473.4              N           
    1131061680.7         1131062504.6         1131065505.9              Z           
    1131028462.4         1131029476.6         1131036123.4              Y           
    1131018896.3         1131019909.9         1131020433.2              Y           
    1130660114.8         1130661117.7         1130665605.4              Z           
    1130652889.8         1130654078.1         1130654080.4              Z           
    1130651008.5         1130651909.1         1130651987.1              Z           
    1130548261.0         1130549128.6         1130549202.9              Y           
    1130487879.5         1130488501.9         1130490019.5              Z           
    1130470520.5         1130470775.3         1130471536.0              Z           
    1130236037.8         1130237001.0         1130240612.0              Z           
    1130210338.9         1130211149.0         1130214343.8              Y           
    1129900335.8         1129901087.7         1129903925.5              Y           
    1129889363.0         1129890546.4         1129890578.3              Y           
    1129590476.0         1129590892.2         1129592031.9              N           
    1129227462.2         1129228251.0         1129228279.9              N           
    1129220634.8         1129221423.3         1129223925.2              Y           
    1128826044.8         1128826996.7         1128828417.5              N           
    1128679473.0         1128680363.8         1128683737.1              Z           
    1128497484.6         1128498314.3         1128499257.0              N           
    1128447307.7         1128448148.1         1128453036.0              Z           
    1128443322.4         1128444293.0         1128447366.0              Z           
    1128436772.0         1128437571.0         1128440172.8              Z           
    1128297970.0         1128298569.0         1128299390.1              Z           
    1128296620.2         1128297221.6         1128299390.1              Z           
    1128158500.7         1128158752.9         1128159536.0              Y           
    1127906478.7         1127907101.0         1127908627.6              Y           
    1127703009.9         1127704194.2         1127708854.7              Y           
    1127437342.4         1127437813.4         1127437870.9              Z           
    1126902399.5         1126903196.1         1126903365.9              Z           
    1126774969.5         1126775596.5         1126777972.8              Z           
    1126764438.2         1126765073.7         1126767392.9              Z           
    1126676179.4         1126677074.5         1126677120.2              Z           
    1126658931.4         1126659889.3         1126661509.1              N           
    1137159855.0         1137160685.6         1137164948.2              Y           
    1137093933.8         1137095140.0         1137096533.9              Y           
    1137019103.5         1137019990.6         1137023117.9              Y           
    1136854625.0         1136855571.8         1136860499.4              Y           
    1136785196.7         1136785972.2         1136785982.2              Y           
    1136777915.1         1136778907.5         1136780356.6              Y           
    1136755111.5         1136755969.3         1136757460.3              Y           
    1136744960.9         1136745764.8         1136749560.4              Y           
    1136699267.8         1136700451.3         1136701833.0              Y           
    1136199048.4         1136199764.5         1136201881.6              Z           
    1136170372.7         1136170998.1         1136173770.2              Z           
    1135348788.6         1135349678.4         1135354739.9              Z           
    1135143625.0         1135144279.4         1135146093.7              N           
    1131900444.4         1131901629.9         1131908660.6              Z           
    1131112673.9         1131113579.1         1131116473.4              N           
    1127316923.0         1127317708.3         1127320829.3              Y           
    1127234249.0         1127235062.7         1127237107.9              Y           
    1126569317.7         1126569954.4         1126571305.8              N           
    1126507011.3         1126507568.4         1126508320.8              Z           
    1126499548.4         1126500180.8         1126500827.1              Z           
    1126497921.0         1126498555.2         1126500827.1              Z           
    1126489178.6         1126489811.1         1126489939.4              Z           
    1126488148.9         1126488773.6         1126489939.9              Z           
    1126485811.1         1126486443.8         1126486516.4              Z           
    1126483594.4         1126484224.4         1126484276.9              Z           
    1126482181.8         1126482813.9         1126482876.6              Z           
    1126481638.2         1126482270.2         1126482714.9              Z           
    1126481509.8         1126482140.7         1126482178.1              Z           
    1126466490.3         1126467389.9         1126470826.2              Z           
    1126376780.5         1126377425.4         1126377475.6              Z           
    1136498874.7         1136499722.9         1136499766.5              N           
    1136481065.8         1136481821.0         1136485015.4              Z           
    1136468031.3         1136468664.8         1136469313.6              Y           
    1136279246.5         1136280095.1         1136282113.4              Z           
    1136254656.4         1136255172.6         1136255658.2              Z           
    1136216460.1         1136217150.7         1136219253.6              Y           
    1136170370.0         1136170997.7         1136173770.2              Z           
    1136061100.0         1136062035.1         1136068010.2              Z           
    1135994319.9         1135994535.2         1135994857.7              Z           
    1135724710.3         1135725462.3         1135729998.0              Z           
    1135635754.3         1135636373.0         1135639050.2              N           
    1135481152.3         1135481375.4         1135482033.8              N           
    1135479533.5         1135480186.3         1135482033.8              N           
    1135187905.2         1135188541.4         1135188654.8              Z           
    1134922688.6         1134923226.1         1134924829.5              N           
    1134900546.8         1134901432.0         1134903094.1              Z           
    1134888219.0         1134888948.5         1134892343.6              Z           
    1134736649.3         1134737425.9         1134740707.9              Z           
    1134684291.9         1134685174.9         1134690110.2              Y           
    1134534469.8         1134534825.9         1134535447.9              Z           
    1134236947.2         1134237782.0         1134241774.2              Z           
    1134168994.2         1134169883.2         1134170823.8              N           
    1133968155.0         1133968807.8         1133969540.7              Y           
    1133906753.8         1133907955.3         1133909301.9              Y           
    1133808948.9         1133809899.4         1133815949.9              Z           
    1133723875.3         1133724743.4         1133726520.7              Z           
    1133714161.7         1133715134.9         1133715971.9              Z           
    1133712387.4         1133713360.2         1133715971.9              Z           
    1133698656.5         1133699629.1         1133699692.4              Z           
    1133634936.4         1133635903.7         1133636414.1              Z           
    1133464614.0         1133465467.6         1133470528.6              Z           
    1133391600.9         1133392451.7         1133395315.6              Z           
    1133295755.1         1133296638.1         1133296799.9              N           
    1133193332.1         1133193981.5         1133195093.6              Y           
    1133137452.7         1133138105.8         1133138393.1              N           
    1133036429.7         1133037311.0         1133040451.2              Y           
    1133012412.1         1133012936.9         1133015235.4              Y           
    1133006930.5         1133007555.1         1133010288.1              Z           
    1132989991.1         1132990623.5         1132991900.8              Z           
    1132789674.1         1132789949.6         1132790797.8              Y           
    1132674419.8         1132675593.2         1132678183.9              Y           
    1132659651.3         1132660536.4         1132660826.3              Z           
    1132485799.0         1132486745.0         1132492667.8              Z           
    1132462027.8         1132462845.9         1132463102.9              Y           
    1132391673.0         1132392305.7         1132394815.8              N           
    1132312750.6         1132313696.0         1132314233.8              Z           
    1132241664.9         1132242653.0         1132248656.8              N           
    1132215092.8         1132215295.5         1132215936.0              Z           
    1131941769.6         1131942690.1         1131943898.1              N           
    1131884155.0         1131884915.2         1131887353.6              Z           
    1131878233.7         1131879406.4         1131883348.4              Z           
    1131799880.6         1131800849.3         1131804500.5              Y           
    1131725605.7         1131726420.1         1131730890.9              Z           
    1131707085.6         1131708285.3         1131712871.4              Z           
    1131599532.1         1131600345.7         1131603256.9              Y           
    1131432906.1         1131433360.2         1131434247.1              Z           
    1131301151.7         1131301864.0         1131305425.5              Y           
    1131148471.4         1131149087.6         1131151715.8              Y           
    1131123803.9         1131124652.2         1131124677.7              Z           
    1130965088.8         1130966275.9         1130971658.2              Z           
    1130939101.7         1130939907.7         1130943907.1              Z           
    1130898640.3         1130899580.4         1130901481.3              N           
    1130876059.6         1130876263.7         1130876267.9              N           
    1130838247.9         1130839046.9         1130839439.6              Z           
    1130825526.9         1130826432.8         1130831723.5              Z           
    1130781791.0         1130782589.5         1130786596.4              Y           
    1130775870.9         1130776872.4         1130780771.1              Y           
    1130680087.3         1130680855.4         1130685036.0              N           
    1130656009.0         1130656910.3         1130657098.0              Z           
    1130506853.2         1130507739.4         1130508153.7              Y           
    1130488085.3         1130488707.4         1130490019.5              Z           
    1130224718.9         1130225529.4         1130229267.1              Z           
    1130223554.3         1130224480.8         1130224933.2              Z           
    1129986922.0         1129987827.8         1129989541.1              Y           
    1129905555.3         1129906095.7         1129907286.0              Y           
    1129858909.3         1129859688.6         1129861211.6              Y           
    1129757102.3         1129757733.7         1129759274.3              Z           
    1129535446.9         1129536652.0         1129537011.1              N           
    1129370791.0         1129371417.9         1129372968.2              Y           
    1129300276.0         1129301467.4         1129303488.6              Y           
    1129208437.0         1129209396.7         1129211787.7              Z           
    1129117162.2         1129117994.6         1129119558.8              Y           
    1128844056.0         1128844395.1         1128844606.1              Y           
    1128837000.1         1128837734.5         1128839941.9              Y           
    1128655909.3         1128656541.2         1128658154.1              Z           
    1128605539.9         1128606284.4         1128608682.7              Z           
    1128393230.9         1128394073.1         1128397837.5              N           
    1128225050.4         1128225884.1         1128226958.5              Z           
    1128042592.4         1128043441.2         1128044486.8              Y           
    1127988733.0         1127989360.5         1127989727.1              N           
    1127895846.2         1127896359.3         1127897624.1              Z           
    1127880866.7         1127881710.2         1127886112.2              Y           
    1127614300.1         1127615190.0         1127618953.8              Z           
    1127584231.5         1127585187.5         1127589171.7              Z           
    1127574150.9         1127574380.4         1127574941.4              Z           
    1127436282.3         1127436754.2         1127437647.6              Z           
    1127426443.6         1127426913.4         1127427909.2              N           
    1127423997.0         1127424466.4         1127425482.8              Z           
    1127296204.4         1127296987.1         1127297304.9              Z           
    1127291309.0         1127292491.6         1127297304.9              Z           
    1127271817.5         1127272445.7         1127273670.9              Z           
    1127206084.0         1127207065.7         1127213402.8              Z           
    1127069288.3         1127070139.0         1127075404.7              Z           
    1127043177.2         1127043813.2         1127045840.4              Z           
    1126911975.0         1126912875.8         1126917462.3              Y           
    1126896405.0         1126897344.6         1126897506.6              Z           
    1126870584.7         1126871552.2         1126876530.9              Y           
    1126804725.6         1126805352.1         1126808222.6              Y           
    1126753339.0         1126753966.2         1126755469.4              N           
    1126672445.2         1126673072.0         1126675894.6              Z           
    1126657701.3         1126658562.6         1126661509.1              N           
    1126585459.1         1126586094.0         1126588333.8              N           
    1137085555.4         1137086156.7         1137088831.1              Y           
    1137079736.0         1137080303.1         1137080572.0              Y           
    1136954173.9         1136955185.6         1136960683.9              Y           
    1136756274.0         1136757140.3         1136757460.3              Y           
    1136706777.8         1136707704.2         1136708817.0              Y           
    1136656950.9         1136657787.6         1136659811.7              Y           
    1136498873.8         1136499722.1         1136499766.5              N           
    1136482866.5         1136483662.6         1136485015.4              Y           
    1136468032.8         1136468664.8         1136469313.6              Y           
    1136299545.8         1136300169.2         1136300403.8              Y           
    1136294961.0         1136295764.8         1136298618.2              Y           
    1136279246.5         1136280094.5         1136282113.4              Z           
    1136061097.9         1136062035.5         1136068010.2              Z           
    1135994316.6         1135994535.9         1135994857.7              Z           
    1135724709.3         1135725462.3         1135729998.0              Z           
    1135635809.0         1135636993.0         1135643145.7              N           
    1135508933.0         1135509734.4         1135512743.2              Z           
    1135481151.0         1135481374.9         1135482033.8              N           
    1135392863.0         1135393205.5         1135393873.3              Z           
    1129665313.0         1129666193.0         1129668859.2              Z           
    1127060385.0         1127061590.4         1127066483.3              Z           
    1126556692.5         1126557331.9         1126559735.0              Z           
    1126498123.6         1126498752.1         1126500827.1              Z           
    1126491682.5         1126492319.3         1126492475.8              Z           
    1126489602.7         1126490240.3         1126490278.9              Z           
    1126486229.9         1126486865.7         1126486927.8              Z           
    1126485791.6         1126486422.0         1126486516.4              Z           
    1126485274.2         1126485908.8         1126486128.1              Z           
    1126483295.9         1126483932.4         1126484128.7              Z           
    1126483231.5         1126483868.0         1126484128.9              Z           
    1126482518.0         1126483153.0         1126483187.2              Z           
    1126447885.6         1126448785.7         1126451770.5              Z           
    1126387297.9         1126387860.9         1126389932.8              Z           
    1126380902.8         1126381684.3         1126384638.6              Z           
    1126279190.4         1126280017.1         1126281467.7              Z           
    1126277620.4         1126278464.0         1126281467.7              Z           
    1126136375.6         1126137363.9         1126137369.7              Z           
    1126086584.0         1126087557.5         1126093350.6              Z           
    1126080846.1         1126081489.1         1126084039.6              Z           
