    1132440670.8         1132441110.1         6.67063e-05              7.6              4.958033e+06            611.7                  1           
    1132440355.1         1132440798.9         6.64882e-05              7.6              5.013847e+06            600.6                  1           
    1132440355.8         1132440799.1         6.62776e-05              7.6              5.009851e+06            605.7                  1           
    1129885799.6         1129886646.4         2.76402e-05              7.5              1.232874e+07            231.0                  1           
    1133509823.6         1133510689.5         1.93709e-05              7.2              1.220340e+07             26.0                  1           
    1133509824.5         1133510689.5         1.91983e-05              7.2              1.220637e+07             33.0                  1           
    1133509823.0         1133510689.6         1.94574e-05              7.2              1.220875e+07             22.0                  1           
    1133303117.1         1133304314.5         1.00583e-05              7.1              1.807113e+07             35.0                  1           
    1131906681.6         1131907561.7         1.32184e-05              7.0              1.250891e+07             13.4                  1           
    1133691727.4         1133692699.5         8.59651e-06              6.9              1.489337e+07             33.9                  1           
    1131245196.9         1131245819.1          2.1599e-05              6.9              6.924445e+06             10.0                  1           
    1131242095.5         1131242717.7         2.15023e-05              6.9              6.930661e+06             12.0                  1           
    1131242095.6         1131242717.9         2.14993e-05              6.9              6.931514e+06             12.0                  1           
    1133691725.5         1133692699.4         8.79525e-06              6.9              1.488996e+07             21.0                  1           
    1132551935.3         1132552368.6         6.06677e-06              6.7              4.859785e+06            599.4                  1           
    1131483108.0         1131483968.8         7.86129e-06              6.7              1.202080e+07             12.0                  1           
    1135897539.1         1135898467.6         6.01672e-06              6.7              1.386307e+07             55.0                  1           
    1136777150.6         1136777937.1         8.76907e-06              6.7              1.029276e+07             46.0                  1           
    1136777150.0         1136777936.4         8.76883e-06              6.7              1.029300e+07             46.0                  1           
    1127145224.7         1127146183.2         5.06196e-06              6.6              1.449176e+07             18.0                  1           
    1126892417.1         1126893051.0         1.12175e-05              6.6              7.184352e+06             35.0                  1           
    1131779424.3         1131780185.0         7.03926e-06              6.5              9.566948e+06             11.0                  1           
    1131120243.1         1131120863.5         1.02032e-05              6.5              6.909256e+06             15.0                  1           
    1130643872.2         1130644873.9          3.7395e-06              6.5              1.558304e+07             20.0                  1           
    1136565504.1         1136566462.5         4.09426e-06              6.5              1.450202e+07             20.8                  1           
    1136565502.9         1136566462.5         4.18465e-06              6.5              1.449977e+07             13.0                  1           
    1136565502.0         1136566461.6         4.18469e-06              6.5              1.449965e+07             13.0                  1           
    1135106104.2         1135106954.8         1.73855e-06              6.3              1.235299e+07            206.0                  1           
    1132693240.0         1132693831.6         5.68791e-06              6.2              6.488165e+06             35.0                  1           
    1126702357.9         1126702996.9          5.341e-06               6.2              7.227781e+06             18.0                  1           
    1132131989.1         1132132964.1         1.33164e-06              6.1              1.506619e+07             67.3                  1           
    1128560324.2         1128561118.4         2.86531e-06              6.1              1.035478e+07             10.0                  1           
    1126849191.9         1126849825.0         4.19017e-06              6.1              7.157515e+06             30.0                  1           
    1134672472.5         1134673460.4         1.71757e-06              6.1              1.518095e+07             6.9                   1           
    1132131990.5         1132132963.6         1.24889e-06              6.1              1.506122e+07             82.0                  1           
    1136777145.3         1136777673.3         4.32008e-07              6.1              6.288459e+06            582.6                  1           
    1134672473.6         1134673460.2         1.66515e-06              6.1              1.517999e+07             14.0                  1           
    1129608275.1         1129609265.0         1.34197e-06              6.0              1.524545e+07             10.0                  1           
    1129220332.5         1129221120.8         2.33711e-06              6.0              1.022002e+07             12.0                  1           
    1128836605.3         1128837339.7         2.76498e-06              6.0              9.000443e+06             12.0                  1           
    1127338852.4         1127339666.8          2.1773e-06              6.0              1.084929e+07             10.0                  1           
    1126627199.6         1126627684.4          5.9921e-06              6.0              4.854970e+06             10.0                  1           
    1136021671.0         1136022465.4         2.31767e-06              6.0              1.035964e+07             10.0                  1           
    1129885789.0         1129886639.2         4.89682e-07              5.9              1.234441e+07            206.9                  1           
    1136699779.2         1136700541.5         4.63235e-07              5.9              1.030978e+07            263.0                  1           
    1135695752.6         1135696579.6         1.11017e-06              5.8              1.127480e+07             38.3                  1           
    1135101502.0         1135102180.1          2.1719e-06              5.8              7.898294e+06             10.0                  1           
    1135033875.2         1135034847.5          4.2821e-07              5.8              1.515032e+07            119.0                  0           
    1134924926.9         1134925813.2         1.11555e-06              5.8              1.265071e+07             10.0                  1           
    1134588322.5         1134588948.2         1.99037e-06              5.8              7.068215e+06             47.6                  1           
    1132182347.7         1132182974.8         2.26901e-06              5.8              7.051457e+06             27.0                  1           
    1132032729.5         1132033570.7         1.24789e-06              5.8              1.153940e+07             14.0                  1           
    1130100417.3         1130101255.5         5.45034e-07              5.8              1.185391e+07            141.0                  1           
    1129673019.8         1129673960.0         9.67622e-07              5.8              1.399170e+07             8.0                   1           
    1129116806.0         1129117419.3         2.53217e-06              5.8              6.796717e+06             17.0                  1           
    1127887439.1         1127888107.2         2.17316e-06              5.8              7.729828e+06             14.5                  0           
    1127145433.2         1127146305.9         1.04718e-06              5.8              1.237435e+07             25.5                  1           
    1137176675.4         1137177515.4         1.31332e-06              5.8              1.147711e+07             7.0                   1           
    1136804675.0         1136805477.1         1.45732e-06              5.8              1.054753e+07             10.0                  1           
    1135695753.7         1135696581.0         1.14153e-06              5.8              1.126585e+07             34.0                  1           
    1135594635.1         1135594902.5         9.58357e-06              5.8              2.184031e+06             20.0                  1           
    1134924926.5         1134925812.6         1.11602e-06              5.8              1.264726e+07             10.0                  1           
    1134588322.6         1134588948.2         1.98108e-06              5.8              7.068674e+06             48.3                  1           
    1136664316.7         1136665163.0          1.853e-07               5.7              1.233954e+07            239.0                  1           
    1135743756.7         1135744503.0         2.09304e-08              5.7              1.069936e+07            583.1                  0           
    1135594637.5         1135594902.7          7.0128e-06              5.7              2.181369e+06             36.5                  1           
    1133784331.7         1133785178.3         9.97739e-07              5.7              1.165567e+07             10.0                  1           
    1132513078.6         1132514044.7         5.84835e-07              5.7              1.474005e+07             33.2                  1           
    1131564038.4         1131564898.0         9.56424e-07              5.7              1.198186e+07             10.0                  1           
    1131017611.6         1131018231.0         1.95389e-06              5.7              6.905800e+06             20.0                  1           
    1131010514.3         1131011687.1         3.80572e-07              5.7              1.639647e+07             69.0                  1           
    1131005634.4         1131006165.9         9.33003e-07              5.7              5.763149e+06            159.9                  1           
    1130928841.2         1130929468.1         1.62213e-06              5.7              7.078403e+06             42.0                  1           
    1130621119.0         1130622122.1         6.25473e-07              5.7              1.557637e+07             10.3                  0           
    1127664429.3         1127665249.8          5.5512e-07              5.7              1.129455e+07            101.0                  0           
    1126688846.5         1126689477.2         1.77697e-06              5.7              7.111992e+06             28.0                  1           
    1136664316.0         1136665162.3         1.85351e-07              5.7              1.233741e+07            239.0                  1           
    1136463139.4         1136463965.9         8.83342e-07              5.6              1.112933e+07             4.0                   0           
    1133614584.4         1133615213.4         1.44995e-06              5.6              7.076580e+06             25.0                  0           
    1132714284.8         1132715055.1         6.28958e-07              5.6              9.969830e+06             69.0                  0           
    1132346498.5         1132346713.1         7.57294e-06              5.6              1.711900e+06             34.0                  1           
    1131816593.3         1131817451.7         7.04304e-07              5.6              1.198551e+07             18.0                  1           
    1131236834.8         1131237718.5         6.75621e-07              5.6              1.259981e+07             13.0                  0           
    1131014794.5         1131015414.3         1.60946e-06              5.6              6.902133e+06             16.0                  1           
    1129139556.9         1129140248.4         1.33893e-06              5.6              8.144822e+06             10.1                  1           
    1126703354.8         1126703983.5         1.64406e-06              5.6              7.033354e+06             10.0                  1           
    1137204824.2         1137205729.1         5.61653e-07              5.6              1.318462e+07             27.1                  1           
    1137021766.0         1137022749.8         5.35884e-07              5.6              1.506613e+07             4.1                   1           
    1136812506.2         1136813444.9          4.7393e-07              5.6              1.406234e+07             35.0                  1           
    1136804675.8         1136805477.9         9.15847e-07              5.6              1.054718e+07             10.0                  1           
    1133998391.9         1133999071.7         1.10773e-06              5.5              7.928294e+06             10.0                  1           
    1133741389.8         1133742049.8         1.18374e-06              5.5              7.571963e+06             10.0                  1           
    1133512273.7         1133513126.9          5.3568e-07              5.5              1.186746e+07             21.5                  1           
    1133509888.4         1133510518.9         9.07494e-07              5.5              7.153303e+06             49.5                  1           
    1132949962.3         1132951148.1         3.21359e-07              5.5              1.673188e+07             10.0                  1           
    1131277540.9         1131278717.5         1.68311e-07              5.5              1.678574e+07             83.0                  0           
    1131014538.6         1131015552.2          3.6322e-07              5.5              1.583008e+07             8.0                   1           
    1130776375.8         1130777273.2         5.12863e-07              5.5              1.292900e+07             10.0                  1           
    1130447397.8         1130448305.6         5.09589e-07              5.5              1.317686e+07             7.0                   1           
    1127326661.9         1127327563.5         5.40171e-07              5.5              1.300532e+07             2.9                   1           
    1136808946.5         1136809883.8          4.5042e-07              5.5              1.392876e+07             10.0                  1           
    1136021672.2         1136022466.5         5.74847e-07              5.4              1.035895e+07             10.0                  1           
    1135632595.9         1135633430.2         4.11839e-07              5.4              1.141859e+07             27.3                  0           
    1135140212.2         1135141418.2         1.91452e-07              5.4              1.866072e+07             10.0                  0           
    1134512233.5         1134513146.8         3.71687e-07              5.4              1.332674e+07             10.0                  1           
    1133238367.8         1133239215.3         4.69597e-07              5.4              1.167960e+07             10.0                  0           
    1133134046.9         1133134858.1          5.3876e-07              5.4              1.077171e+07             10.0                  0           
    1132785187.3         1132786145.3         2.77236e-07              5.4              1.450347e+07             23.8                  1           
    1132648458.6         1132649398.9         2.50399e-07              5.4              1.411405e+07             39.4                  1           
    1131452514.0         1131453368.2         4.30378e-07              5.4              1.187132e+07             16.0                  1           
    1130384944.5         1130385734.0          3.9868e-07              5.4              1.037012e+07             47.0                  1           
    1129979115.4         1129980308.0         2.25683e-07              5.4              1.725140e+07             10.0                  0           
    1129336631.5         1129337501.1         2.14796e-07              5.4              1.245891e+07             78.0                  0           
    1129149910.9         1129150798.1          2.6694e-07              5.4              1.281720e+07             50.8                  1           
    1128938865.1         1128939266.2         9.92395e-07              5.4              3.867573e+06             97.1                  1           
    1128220238.6         1128220664.6         2.19443e-06              5.4              4.067809e+06             10.0                  0           
    1127669171.2         1127669389.5         4.41052e-06              5.4              1.747102e+06             42.0                  1           
    1126885045.0         1126885675.2         8.84353e-07              5.4              7.097894e+06             25.6                  0           
    1126686701.6         1126687327.9          1.0755e-06              5.4              6.987526e+06             8.0                   0           
    1137122455.8         1137122660.1         6.65553e-06              5.4              1.605182e+06             10.0                  1           
    1132648454.8         1132649399.1          3.2965e-07              5.4              1.410911e+07             11.5                  1           
    1136586013.3         1136586786.0         9.52335e-10              5.3              1.129107e+07            552.5                  0           
    1136121552.6         1136121772.5         4.99223e-06              5.3              1.734651e+06             10.0                  1           
    1135264806.1         1135265449.5         7.82153e-07              5.3              7.282519e+06             10.0                  0           
    1134333534.1         1134334332.6         3.17049e-07              5.3              1.056188e+07             37.3                  1           
    1133510367.0         1133511232.1         3.05625e-07              5.3              1.215276e+07             17.9                  1           
    1133409805.2         1133410694.8         3.01889e-07              5.3              1.273812e+07             11.1                  1           
    1133191765.5         1133192655.0         6.53367e-08              5.3              1.315048e+07            144.2                  1           
    1132929941.3         1132930522.4         1.40703e-07              5.3              6.565056e+06            179.3                  1           
    1131555228.3         1131556241.8         1.98813e-07              5.3              1.583527e+07             10.0                  1           
    1130807413.5         1130808017.5         8.12631e-07              5.3              6.650569e+06             18.8                  1           
    1130644279.6         1130645282.7         2.05759e-07              5.3              1.557499e+07             10.0                  1           
    1130391748.5         1130392616.3         1.96316e-07              5.3              1.234685e+07             55.4                  1           
    1129983338.3         1129984531.2         1.65206e-07              5.3              1.727340e+07             10.0                  1           
    1129511847.3         1129512662.2         3.83646e-07              5.3              1.088416e+07             15.3                  1           
    1129442706.2         1129443515.0         3.54287e-07              5.3              1.076874e+07             24.2                  0           
    1129256274.1         1129257173.0         2.95615e-07              5.3              1.296564e+07             10.0                  1           
    1127693117.8         1127694302.2         1.32748e-07              5.3              1.690855e+07             34.0                  1           
    1126686892.6         1126687794.4         3.07397e-07              5.3              1.302239e+07             5.7                   1           
    1137257680.8         1137258540.3         3.42472e-07              5.3              1.197919e+07             10.0                  1           
    1137204142.4         1137205321.1         1.73816e-07              5.3              1.631558e+07             16.5                  1           
    1136121552.5         1136121772.6         4.98669e-06              5.3              1.736301e+06             10.0                  1           
    1133741389.4         1133742050.5         7.34171e-07              5.3              7.590663e+06             10.0                  1           
    1135953390.9         1135954312.7         1.95678e-07              5.2              1.355006e+07             12.6                  1           
    1135759059.5         1135759911.6         2.64876e-08              5.2              1.234154e+07            189.0                  1           
    1134638948.5         1134639873.0         5.69264e-08              5.2              1.392032e+07            107.8                  0           
    1134162738.8         1134163332.2         4.58557e-07              5.2              6.536903e+06             46.7                  1           
    1133748300.7         1133749273.4         1.29071e-07              5.2              1.489575e+07             30.2                  1           
    1133511001.9         1133511869.9         2.49159e-07              5.2              1.219424e+07             10.0                  1           
    1131384536.1         1131385161.4         4.46908e-07              5.2              7.046562e+06             39.4                  0           
    1131315496.5         1131316451.5          5.8654e-08              5.2              1.465171e+07             96.7                  0           
    1131032473.4         1131033208.2         2.59017e-07              5.2              9.118164e+06             49.5                  1           
    1131024244.8         1131025258.6          1.4549e-07              5.2              1.584300e+07             9.8                   1           
    1130972051.4         1130973015.5         1.21831e-07              5.2              1.470479e+07             37.1                  1           
    1130723979.4         1130724666.9         2.68743e-07              5.2              8.197143e+06             61.0                  1           
    1130517424.7         1130518395.1         4.70519e-08              5.2              1.507413e+07            109.6                  0           
    1127591618.3         1127592531.2         2.03175e-07              5.2              1.332821e+07             12.3                  0           
    1127257137.3         1127257996.5         2.38606e-07              5.2              1.199787e+07             16.0                  0           
    1127146422.7         1127147049.8         4.34894e-07              5.2              7.079613e+06             41.0                  1           
    1127145456.5         1127146109.9         5.88235e-07              5.2              7.455012e+06             10.1                  1           
    1126929811.7         1126930739.8         1.97624e-07              5.2              1.369807e+07             10.0                  0           
    1137208939.4         1137209822.5         1.46598e-07              5.2              1.270136e+07             46.4                  1           
    1137180127.2         1137181091.7         1.72785e-07              5.2              1.461073e+07             10.0                  1           
    1137079820.5         1137080782.4         3.64716e-08              5.2              1.492735e+07            131.8                  1           
    1137054640.7         1137054879.3          3.6689e-06              5.2              1.896447e+06             10.0                  1           
    1137005690.7         1137006866.1         6.96055e-08              5.2              1.651898e+07             61.7                  1           
    1136998697.7         1136998993.7          2.2079e-06              5.2              2.484388e+06             24.9                  1           
    1136752515.8         1136753416.4         2.19347e-07              5.2              1.300983e+07             10.0                  1           
    1135953390.5         1135954312.7         2.02088e-07              5.2              1.354912e+07             10.0                  1           
    1136744969.0         1136745771.4         2.35648e-07              5.2              1.065267e+07             35.0                  1           
    1133166783.1         1133167404.2         4.81634e-07              5.2              6.967819e+06             34.8                  0           
    1126650938.1         1126651564.4         6.51233e-07              5.2              6.992842e+06             10.0                  1           
    1136079018.5         1136079842.9         2.57674e-07              5.1              1.106847e+07             0.0                   1           
    1135064647.0         1135065491.9         4.08175e-08              5.1              1.196615e+07            121.4                  1           
    1135023539.7         1135024435.4         1.64756e-07              5.1              1.288662e+07             10.0                  1           
    1134920230.5         1134921098.3         1.86785e-07              5.1              1.218399e+07             9.3                   0           
    1134512066.2         1134512821.1         1.70744e-10              5.1              1.079301e+07            530.0                  1           
    1134021217.0         1134022008.4         2.49576e-07              5.1              1.029520e+07             12.3                  0           
    1133839265.8         1133840447.4         5.28427e-08              5.1              1.683822e+07             48.3                  1           
    1133795023.4         1133795855.8         1.96461e-07              5.1              1.132662e+07             16.2                  0           
    1132620791.5         1132621225.1         1.91892e-10              5.1              4.878247e+06            616.0                  1           
    1132532259.8         1132533159.6         1.26502e-08              5.1              1.353057e+07            187.2                  1           
    1132261380.1         1132262253.3         1.73223e-07              5.1              1.233510e+07             12.9                  0           
    1132259928.5         1132260283.1         1.58324e-06              5.1              3.158287e+06             10.0                  1           
    1132097158.4         1132098017.6         1.91811e-07              5.1              1.197207e+07             10.0                  1           
    1132066257.3         1132067224.6         1.24085e-07              5.1              1.467972e+07             10.0                  1           
    1132032855.2         1132033697.2         2.06442e-07              5.1              1.154199e+07             10.0                  1           
    1131940068.8         1131940901.6         1.39806e-07              5.1              1.142025e+07             39.5                  1           
    1131908052.8         1131908933.3         1.75401e-07              5.1              1.250609e+07             10.0                  1           
    1131784437.8         1131785198.7         2.99523e-07              5.1              9.565467e+06             9.0                   1           
    1131679919.2         1131680586.4         3.17159e-07              5.1              7.757456e+06             31.3                  1           
    1131568486.3         1131569346.3          1.9118e-07              5.1              1.199141e+07             10.0                  1           
    1131454495.4         1131455350.6         1.95057e-07              5.1              1.187313e+07             10.0                  0           
    1131278948.1         1131279231.0         1.58852e-06              5.1              2.362978e+06             36.1                  1           
    1131246486.0         1131247108.6         5.13031e-07              5.1              6.930875e+06             10.0                  1           
    1131243836.3         1131244458.8         5.13158e-07              5.1              6.929805e+06             10.0                  1           
    1131242482.9         1131243105.7         5.12637e-07              5.1              6.934194e+06             10.0                  1           
    1131112673.4         1131113579.1         1.63864e-07              5.1              1.312708e+07             7.6                   0           
    1131028462.4         1131029476.6          1.0397e-07              5.1              1.585338e+07             10.0                  1           
    1131018896.3         1131019909.9          1.0401e-07              5.1              1.583863e+07             10.1                  1           
    1130548261.0         1130549128.6         1.46603e-07              5.1              1.224625e+07             26.0                  1           
    1130210338.9         1130211149.0         2.37565e-07              5.1              1.074353e+07             10.0                  1           
    1129900335.8         1129901087.7         1.07906e-10              5.1              1.079593e+07            562.9                  1           
    1129889363.0         1129890546.4         7.89408e-08              5.1              1.668718e+07             21.0                  1           
    1129590476.0         1129590892.2         1.17999e-06              5.1              3.940094e+06             10.0                  0           
    1129227462.2         1129228251.0         2.61005e-07              5.1              1.022524e+07             10.0                  0           
    1129220634.8         1129221423.3         2.61326e-07              5.1              1.021864e+07             10.0                  1           
    1128826044.8         1128826996.7         4.26889e-08              5.1              1.455020e+07             88.2                  0           
    1128497484.6         1128498314.3         6.18718e-09              5.1              1.197247e+07            257.0                  0           
    1128158500.7         1128158752.9         2.07825e-06              5.1              2.043289e+06             29.6                  1           
    1127906478.7         1127907101.0         3.92571e-07              5.1              6.973326e+06             28.5                  1           
    1127703009.9         1127704194.2         6.28813e-08              5.1              1.691618e+07             35.0                  1           
    1126658931.4         1126659889.3         9.77366e-08              5.1              1.451798e+07             29.0                  0           
    1137159855.0         1137160685.6         6.34682e-08              5.1              1.152957e+07             95.0                  1           
    1137093933.8         1137095140.0         6.93768e-08              5.1              1.868297e+07             10.0                  1           
    1137019103.5         1137019990.6         1.70654e-07              5.1              1.267194e+07             10.0                  1           
    1136854625.0         1136855571.8         1.34333e-07              5.1              1.416690e+07             10.0                  1           
    1136785196.7         1136785972.2         4.23565e-08              5.1              1.029296e+07            139.9                  1           
    1136777915.1         1136778907.5         1.34082e-08              5.1              1.576714e+07            158.2                  1           
    1136755111.5         1136755969.3         1.92947e-07              5.1              1.193725e+07             10.0                  1           
    1136744960.9         1136745764.8         2.44202e-07              5.1              1.059035e+07             10.0                  1           
    1136699267.8         1136700451.3         9.36633e-08              5.1              1.656450e+07             10.0                  1           
    1135143625.0         1135144279.4         4.53723e-07              5.1              7.472537e+06             10.0                  0           
    1131112673.9         1131113579.1         1.57067e-07              5.1              1.312770e+07             10.6                  0           
    1127316923.0         1127317708.3         2.65083e-07              5.1              1.014146e+07             10.0                  1           
    1127234249.0         1127235062.7         2.33768e-07              5.1              1.083363e+07             10.0                  1           
    1126569317.7         1126569954.4         4.85829e-07              5.1              7.167992e+06             10.0                  0           
    1137053871.7         1137054109.5         2.99149e-06              5.1              1.890297e+06             10.0                  1           
    1136972570.4         1136973240.1         4.27393e-07              5.1              7.745637e+06             10.0                  1           
    1136079019.8         1136079842.9         2.24201e-07              5.1              1.106915e+07             10.0                  1           
    1128163670.2         1128164301.2          3.0911e-07              5.1              7.150926e+06             42.8                  0           
    1136498874.7         1136499722.9         5.82675e-08              5.0              1.189079e+07             67.3                  0           
    1136468031.3         1136468664.8         3.44466e-07              5.0              7.128202e+06             15.7                  1           
    1136216460.1         1136217150.7         2.38045e-07              5.0              8.171389e+06             24.1                  1           
    1135635754.3         1135636373.0         2.47525e-07              5.0              6.935845e+06             39.9                  0           
    1135481152.3         1135481375.4         7.51496e-07              5.0              1.808715e+06             88.4                  0           
    1135479533.5         1135480186.3          3.4937e-07              5.0              7.446364e+06             10.0                  0           
    1134922688.6         1134923226.1         5.56006e-07              5.0              5.606982e+06             10.0                  0           
    1134684291.9         1134685174.9         6.30159e-08              5.0              1.271944e+07             52.9                  1           
    1134168994.2         1134169883.2         7.86344e-08              5.0              1.282313e+07             37.5                  0           
    1133968155.0         1133968807.8         2.22632e-07              5.0              7.515990e+06             37.9                  1           
    1133906753.8         1133907955.3         5.20425e-08              5.0              1.807232e+07             10.0                  1           
    1133295755.1         1133296638.1         1.17853e-07              5.0              1.258603e+07             14.2                  0           
    1133193332.1         1133193981.5          3.2853e-07              5.0              7.399301e+06             14.7                  1           
    1133137452.7         1133138105.8         3.49125e-07              5.0              7.449357e+06             10.0                  0           
    1133036429.7         1133037311.0         6.44853e-08              5.0              1.267461e+07             51.9                  1           
    1133012412.1         1133012936.9          1.0452e-07              5.0              5.597576e+06            117.3                  1           
    1132789674.1         1132789949.6         1.63193e-06              5.0              2.267864e+06             21.0                  1           
    1132674419.8         1132675593.2         3.99845e-08              5.0              1.623380e+07             45.0                  1           
    1132462027.8         1132462845.9          2.6495e-08              5.0              1.130501e+07            124.7                  1           
    1132391673.0         1132392305.7         2.36731e-07              5.0              7.170728e+06             39.1                  0           
    1132241664.9         1132242653.0         8.12796e-08              5.0              1.519936e+07             10.0                  0           
    1131941769.6         1131942690.1         9.66212e-08              5.0              1.353539e+07             16.5                  0           
    1131799880.6         1131800849.3         8.78919e-08              5.0              1.471666e+07             10.0                  1           
    1131599532.1         1131600345.7         1.15093e-07              5.0              1.092877e+07             35.0                  1           
    1131301151.7         1131301864.0         6.20529e-10              5.0              9.440311e+06            388.4                  1           
    1131148471.4         1131149087.6          2.3232e-07              5.0              6.904257e+06             44.4                  1           
    1130898640.3         1130899580.4         5.59867e-08              5.0              1.412510e+07             45.1                  0           
    1130876059.6         1130876263.7         1.58311e-06              5.0              1.628828e+06             48.7                  0           
    1130781791.0         1130782589.5         1.85839e-07              5.0              1.045849e+07             10.0                  1           
    1130775870.9         1130776872.4          6.5183e-08              5.0              1.558104e+07             20.2                  1           
    1130680087.3         1130680855.4         5.34719e-08              5.0              9.992812e+06             95.7                  0           
    1130506853.2         1130507739.4         7.08863e-08              5.0              1.277443e+07             44.7                  1           
    1129986922.0         1129987827.8         1.14458e-07              5.0              1.313718e+07             10.0                  1           
    1129905555.3         1129906095.7         1.00583e-07              5.0              5.828132e+06            115.7                  1           
    1129858909.3         1129859688.6         3.61277e-11              5.0              1.143930e+07            546.0                  1           
    1129535446.9         1129536652.0         4.86716e-08              5.0              1.852059e+07             10.0                  0           
    1129370791.0         1129371417.9          2.169e-07               5.0              7.084696e+06             46.0                  1           
    1129300276.0         1129301467.4         5.98172e-08              5.0              1.715378e+07             10.0                  1           
    1129117162.2         1129117994.6          1.7666e-07              5.0              1.127189e+07             3.4                   1           
    1128844056.0         1128844395.1         2.11877e-07              5.0              3.115083e+06            125.7                  1           
    1128837000.1         1128837734.5         2.48926e-07              5.0              8.993274e+06             10.0                  1           
    1128393230.9         1128394073.1          1.678e-07               5.0              1.152062e+07             3.8                   0           
    1128042592.4         1128043441.2         8.80604e-08              5.0              1.182752e+07             41.6                  1           
    1127988733.0         1127989360.5         2.80292e-07              5.0              7.064186e+06             29.9                  0           
    1127880866.7         1127881710.2         1.50745e-07              5.0              1.157868e+07             10.0                  1           
    1127426443.6         1127426913.4         7.37354e-07              5.0              4.650906e+06             10.0                  0           
    1126911975.0         1126912875.8         1.16927e-07              5.0              1.301299e+07             10.0                  1           
    1126870584.7         1126871552.2         9.03181e-08              5.0              1.467959e+07             8.6                   1           
    1126804725.6         1126805352.1         2.59163e-07              5.0              7.059256e+06             35.0                  1           
    1126753339.0         1126753966.2         2.18563e-07              5.0              7.089249e+06             45.5                  0           
    1126657701.3         1126658562.6         1.11032e-07              5.0              1.207971e+07             23.8                  0           
    1126585459.1         1126586094.0          4.0285e-07              5.0              7.126432e+06             5.7                   0           
    1137085555.4         1137086156.7         2.78318e-07              5.0              6.647230e+06             36.9                  1           
    1137079736.0         1137080303.1         1.35656e-07              5.0              6.196009e+06             90.3                  1           
    1136954173.9         1136955185.6         6.92195e-08              5.0              1.580888e+07             14.1                  1           
    1136756274.0         1136757140.3         1.28906e-07              5.0              1.216216e+07             13.3                  1           
    1136706777.8         1136707704.2         3.22522e-08              5.0              1.389441e+07             83.0                  1           
    1136656950.9         1136657787.6         6.59591e-08              5.0              1.158775e+07             62.9                  1           
    1136498873.8         1136499722.1         6.03838e-08              5.0              1.188676e+07             65.1                  0           
    1136482866.5         1136483662.6         1.87872e-07              5.0              1.040212e+07             10.0                  1           
    1136468032.8         1136468664.8         2.92139e-07              5.0              7.131002e+06             26.2                  1           
    1136299545.8         1136300169.2         3.62594e-07              5.0              6.957584e+06             15.0                  1           
    1136294961.0         1136295764.8         1.81281e-07              5.0              1.058854e+07             10.0                  1           
    1135635809.0         1135636993.0         6.51219e-08              5.0              1.660257e+07             10.0                  0           
    1135481151.0         1135481374.9         8.41388e-07              5.0              1.812262e+06             81.0                  0           
    1137177925.2         1137178769.2         5.24531e-08              5.0              1.180861e+07             75.0                  1           
    1133292213.3         1133293084.4         1.03883e-07              5.0              1.233211e+07             25.2                  0           
    1132695930.0         1132696520.7         2.81082e-07              5.0              6.481507e+06             38.9                  0           
    1131742356.7         1131742984.6         4.00442e-07              5.0              7.013904e+06             7.8                   0           
    1126649553.5         1126650181.3         3.83449e-07              5.0              7.019150e+06             10.5                  1           
    1126585762.5         1126586396.1         2.77548e-07              5.0              7.164351e+06             29.0                  0           
    1126582354.7         1126582991.3         3.70133e-07              5.0              7.167423e+06             10.5                  0           
    1126581357.7         1126581989.4         2.47368e-07              5.0              7.149792e+06             36.6                  0           
