    1132440670.8         1132441110.1         0.000291671          2.36592e-04          4.71033e-04              7.6              4.958033e+06            611.7                  1           
    1132440355.1         1132440798.9         0.000291671          2.36592e-04          4.70775e-04              7.6              5.013847e+06            600.6                  1           
    1132440355.8         1132440799.1         0.000291671          2.36592e-04          4.70775e-04              7.6              5.009851e+06            605.7                  1           
    1129885799.6         1129886646.4         7.96975e-05          6.57959e-05          3.60646e-04              7.5              1.232874e+07            231.0                  1           
    1133509823.6         1133510689.5         0.000196851          8.76162e-05          8.01747e-04              7.2              1.220340e+07             26.0                  1           
    1133509824.5         1133510689.5         0.000196851          8.76162e-05          8.01747e-04              7.2              1.220637e+07             33.0                  1           
    1133509823.0         1133510689.6         0.000196851          8.76162e-05          8.01747e-04              7.2              1.220875e+07             22.0                  1           
    1133303117.1         1133304314.5         1.67174e-05          8.19344e-06          7.48750e-05              7.1              1.807113e+07             35.0                  1           
    1131906681.6         1131907561.7         6.36065e-05          2.37359e-05          1.82434e-04              7.0              1.250891e+07             13.4                  1           
    1133691727.4         1133692699.5         1.74386e-05          1.04743e-05          6.19737e-05              6.9              1.489337e+07             33.9                  1           
    1131245196.9         1131245819.1         1.85178e-05          9.83010e-06          8.43191e-05              6.9              6.924445e+06             10.0                  1           
    1131242095.5         1131242717.7         3.38549e-05          1.54061e-05          1.61413e-04              6.9              6.930661e+06             12.0                  1           
    1131242095.6         1131242717.9         3.38549e-05          1.54061e-05          1.61413e-04              6.9              6.931514e+06             12.0                  1           
    1133691725.5         1133692699.4         1.74386e-05          1.04743e-05          6.19737e-05              6.9              1.488996e+07             21.0                  1           
    1132551935.3         1132552368.6         3.08487e-05          2.97175e-05          5.15107e-05              6.7              4.859785e+06            599.4                  1           
    1131483108.0         1131483968.8         7.82425e-05          3.02117e-05          2.33403e-04              6.7              1.202080e+07             12.0                  1           
    1135897539.1         1135898467.6         9.45235e-06          3.95495e-06          3.69664e-05              6.7              1.386307e+07             55.0                  1           
    1136777150.6         1136777937.1         1.04329e-05          9.33052e-06          4.04746e-05              6.7              1.029276e+07             46.0                  1           
    1136777150.0         1136777936.4         1.04329e-05          9.33052e-06          4.04746e-05              6.7              1.029300e+07             46.0                  1           
    1127145224.7         1127146183.2         5.98386e-06          6.66911e-06          1.81087e-05              6.6              1.449176e+07             18.0                  1           
    1126892417.1         1126893051.0         1.22848e-05          8.14164e-06          5.88540e-05              6.6              7.184352e+06             35.0                  1           
    1131779424.3         1131780185.0          1.6976e-05          6.81700e-06          5.74712e-05              6.5              9.566948e+06             11.0                  1           
    1131120243.1         1131120863.5         3.24531e-05          1.09083e-05          8.43080e-05              6.5              6.909256e+06             15.0                  1           
    1130643872.2         1130644873.9         5.56508e-06          2.65346e-06          2.25503e-05              6.5              1.558304e+07             20.0                  1           
    1136565504.1         1136566462.5         1.18008e-05          6.32250e-06          4.04353e-05              6.5              1.450202e+07             20.8                  1           
    1136565502.9         1136566462.5         1.18008e-05          6.32250e-06          4.04353e-05              6.5              1.449977e+07             13.0                  1           
    1136565502.0         1136566461.6         1.18008e-05          6.32250e-06          4.04353e-05              6.5              1.449965e+07             13.0                  1           
    1135106104.2         1135106954.8         5.95193e-06          6.31154e-06          1.01975e-05              6.3              1.235299e+07            206.0                  1           
    1132693240.0         1132693831.6         4.81309e-06          5.40168e-06          1.40089e-05              6.2              6.488165e+06             35.0                  1           
    1126702357.9         1126702996.9         7.67442e-06          5.56620e-06          1.66500e-05              6.2              7.227781e+06             18.0                  1           
    1132131989.1         1132132964.1         3.97527e-06          4.60012e-06          4.61049e-06              6.1              1.506619e+07             67.3                  1           
    1128560324.2         1128561118.4         2.60837e-06          3.04720e-06          8.57054e-06              6.1              1.035478e+07             10.0                  1           
    1126849191.9         1126849825.0         3.47172e-06          3.99681e-06          1.06686e-05              6.1              7.157515e+06             30.0                  1           
    1134672472.5         1134673460.4         1.19024e-05          1.12132e-05          2.83326e-05              6.1              1.518095e+07             6.9                   1           
    1132131990.5         1132132963.6         3.97527e-06          4.60012e-06          4.61049e-06              6.1              1.506122e+07             82.0                  1           
    1136777145.3         1136777673.3         1.04329e-05          9.33051e-06          4.25266e-05              6.1              6.288459e+06            582.6                  1           
    1134672473.6         1134673460.2         1.19024e-05          1.12132e-05          2.83326e-05              6.1              1.517999e+07             14.0                  1           
    1129608275.1         1129609265.0         2.76154e-06          3.32757e-06          9.52365e-06              6.0              1.524545e+07             10.0                  1           
    1129220332.5         1129221120.8         9.95687e-06          1.02145e-05          1.65119e-05              6.0              1.022002e+07             12.0                  1           
    1128836605.3         1128837339.7         8.68489e-06          4.32061e-06          2.15199e-05              6.0              9.000443e+06             12.0                  1           
    1127338852.4         1127339666.8         1.86739e-06          2.47858e-06          6.45535e-06              6.0              1.084929e+07             10.0                  1           
    1126627199.6         1126627684.4          9.0861e-06          4.16057e-06          2.09075e-05              6.0              4.854970e+06             10.0                  1           
    1136021671.0         1136022465.4         3.31261e-06          3.90375e-06          9.58849e-06              6.0              1.035964e+07             10.0                  1           
    1129885789.0         1129886639.2         7.96975e-05          6.57959e-05          3.60646e-04              5.9              1.234441e+07            206.9                  1           
    1136699779.2         1136700541.5         6.08048e-06          6.77574e-06          6.13900e-06              5.9              1.030978e+07            263.0                  1           
    1135695752.6         1135696579.6         3.41086e-06          4.55531e-06          1.52038e-05              5.8              1.127480e+07             38.3                  1           
    1135101502.0         1135102180.1         5.26062e-06          5.38050e-06          9.39099e-06              5.8              7.898294e+06             10.0                  1           
    1135033875.2         1135034847.5         3.73913e-06          5.31646e-06          4.71040e-06              5.8              1.515032e+07            119.0                  0           
    1134924926.9         1134925813.2         5.47442e-06          6.04976e-06          1.65145e-05              5.8              1.265071e+07             10.0                  1           
    1134588322.5         1134588948.2         4.04655e-06          4.92848e-06          1.26893e-05              5.8              7.068215e+06             47.6                  1           
    1132182347.7         1132182974.8         2.34413e-06          3.03688e-06          1.05404e-05              5.8              7.051457e+06             27.0                  1           
    1132032729.5         1132033570.7         4.28327e-06          4.42733e-06          6.36662e-06              5.8              1.153940e+07             14.0                  1           
    1130100417.3         1130101255.5         2.19777e-06          3.23642e-06          7.62013e-06              5.8              1.185391e+07            141.0                  1           
    1129673019.8         1129673960.0         2.65293e-06          3.49207e-06          1.04012e-05              5.8              1.399170e+07             8.0                   1           
    1129116806.0         1129117419.3         2.03292e-06          3.37536e-06          4.57983e-06              5.8              6.796717e+06             17.0                  1           
    1127887439.1         1127888107.2         6.44917e-06          8.60481e-06          5.42935e-06              5.8              7.729828e+06             14.5                  0           
    1127145433.2         1127146305.9         5.98386e-06          6.66912e-06          1.94259e-05              5.8              1.237435e+07             25.5                  1           
    1137176675.4         1137177515.4         5.82192e-06          6.64235e-06          1.07205e-05              5.8              1.147711e+07             7.0                   1           
    1136804675.0         1136805477.1         3.67409e-06          4.52028e-06          4.21845e-06              5.8              1.054753e+07             10.0                  1           
    1135695753.7         1135696581.0         3.41086e-06          4.55531e-06          1.52038e-05              5.8              1.126585e+07             34.0                  1           
    1135594635.1         1135594902.5         1.26025e-05          7.15058e-06          3.17468e-05              5.8              2.184031e+06             20.0                  1           
    1134924926.5         1134925812.6         5.47442e-06          6.04976e-06          1.65145e-05              5.8              1.264726e+07             10.0                  1           
    1134588322.6         1134588948.2         4.04655e-06          4.92848e-06          1.26893e-05              5.8              7.068674e+06             48.3                  1           
    1136664316.7         1136665163.0         2.23585e-06          2.57539e-06          7.87286e-06              5.7              1.233954e+07            239.0                  1           
    1135743756.7         1135744503.0         3.20217e-06          4.76039e-06          6.06948e-06              5.7              1.069936e+07            583.1                  0           
    1135594637.5         1135594902.7         1.26025e-05          7.15058e-06          3.17468e-05              5.7              2.181369e+06             36.5                  1           
    1133784331.7         1133785178.3         2.70398e-06          3.07904e-06          3.19387e-06              5.7              1.165567e+07             10.0                  1           
    1132513078.6         1132514044.7         4.63906e-06          4.97184e-06          2.08221e-05              5.7              1.474005e+07             33.2                  1           
    1131564038.4         1131564898.0         4.42463e-06          4.32360e-06          1.33598e-05              5.7              1.198186e+07             10.0                  1           
    1131017611.6         1131018231.0         9.10655e-06          1.49256e-05          1.76427e-05              5.7              6.905800e+06             20.0                  1           
    1131010514.3         1131011687.1         9.41248e-06          1.36512e-05          1.73578e-05              5.7              1.639647e+07             69.0                  1           
    1131005634.4         1131006165.9         8.87546e-06          1.42738e-05          6.94329e-06              5.7              5.763149e+06            159.9                  1           
    1130928841.2         1130929468.1         4.50251e-06          7.45040e-06          6.99415e-06              5.7              7.078403e+06             42.0                  1           
    1130621119.0         1130622122.1         1.58882e-06          2.10016e-06          2.40251e-06              5.7              1.557637e+07             10.3                  0           
    1127664429.3         1127665249.8         3.00475e-06          4.00933e-06          1.00290e-05              5.7              1.129455e+07            101.0                  0           
    1126688846.5         1126689477.2         1.52629e-06          2.12405e-06          3.75643e-06              5.7              7.111992e+06             28.0                  1           
    1136664316.0         1136665162.3         2.23585e-06          2.57539e-06          7.87286e-06              5.7              1.233741e+07            239.0                  1           
    1136463139.4         1136463965.9         3.55661e-06          5.04032e-06          7.00639e-06              5.6              1.112933e+07             4.0                   0           
    1133614584.4         1133615213.4         2.36957e-06          3.79791e-06          2.58073e-05              5.6              7.076580e+06             25.0                  0           
    1132714284.8         1132715055.1          3.9107e-06          5.49052e-06          1.19226e-05              5.6              9.969830e+06             69.0                  0           
    1132346498.5         1132346713.1         7.06747e-06          9.85626e-06          1.47588e-05              5.6              1.711900e+06             34.0                  1           
    1131816593.3         1131817451.7         6.10106e-06          5.92005e-06          3.19946e-05              5.6              1.198551e+07             18.0                  1           
    1131236834.8         1131237718.5         5.18115e-06          5.98557e-06          8.15908e-06              5.6              1.259981e+07             13.0                  0           
    1131014794.5         1131015414.3         9.41248e-06          1.34214e-05          1.50373e-05              5.6              6.902133e+06             16.0                  1           
    1129139556.9         1129140248.4          2.3297e-06          2.89459e-06          1.22781e-05              5.6              8.144822e+06             10.1                  1           
    1126703354.8         1126703983.5         3.01447e-06          1.91124e-06          1.61461e-05              5.6              7.033354e+06             10.0                  1           
    1137204824.2         1137205729.1         4.84694e-06          5.23906e-06          4.19331e-06              5.6              1.318462e+07             27.1                  1           
    1137021766.0         1137022749.8         7.36944e-06          9.58271e-06          5.86685e-06              5.6              1.506613e+07             4.1                   1           
    1136812506.2         1136813444.9         3.39998e-06          4.41244e-06          4.99102e-06              5.6              1.406234e+07             35.0                  1           
    1136804675.8         1136805477.9         3.67409e-06          4.52028e-06          4.21845e-06              5.6              1.054718e+07             10.0                  1           
    1133998391.9         1133999071.7          3.5361e-06          4.06646e-06          6.61906e-06              5.5              7.928294e+06             10.0                  1           
    1133741389.8         1133742049.8         3.59052e-06          3.94806e-06          5.31882e-06              5.5              7.571963e+06             10.0                  1           
    1133512273.7         1133513126.9         0.000196851          8.76162e-05          8.00807e-04              5.5              1.186746e+07             21.5                  1           
    1133509888.4         1133510518.9         0.000162663          3.55494e-05          8.03373e-04              5.5              7.153303e+06             49.5                  1           
    1132949962.3         1132951148.1         2.06774e-06          2.34435e-06          4.49813e-06              5.5              1.673188e+07             10.0                  1           
    1131277540.9         1131278717.5         2.96133e-06          4.03754e-06          4.10962e-06              5.5              1.678574e+07             83.0                  0           
    1131014538.6         1131015552.2         9.41248e-06          1.49256e-05          1.60259e-05              5.5              1.583008e+07             8.0                   1           
    1130776375.8         1130777273.2         1.28757e-06          1.73258e-06          1.30243e-05              5.5              1.292900e+07             10.0                  1           
    1130447397.8         1130448305.6         5.16127e-06          9.22451e-06          5.72176e-06              5.5              1.317686e+07             7.0                   1           
    1127326661.9         1127327563.5         2.00462e-06          2.72010e-06          6.01292e-06              5.5              1.300532e+07             2.9                   1           
    1136808946.5         1136809883.8         3.33194e-06          3.94876e-06          4.29884e-06              5.5              1.392876e+07             10.0                  1           
    1136021672.2         1136022466.5         3.31261e-06          3.90375e-06          9.58849e-06              5.4              1.035895e+07             10.0                  1           
    1135632595.9         1135633430.2         3.22196e-06          4.40781e-06          3.01386e-06              5.4              1.141859e+07             27.3                  0           
    1135140212.2         1135141418.2          5.4161e-06          6.25204e-06          7.44887e-06              5.4              1.866072e+07             10.0                  0           
    1134512233.5         1134513146.8         3.96769e-06          5.43017e-06          3.65220e-06              5.4              1.332674e+07             10.0                  1           
    1133238367.8         1133239215.3         3.96615e-06          5.07139e-06          5.04893e-06              5.4              1.167960e+07             10.0                  0           
    1133134046.9         1133134858.1         2.98624e-06          3.47469e-06          3.68522e-06              5.4              1.077171e+07             10.0                  0           
    1132785187.3         1132786145.3         3.33427e-06          3.93195e-06          4.01574e-06              5.4              1.450347e+07             23.8                  1           
    1132648458.6         1132649398.9         4.53889e-06          6.66849e-06          4.70385e-06              5.4              1.411405e+07             39.4                  1           
    1131452514.0         1131453368.2         6.98253e-06          6.77939e-06          8.50898e-06              5.4              1.187132e+07             16.0                  1           
    1130384944.5         1130385734.0         6.92828e-06          8.86483e-06          6.81243e-06              5.4              1.037012e+07             47.0                  1           
    1129979115.4         1129980308.0         7.17397e-06          1.03332e-05          2.89642e-05              5.4              1.725140e+07             10.0                  0           
    1129336631.5         1129337501.1         4.18141e-06          6.04453e-06          4.35797e-06              5.4              1.245891e+07             78.0                  0           
    1129149910.9         1129150798.1         2.42987e-06          3.26409e-06          7.84539e-06              5.4              1.281720e+07             50.8                  1           
    1128938865.1         1128939266.2         2.63334e-06          4.43658e-06          2.27633e-06              5.4              3.867573e+06             97.1                  1           
    1128220238.6         1128220664.6         2.17653e-06          3.10767e-06          3.85108e-06              5.4              4.067809e+06             10.0                  0           
    1127669171.2         1127669389.5          3.0047e-06          4.00847e-06          1.05582e-05              5.4              1.747102e+06             42.0                  1           
    1126885045.0         1126885675.2         1.69229e-06          2.61474e-06          8.51523e-06              5.4              7.097894e+06             25.6                  0           
    1126686701.6         1126687327.9         1.52629e-06          2.12405e-06          2.72672e-06              5.4              6.987526e+06             8.0                   0           
    1137122455.8         1137122660.1          8.6418e-06          1.02931e-05          1.49815e-05              5.4              1.605182e+06             10.0                  1           
    1132648454.8         1132649399.1         4.53889e-06          6.66849e-06          4.70385e-06              5.4              1.410911e+07             11.5                  1           
    1136586013.3         1136586786.0         4.42668e-06          5.63977e-06          3.55916e-06              5.3              1.129107e+07            552.5                  0           
    1136121552.6         1136121772.5         4.36968e-06          4.71360e-06          4.93051e-06              5.3              1.734651e+06             10.0                  1           
    1135264806.1         1135265449.5          4.8705e-06          5.75662e-06          2.87323e-05              5.3              7.282519e+06             10.0                  0           
    1134333534.1         1134334332.6         3.22979e-06          3.91797e-06          6.11127e-06              5.3              1.056188e+07             37.3                  1           
    1133510367.0         1133511232.1         0.000196851          8.76162e-05          8.02030e-04              5.3              1.215276e+07             17.9                  1           
    1133409805.2         1133410694.8         4.12556e-06          4.94134e-06          4.93254e-06              5.3              1.273812e+07             11.1                  1           
    1133191765.5         1133192655.0         3.11263e-06          3.96676e-06          1.27758e-05              5.3              1.315048e+07            144.2                  1           
    1132929941.3         1132930522.4         2.04639e-06          2.75200e-06          5.22864e-06              5.3              6.565056e+06            179.3                  1           
    1131555228.3         1131556241.8         3.75358e-06          4.68743e-06          1.44148e-05              5.3              1.583527e+07             10.0                  1           
    1130807413.5         1130808017.5         1.71615e-06          1.75141e-06          3.57696e-06              5.3              6.650569e+06             18.8                  1           
    1130644279.6         1130645282.7         5.56507e-06          2.65336e-06          2.20584e-05              5.3              1.557499e+07             10.0                  1           
    1130391748.5         1130392616.3         6.33903e-06          7.90722e-06          7.34630e-06              5.3              1.234685e+07             55.4                  1           
    1129983338.3         1129984531.2          6.7096e-06          8.87840e-06          4.66629e-05              5.3              1.727340e+07             10.0                  1           
    1129511847.3         1129512662.2          3.1645e-06          3.99531e-06          2.85608e-06              5.3              1.088416e+07             15.3                  1           
    1129442706.2         1129443515.0         3.07806e-06          4.01394e-06          1.25023e-06              5.3              1.076874e+07             24.2                  0           
    1129256274.1         1129257173.0         2.30821e-06          3.32609e-06          4.58068e-06              5.3              1.296564e+07             10.0                  1           
    1127693117.8         1127694302.2         2.10747e-06          2.65423e-06          4.54602e-06              5.3              1.690855e+07             34.0                  1           
    1126686892.6         1126687794.4         1.52629e-06          2.12405e-06          3.16587e-06              5.3              1.302239e+07             5.7                   1           
    1137257680.8         1137258540.3         4.21147e-06          4.99317e-06          1.39170e-05              5.3              1.197919e+07             10.0                  1           
    1137204142.4         1137205321.1         4.84694e-06          5.23906e-06          4.93102e-06              5.3              1.631558e+07             16.5                  1           
    1136121552.5         1136121772.6         4.36968e-06          4.71360e-06          4.93051e-06              5.3              1.736301e+06             10.0                  1           
    1133741389.4         1133742050.5         3.59052e-06          3.94806e-06          5.31882e-06              5.3              7.590663e+06             10.0                  1           
    1135953390.9         1135954312.7         2.46355e-06          3.03517e-06          9.58331e-06              5.2              1.355006e+07             12.6                  1           
    1135759059.5         1135759911.6         2.66479e-06          4.29331e-06          2.85640e-06              5.2              1.234154e+07            189.0                  1           
    1134638948.5         1134639873.0         6.39947e-06          8.16712e-06          8.59685e-06              5.2              1.392032e+07            107.8                  0           
    1134162738.8         1134163332.2         4.88004e-06          5.11736e-06          5.48741e-06              5.2              6.536903e+06             46.7                  1           
    1133748300.7         1133749273.4         3.23191e-06          3.41004e-06          3.93415e-06              5.2              1.489575e+07             30.2                  1           
    1133511001.9         1133511869.9         0.000196851          8.76162e-05          8.00467e-04              5.2              1.219424e+07             10.0                  1           
    1131384536.1         1131385161.4         3.10095e-06          4.30556e-06          5.99084e-06              5.2              7.046562e+06             39.4                  0           
    1131315496.5         1131316451.5         3.18232e-06          3.78237e-06          2.42048e-06              5.2              1.465171e+07             96.7                  0           
    1131032473.4         1131033208.2         9.55796e-06          1.35044e-05          1.51284e-05              5.2              9.118164e+06             49.5                  1           
    1131024244.8         1131025258.6         1.10483e-05          1.41595e-05          1.96998e-05              5.2              1.584300e+07             9.8                   1           
    1130972051.4         1130973015.5         6.80471e-06          8.89853e-06          1.65174e-05              5.2              1.470479e+07             37.1                  1           
    1130723979.4         1130724666.9         1.30267e-06          1.44275e-06          1.15910e-06              5.2              8.197143e+06             61.0                  1           
    1130517424.7         1130518395.1         3.33115e-06          4.43146e-06          3.90922e-06              5.2              1.507413e+07            109.6                  0           
    1127591618.3         1127592531.2          2.0569e-06          2.19344e-06          4.67068e-06              5.2              1.332821e+07             12.3                  0           
    1127257137.3         1127257996.5         2.54815e-06          3.47244e-06          2.36834e-06              5.2              1.199787e+07             16.0                  0           
    1127146422.7         1127147049.8         5.36655e-06          4.07275e-06          1.97753e-05              5.2              7.079613e+06             41.0                  1           
    1127145456.5         1127146109.9         5.98386e-06          6.66911e-06          1.81153e-05              5.2              7.455012e+06             10.1                  1           
    1126929811.7         1126930739.8         2.13819e-06          2.89295e-06          2.34288e-06              5.2              1.369807e+07             10.0                  0           
    1137208939.4         1137209822.5         4.12999e-06          4.48059e-06          4.05086e-06              5.2              1.270136e+07             46.4                  1           
    1137180127.2         1137181091.7         5.43065e-06          6.16800e-06          5.29270e-06              5.2              1.461073e+07             10.0                  1           
    1137079820.5         1137080782.4         9.44677e-06          1.34216e-05          1.58554e-05              5.2              1.492735e+07            131.8                  1           
    1137054640.7         1137054879.3          1.2382e-05          1.64990e-05          1.49593e-05              5.2              1.896447e+06             10.0                  1           
    1137005690.7         1137006866.1         6.33561e-06          7.79680e-06          1.00309e-05              5.2              1.651898e+07             61.7                  1           
    1136998697.7         1136998993.7         6.34711e-06          7.67760e-06          8.24282e-06              5.2              2.484388e+06             24.9                  1           
    1136752515.8         1136753416.4         5.85686e-06          3.71197e-06          4.95697e-05              5.2              1.300983e+07             10.0                  1           
    1135953390.5         1135954312.7         2.46355e-06          3.03517e-06          9.58331e-06              5.2              1.354912e+07             10.0                  1           
    1136744969.0         1136745771.4         3.22206e-06          4.12788e-06          1.55077e-05              5.2              1.065267e+07             35.0                  1           
    1133166783.1         1133167404.2         2.11004e-06          3.11287e-06          1.61640e-06              5.2              6.967819e+06             34.8                  0           
    1126650938.1         1126651564.4         1.34134e-06          1.65026e-06          1.40091e-06              5.2              6.992842e+06             10.0                  1           
    1136079018.5         1136079842.9         3.81275e-06          5.08472e-06          4.38909e-06              5.1              1.106847e+07             0.0                   1           
    1135064647.0         1135065491.9         3.53104e-06          4.72581e-06          5.19254e-06              5.1              1.196615e+07            121.4                  1           
    1135023539.7         1135024435.4         4.20867e-06          4.78028e-06          1.36877e-05              5.1              1.288662e+07             10.0                  1           
    1134920230.5         1134921098.3         5.17559e-06          5.68993e-06          8.51577e-06              5.1              1.218399e+07             9.3                   0           
    1134512066.2         1134512821.1         3.96769e-06          5.43017e-06          3.49540e-06              5.1              1.079301e+07            530.0                  1           
    1134021217.0         1134022008.4         3.54344e-06          4.14709e-06          1.36270e-05              5.1              1.029520e+07             12.3                  0           
    1133839265.8         1133840447.4         3.43645e-06          3.37170e-06          3.66710e-06              5.1              1.683822e+07             48.3                  1           
    1133795023.4         1133795855.8         2.52524e-06          2.89827e-06          5.23938e-06              5.1              1.132662e+07             16.2                  0           
    1132620791.5         1132621225.1         5.71891e-06          8.57192e-06          7.22045e-06              5.1              4.878247e+06            616.0                  1           
    1132532259.8         1132533159.6         3.90073e-06          4.99057e-06          1.01798e-05              5.1              1.353057e+07            187.2                  1           
    1132261380.1         1132262253.3          2.8746e-06          4.63479e-06          6.76861e-06              5.1              1.233510e+07             12.9                  0           
    1132259928.5         1132260283.1         2.81609e-06          4.31441e-06          1.26856e-05              5.1              3.158287e+06             10.0                  1           
    1132097158.4         1132098017.6          3.6482e-06          4.69760e-06          3.35901e-06              5.1              1.197207e+07             10.0                  1           
    1132066257.3         1132067224.6         4.16272e-06          5.07606e-06          1.16983e-05              5.1              1.467972e+07             10.0                  1           
    1132032855.2         1132033697.2         4.28327e-06          4.42733e-06          7.66113e-06              5.1              1.154199e+07             10.0                  1           
    1131940068.8         1131940901.6         3.20817e-06          4.16610e-06          1.96243e-06              5.1              1.142025e+07             39.5                  1           
    1131908052.8         1131908933.3         6.36066e-05          2.37359e-05          1.78277e-04              5.1              1.250609e+07             10.0                  1           
    1131784437.8         1131785198.7         4.61801e-06          4.95513e-06          1.72670e-05              5.1              9.565467e+06             9.0                   1           
    1131679919.2         1131680586.4         3.18356e-06          4.13405e-06          2.51109e-06              5.1              7.757456e+06             31.3                  1           
    1131568486.3         1131569346.3         3.55507e-06          4.08836e-06          8.12542e-06              5.1              1.199141e+07             10.0                  1           
    1131454495.4         1131455350.6         6.98253e-06          6.77939e-06          7.27416e-06              5.1              1.187313e+07             10.0                  0           
    1131278948.1         1131279231.0         2.67456e-06          3.27977e-06          5.62637e-06              5.1              2.362978e+06             36.1                  1           
    1131246486.0         1131247108.6         9.15263e-06          5.19757e-06          1.39983e-05              5.1              6.930875e+06             10.0                  1           
    1131243836.3         1131244458.8         1.85178e-05          9.83010e-06          9.11302e-05              5.1              6.929805e+06             10.0                  1           
    1131242482.9         1131243105.7         3.38535e-05          1.54060e-05          1.59481e-04              5.1              6.934194e+06             10.0                  1           
    1131112673.4         1131113579.1         4.81292e-06          5.28112e-06          8.38983e-06              5.1              1.312708e+07             7.6                   0           
    1131028462.4         1131029476.6         1.10483e-05          1.41595e-05          1.09385e-05              5.1              1.585338e+07             10.0                  1           
    1131018896.3         1131019909.9         8.69726e-06          1.35152e-05          2.04135e-05              5.1              1.583863e+07             10.1                  1           
    1130548261.0         1130549128.6         2.66171e-06          3.32894e-06          1.52023e-06              5.1              1.224625e+07             26.0                  1           
    1130210338.9         1130211149.0         2.38377e-06          3.28194e-06          3.47245e-06              5.1              1.074353e+07             10.0                  1           
    1129900335.8         1129901087.7         2.33571e-05          3.22470e-05          4.06793e-05              5.1              1.079593e+07            562.9                  1           
    1129889363.0         1129890546.4         2.97117e-05          3.56315e-05          6.92566e-05              5.1              1.668718e+07             21.0                  1           
    1129590476.0         1129590892.2         2.88879e-06          3.47010e-06          1.15461e-05              5.1              3.940094e+06             10.0                  0           
    1129227462.2         1129228251.0         3.11766e-06          4.46117e-06          1.41044e-05              5.1              1.022524e+07             10.0                  0           
    1129220634.8         1129221423.3         9.95688e-06          1.02145e-05          1.46861e-05              5.1              1.021864e+07             10.0                  1           
    1128826044.8         1128826996.7         1.50121e-06          2.28580e-06          2.94441e-06              5.1              1.455020e+07             88.2                  0           
    1128497484.6         1128498314.3         2.18002e-06          2.49069e-06          3.65478e-06              5.1              1.197247e+07            257.0                  0           
    1128158500.7         1128158752.9         2.07765e-06          2.87711e-06          3.08107e-06              5.1              2.043289e+06             29.6                  1           
    1127906478.7         1127907101.0         6.29807e-06          9.06271e-06          1.12132e-05              5.1              6.973326e+06             28.5                  1           
    1127703009.9         1127704194.2         2.51474e-06          2.90042e-06          4.31565e-06              5.1              1.691618e+07             35.0                  1           
    1126658931.4         1126659889.3         1.39458e-06          1.88884e-06          2.43511e-06              5.1              1.451798e+07             29.0                  0           
    1137159855.0         1137160685.6         8.03384e-06          8.37405e-06          7.20744e-06              5.1              1.152957e+07             95.0                  1           
    1137093933.8         1137095140.0         1.11359e-05          1.42920e-05          1.70893e-05              5.1              1.868297e+07             10.0                  1           
    1137019103.5         1137019990.6         6.67666e-06          7.40199e-06          8.21481e-06              5.1              1.267194e+07             10.0                  1           
    1136854625.0         1136855571.8         5.86027e-06          6.93460e-06          5.00746e-06              5.1              1.416690e+07             10.0                  1           
    1136785196.7         1136785972.2         3.22193e-06          4.01749e-06          3.44341e-06              5.1              1.029296e+07            139.9                  1           
    1136777915.1         1136778907.5         1.04329e-05          5.15814e-06          4.30898e-05              5.1              1.576714e+07            158.2                  1           
    1136755111.5         1136755969.3         5.85675e-06          3.86026e-06          5.11567e-05              5.1              1.193725e+07             10.0                  1           
    1136744960.9         1136745764.8         3.22206e-06          4.12788e-06          1.55077e-05              5.1              1.059035e+07             10.0                  1           
    1136699267.8         1136700451.3         6.08048e-06          6.77574e-06          6.06078e-06              5.1              1.656450e+07             10.0                  1           
    1135143625.0         1135144279.4         5.40911e-06          6.25204e-06          8.45879e-06              5.1              7.472537e+06             10.0                  0           
    1131112673.9         1131113579.1         4.81292e-06          5.28112e-06          8.38983e-06              5.1              1.312770e+07             10.6                  0           
    1127316923.0         1127317708.3         1.86115e-06          2.49455e-06          4.78537e-06              5.1              1.014146e+07             10.0                  1           
    1127234249.0         1127235062.7         2.13222e-06          2.83008e-06          7.82957e-06              5.1              1.083363e+07             10.0                  1           
    1126569317.7         1126569954.4         2.09697e-06          2.49000e-06          2.19775e-06              5.1              7.167992e+06             10.0                  0           
    1137053871.7         1137054109.5         9.87445e-06          1.07923e-05          1.21486e-05              5.1              1.890297e+06             10.0                  1           
    1136972570.4         1136973240.1         5.06527e-06          7.39659e-06          4.73207e-06              5.1              7.745637e+06             10.0                  1           
    1136079019.8         1136079842.9         3.81275e-06          5.08472e-06          4.38909e-06              5.1              1.106915e+07             10.0                  1           
    1128163670.2         1128164301.2         2.00429e-06          2.93076e-06          2.72250e-06              5.1              7.150926e+06             42.8                  0           
    1136498874.7         1136499722.9         4.69636e-06          6.39938e-06          6.35410e-06              5.0              1.189079e+07             67.3                  0           
    1136468031.3         1136468664.8          3.1535e-06          5.46478e-06          8.47788e-06              5.0              7.128202e+06             15.7                  1           
    1136216460.1         1136217150.7          4.6946e-06          6.09508e-06          4.89660e-06              5.0              8.171389e+06             24.1                  1           
    1135635754.3         1135636373.0         3.93084e-06          4.76860e-06          4.67697e-06              5.0              6.935845e+06             39.9                  0           
    1135481152.3         1135481375.4         3.35461e-06          4.23061e-06          2.98831e-06              5.0              1.808715e+06             88.4                  0           
    1135479533.5         1135480186.3         4.34376e-06          4.72790e-06          5.26259e-06              5.0              7.446364e+06             10.0                  0           
    1134922688.6         1134923226.1          4.1418e-06          5.68993e-06          7.79096e-06              5.0              5.606982e+06             10.0                  0           
    1134684291.9         1134685174.9         9.93804e-06          1.08588e-05          7.93263e-06              5.0              1.271944e+07             52.9                  1           
    1134168994.2         1134169883.2         5.16088e-06          5.67002e-06          7.25949e-06              5.0              1.282313e+07             37.5                  0           
    1133968155.0         1133968807.8         2.98409e-06          3.79126e-06          1.50009e-05              5.0              7.515990e+06             37.9                  1           
    1133906753.8         1133907955.3         3.14043e-06          3.50978e-06          5.59878e-06              5.0              1.807232e+07             10.0                  1           
    1133295755.1         1133296638.1         5.73852e-06          7.04937e-06          7.13754e-06              5.0              1.258603e+07             14.2                  0           
    1133193332.1         1133193981.5         2.58482e-06          3.68792e-06          1.11182e-05              5.0              7.399301e+06             14.7                  1           
    1133137452.7         1133138105.8         2.98624e-06          3.47469e-06          4.95811e-06              5.0              7.449357e+06             10.0                  0           
    1133036429.7         1133037311.0          2.3304e-06          2.52157e-06          3.95564e-06              5.0              1.267461e+07             51.9                  1           
    1133012412.1         1133012936.9         2.66067e-06          2.77625e-06          1.64481e-05              5.0              5.597576e+06            117.3                  1           
    1132789674.1         1132789949.6         2.71362e-06          3.37738e-06          4.32120e-06              5.0              2.267864e+06             21.0                  1           
    1132674419.8         1132675593.2         5.41992e-06          7.07669e-06          2.70416e-05              5.0              1.623380e+07             45.0                  1           
    1132462027.8         1132462845.9         5.25155e-06          6.94812e-06          3.81244e-06              5.0              1.130501e+07            124.7                  1           
    1132391673.0         1132392305.7         2.95534e-06          3.86664e-06          2.73630e-06              5.0              7.170728e+06             39.1                  0           
    1132241664.9         1132242653.0         3.62653e-06          5.26684e-06          1.53590e-05              5.0              1.519936e+07             10.0                  0           
    1131941769.6         1131942690.1         3.09549e-06          4.47283e-06          5.40432e-06              5.0              1.353539e+07             16.5                  0           
    1131799880.6         1131800849.3         3.77261e-06          5.07551e-06          2.37037e-05              5.0              1.471666e+07             10.0                  1           
    1131599532.1         1131600345.7         2.97428e-06          3.48171e-06          1.85063e-06              5.0              1.092877e+07             35.0                  1           
    1131301151.7         1131301864.0         3.00185e-06          3.71282e-06          1.16299e-05              5.0              9.440311e+06            388.4                  1           
    1131148471.4         1131149087.6         3.39678e-06          3.98483e-06          6.86177e-06              5.0              6.904257e+06             44.4                  1           
    1130898640.3         1130899580.4         2.50696e-06          3.19491e-06          2.26722e-06              5.0              1.412510e+07             45.1                  0           
    1130876059.6         1130876263.7         1.59602e-06          2.27477e-06          4.64511e-06              5.0              1.628828e+06             48.7                  0           
    1130781791.0         1130782589.5         1.33004e-06          1.62702e-06          8.34107e-06              5.0              1.045849e+07             10.0                  1           
    1130775870.9         1130776872.4         1.33004e-06          1.73258e-06          1.31545e-05              5.0              1.558104e+07             20.2                  1           
    1130680087.3         1130680855.4         1.89193e-06          2.45509e-06          3.03668e-06              5.0              9.992812e+06             95.7                  0           
    1130506853.2         1130507739.4         3.29929e-06          4.14485e-06          2.83348e-06              5.0              1.277443e+07             44.7                  1           
    1129986922.0         1129987827.8         6.70959e-06          8.87840e-06          4.75713e-05              5.0              1.313718e+07             10.0                  1           
    1129905555.3         1129906095.7          2.6523e-05          3.66113e-05          4.47677e-05              5.0              5.828132e+06            115.7                  1           
    1129858909.3         1129859688.6         2.16752e-05          3.13924e-05          2.64913e-05              5.0              1.143930e+07            546.0                  1           
    1129535446.9         1129536652.0         3.42019e-06          4.50545e-06          5.39519e-06              5.0              1.852059e+07             10.0                  0           
    1129370791.0         1129371417.9         3.48291e-06          4.27271e-06          4.39866e-06              5.0              7.084696e+06             46.0                  1           
    1129300276.0         1129301467.4         3.77954e-06          3.98725e-06          1.30893e-05              5.0              1.715378e+07             10.0                  1           
    1129117162.2         1129117994.6         2.03292e-06          3.37536e-06          5.08623e-06              5.0              1.127189e+07             3.4                   1           
    1128844056.0         1128844395.1          1.3874e-06          1.86905e-06          1.51258e-06              5.0              3.115083e+06            125.7                  1           
    1128837000.1         1128837734.5          8.6849e-06          4.32061e-06          2.11603e-05              5.0              8.993274e+06             10.0                  1           
    1128393230.9         1128394073.1         1.28483e-06          1.94983e-06          1.60596e-06              5.0              1.152062e+07             3.8                   0           
    1128042592.4         1128043441.2         4.70286e-06          5.56990e-06          1.23486e-05              5.0              1.182752e+07             41.6                  1           
    1127988733.0         1127989360.5          7.2117e-06          8.22786e-06          4.66162e-06              5.0              7.064186e+06             29.9                  0           
    1127880866.7         1127881710.2          6.4795e-06          7.50076e-06          1.05093e-05              5.0              1.157868e+07             10.0                  1           
    1127426443.6         1127426913.4         2.36568e-06          3.31837e-06          9.07464e-06              5.0              4.650906e+06             10.0                  0           
    1126911975.0         1126912875.8         1.90106e-06          2.51551e-06          2.70981e-06              5.0              1.301299e+07             10.0                  1           
    1126870584.7         1126871552.2         1.96044e-06          2.61815e-06          1.04746e-05              5.0              1.467959e+07             8.6                   1           
    1126804725.6         1126805352.1         7.72862e-07          1.25891e-06          4.13487e-06              5.0              7.059256e+06             35.0                  1           
    1126753339.0         1126753966.2         9.92687e-07          1.31783e-06          1.33814e-06              5.0              7.089249e+06             45.5                  0           
    1126657701.3         1126658562.6         1.39458e-06          1.88884e-06          2.59118e-06              5.0              1.207971e+07             23.8                  0           
    1126585459.1         1126586094.0         1.77368e-06          2.43692e-06          2.77344e-06              5.0              7.126432e+06             5.7                   0           
    1137085555.4         1137086156.7          8.5232e-06          1.11035e-05          1.36977e-05              5.0              6.647230e+06             36.9                  1           
    1137079736.0         1137080303.1         9.21804e-06          1.34216e-05          1.69998e-05              5.0              6.196009e+06             90.3                  1           
    1136954173.9         1136955185.6         4.98106e-06          6.68961e-06          5.08504e-06              5.0              1.580888e+07             14.1                  1           
    1136756274.0         1136757140.3         3.38947e-06          4.16637e-06          1.50549e-05              5.0              1.216216e+07             13.3                  1           
    1136706777.8         1136707704.2         4.68848e-06          5.03623e-06          5.23999e-06              5.0              1.389441e+07             83.0                  1           
    1136656950.9         1136657787.6         2.14932e-06          2.70893e-06          4.43096e-06              5.0              1.158775e+07             62.9                  1           
    1136498873.8         1136499722.1         4.69636e-06          6.39938e-06          6.35410e-06              5.0              1.188676e+07             65.1                  0           
    1136482866.5         1136483662.6         4.65675e-06          5.62094e-06          1.43348e-05              5.0              1.040212e+07             10.0                  1           
    1136468032.8         1136468664.8          3.1535e-06          5.46478e-06          8.47788e-06              5.0              7.131002e+06             26.2                  1           
    1136299545.8         1136300169.2         4.50484e-06          4.32701e-06          9.34288e-06              5.0              6.957584e+06             15.0                  1           
    1136294961.0         1136295764.8         5.90555e-06          5.48701e-06          1.03293e-05              5.0              1.058854e+07             10.0                  1           
    1135635809.0         1135636993.0         3.93084e-06          4.76860e-06          6.66047e-06              5.0              1.660257e+07             10.0                  0           
    1135481151.0         1135481374.9         3.35461e-06          4.23061e-06          2.98831e-06              5.0              1.812262e+06             81.0                  0           
    1137177925.2         1137178769.2         5.82192e-06          6.64235e-06          9.68751e-06              5.0              1.180861e+07             75.0                  1           
    1133292213.3         1133293084.4         6.11085e-06          7.44643e-06          9.54194e-06              5.0              1.233211e+07             25.2                  0           
    1132695930.0         1132696520.7         4.38672e-06          6.57221e-06          8.54927e-06              5.0              6.481507e+06             38.9                  0           
    1131742356.7         1131742984.6         3.44166e-06          3.74408e-06          1.72179e-05              5.0              7.013904e+06             7.8                   0           
    1126649553.5         1126650181.3          1.3801e-06          1.64143e-06          1.90759e-06              5.0              7.019150e+06             10.5                  1           
    1126585762.5         1126586396.1         1.77368e-06          2.43692e-06          1.72230e-06              5.0              7.164351e+06             29.0                  0           
    1126582354.7         1126582991.3         2.15438e-06          2.36348e-06          2.86297e-06              5.0              7.167423e+06             10.5                  0           
    1126581357.7         1126581989.4         2.15438e-06          2.36348e-06          1.86765e-06              5.0              7.149792e+06             36.6                  0           
