951287668.3 8.8 951288327.7 951288868.1 951291472.8 951289842.3 951289190.1 5.27415e-04 951288300.0 951291500.0 -36.1 -72.9 7608876.0 28.1 951289783.0 4.90049e-04 951289939.4 2.02233e-04 951289732.1 2.29732e-03
951288766.8 6.2 951289420.1 951289954.9 951292505.1 951290903.0 951290262.1 5.12666e-06 951289400.0 951292600.0 -34.8 -72.7 7476674.0 18.0 951289783.0 4.90049e-04 951289939.4 2.02233e-04 951289732.1 2.38343e-03
947368405.4 7.0 947368682.2 947368911.6 947369542.0 947369054.9 947368860.0 8.51849e-05 947368600.0 947369600.0 18.4 -72.6 2273083.0 15.0 947369217.9 4.80334e-04 947368697.5 4.61115e-04 947369241.7 1.27086e-03
954456058.6 7.2 954456342.9 954456578.3 954457226.2 954456725.8 954456525.7 1.18907e-04 954456300.0 954457300.0 32.3 -115.3 2335015.0 5.2 954457143.2 4.80234e-04 954457176.1 4.81625e-04 954456990.7 1.30422e-03
947368855.7 6.0 947369132.5 947369361.6 947369985.5 947369501.3 947369307.6 1.45920e-05 947369100.0 947370000.0 18.3 -72.8 2259564.0 6.0 947369217.9 4.79818e-04 947369337.1 4.03154e-04 947369241.7 1.26044e-03
933357611.4 6.9 933357876.7 933358094.7 933358684.2 933358224.4 933358040.5 7.68763e-05 933357800.0 933358700.0 29.1 -112.9 2145665.0 7.8 933358573.8 3.60539e-04 933358667.9 2.58353e-04 933358575.8 4.31134e-04
963960688.0 7.7 963961587.2 963961922.3 963967954.1 963964840.1 963963594.4 2.67743e-05 963961500.0 963968000.0 6.4 123.6 14532180.0 584.7 963961938.7 3.16175e-04 963961937.5 2.81866e-04 963961940.1 3.57506e-04
963958106.2 7.3 963959002.4 963959335.4 963965363.3 963962253.1 963961009.0 1.00432e-05 963959000.0 963965400.0 6.7 123.5 14514090.0 610.2 963961938.7 3.16175e-04 963961937.5 2.81866e-04 963961940.1 3.61100e-04
951289962.8 6.0 951290609.3 951291138.3 951293658.6 951292074.7 951291441.1 3.23338e-06 951290600.0 951293700.0 -33.9 -72.0 7391545.0 31.4 951290763.0 3.05157e-04 951291779.8 1.14434e-04 951290767.4 7.18735e-04
942507061.8 6.6 942507489.8 942507834.9 942509107.2 942508230.6 942507880.0 2.24846e-05 942507400.0 942509200.0 52.0 -131.6 4090796.0 8.7 942508515.5 2.01775e-04 942508592.1 1.08415e-04 942508554.5 3.47262e-04
938281706.5 8.1 938282487.0 938282995.1 938286736.1 938284580.6 938283718.4 1.19080e-04 938282400.0 938286800.0 -15.5 -171.9 10059200.0 18.5 938284303.9 1.94958e-04 938282528.4 1.19159e-04 938284310.6 1.08029e-03
938340985.5 7.6 938342157.5 938342362.9 938349245.9 938345705.7 938344289.7 2.72389e-05 938342100.0 938349300.0 -0.7 100.0 16520670.0 90.2 938342175.8 1.75188e-04 938342172.0 1.05519e-04 938345816.9 2.82568e-04
951291453.1 6.0 951292115.8 951292659.6 951295301.2 951293652.0 951292992.4 2.94946e-06 951292100.0 951295400.0 -36.9 -72.8 7696087.0 39.7 951292765.9 1.65936e-04 951293571.1 1.01941e-04 951292133.3 4.56496e-04
954627317.1 7.8 954628492.6 954628703.9 954635454.4 954631967.0 954630572.0 4.15205e-05 954628400.0 954635500.0 2.4 97.1 16274490.0 33.4 954633369.5 1.53678e-04 954628505.7 1.49954e-04 954632356.4 4.89185e-04
951292898.5 7.4 951293563.9 951294110.1 951296766.5 951295108.8 951294445.7 4.56254e-05 951293500.0 951296800.0 -37.8 -75.2 7735962.0 35.0 951294132.5 1.32434e-04 951293571.1 1.02060e-04 951294136.6 2.68893e-04
933969354.8 7.5 933970334.0 933970719.5 933976884.5 933973657.5 933972366.7 2.63849e-05 933970300.0 933976900.0 14.1 92.9 15059400.0 30.7 933974819.5 1.23785e-04 933974832.2 4.27075e-05 933974823.7 3.57393e-04
947118476.9 6.5 947118835.9 947119127.4 947120093.7 947119400.8 947119123.6 2.34785e-05 947118800.0 947120100.0 40.7 -124.5 3233729.0 20.6 947119586.8 1.20181e-04 947119579.8 6.23155e-05 947119588.8 2.43727e-04
938989148.9 7.8 938989999.9 938990458.5 938995115.8 938992558.6 938991535.7 5.73153e-05 938989900.0 938995200.0 -12.5 166.4 11933820.0 59.0 938992677.0 1.03349e-04 938994040.5 3.49861e-05 938992681.8 3.33528e-04
938991034.4 6.8 938991889.1 938992348.8 938997021.2 938994455.4 938993429.1 9.05381e-06 938991800.0 938997100.0 -12.6 166.0 11973640.0 40.0 938992677.0 1.03349e-04 938994040.5 3.49861e-05 938992681.8 3.35988e-04
938986889.6 6.8 938987799.4 938988131.8 938994291.8 938991119.4 938989850.4 2.39945e-06 938987700.0 938994300.0 4.1 122.5 14804430.0 586.8 938992677.0 1.03349e-04 938994040.5 3.49861e-05 938992681.8 3.34890e-04
933360064.9 6.2 933360337.2 933360562.7 933361174.9 933360699.2 933360508.9 2.10945e-05 933360300.0 933361200.0 29.4 -113.8 2219981.0 10.0 933361084.3 9.86674e-05 933361088.7 9.47455e-05 933360849.0 1.62123e-04
951294344.2 6.1 951294995.3 951295528.5 951298083.6 951296481.0 951295840.0 3.89692e-06 951294900.0 951298100.0 -34.8 -72.4 7478836.0 34.2 951295273.7 9.38059e-05 951295270.3 3.25685e-05 951297435.9 2.99981e-04
960406025.0 7.5 960407031.7 960407404.7 960413900.4 960410525.3 960409175.2 2.50755e-05 960407000.0 960414000.0 7.9 92.0 15750740.0 31.4 960411320.0 6.91935e-05 960407405.6 4.21299e-05 960411325.2 2.47511e-04
956704318.7 6.5 956704942.1 956705349.5 956707795.7 956706305.6 956705709.5 1.01758e-05 956704900.0 956707800.0 60.5 -177.9 6954021.0 13.3 956706811.9 6.74817e-05 956706972.1 3.45296e-05 956706981.8 1.31327e-04
931684967.0 7.8 931685877.3 931686309.1 931691615.9 931688766.4 931687626.6 5.21849e-05 931685800.0 931691700.0 -45.8 166.6 13297950.0 20.9 931686814.4 6.02745e-05 931686810.9 2.17613e-05 931688419.5 2.37099e-04
937811798.0 6.4 937812056.4 937812269.1 937812850.7 937812399.5 937812219.1 3.01638e-05 937812000.0 937812900.0 18.8 -107.2 2105571.0 30.2 937812894.5 5.74088e-05 937812066.5 3.76251e-05 937812715.7 9.61659e-05
963467820.8 6.7 963468425.1 963468710.7 963471151.4 963469724.0 963469153.1 1.52589e-05 963468400.0 963471200.0 52.8 -169.8 6661085.0 21.5 963470331.3 5.05431e-05 963470327.9 2.93196e-05 963470188.0 1.18560e-04
963495315.9 7.3 963496214.8 963496648.8 963501859.5 963499055.1 963497933.3 2.11192e-05 963496200.0 963501900.0 -6.0 150.7 13087200.0 43.1 963499143.6 4.65481e-05 963499338.4 1.38353e-05 963499149.1 1.60161e-04
963493466.5 6.9 963494365.5 963494799.0 963500015.1 963497208.6 963496085.9 9.80689e-06 963494300.0 963500100.0 -6.0 150.5 13097070.0 45.8 963499143.6 4.65481e-05 963499338.4 1.38353e-05 963499149.1 1.60209e-04
957419997.3 7.3 957421169.1 957421380.3 957428071.8 957424611.3 957423227.1 1.66477e-05 957421100.0 957428100.0 3.7 96.0 16148840.0 42.3 957425478.4 4.56664e-05 957421221.8 4.15196e-05 957425483.6 1.50764e-04
936821201.3 6.4 936821559.4 936821850.3 936822811.7 936822121.5 936821845.5 1.96490e-05 936821500.0 936822900.0 10.7 -67.9 3220801.0 19.6 936822528.9 4.51205e-05 936822798.6 1.89182e-05 936822532.4 1.29683e-04
952353600.7 6.9 952354252.0 952354785.0 952357323.0 952355727.7 952355089.6 1.96034e-05 952354200.0 952357400.0 -34.4 -72.0 7444442.0 19.3 952354262.9 4.43518e-05 952354261.7 3.21318e-05 952354264.7 7.17481e-05
935913316.8 7.0 935914497.6 935914705.8 935921748.2 935918134.8 935916689.4 8.67933e-06 935914400.0 935921800.0 -7.7 107.4 16862800.0 57.8 935914509.5 4.42364e-05 935914520.8 4.81923e-05 935914526.5 6.70179e-05
933496316.9 6.1 933497228.6 933497661.1 933502969.2 933500118.2 933498977.8 2.00434e-06 933497200.0 933503000.0 -45.5 166.4 13304530.0 14.3 933499689.3 3.49963e-05 933499687.8 2.95445e-05 933499679.4 5.45847e-05
955237792.0 6.9 955238688.1 955239129.6 955244247.4 955241480.8 955240374.2 1.05481e-05 955238600.0 955244300.0 33.2 96.7 12910750.0 13.8 955242404.9 2.87458e-05 955242401.3 1.44834e-05 955242304.6 8.59167e-05
946593404.6 7.1 946594285.8 946594732.3 946599705.3 946597005.0 946595924.9 1.54282e-05 946594200.0 946599800.0 -8.9 157.4 12601430.0 29.8 946597180.9 2.80136e-05 946597394.4 1.04005e-05 946597186.5 9.04451e-05
951251501.9 7.0 951252379.6 951252829.3 951257748.4 951255071.3 951254000.5 1.30165e-05 951252300.0 951257800.0 26.0 128.5 12493140.0 24.2 951256021.6 2.71654e-05 951252669.0 1.40343e-05 951255674.6 8.20617e-05
952354544.2 7.0 952355194.6 952355726.9 952358265.4 952356670.6 952356032.7 2.33629e-05 952355100.0 952358300.0 -34.3 -71.8 7442556.0 24.4 952355213.4 2.55544e-05 952355211.5 2.45149e-05 952355206.1 5.60324e-05
970544966.2 6.0 970545592.9 970546104.4 970548494.7 970546982.4 970546377.6 3.40959e-06 970545500.0 970548500.0 51.4 -175.2 7056965.0 32.4 970547763.6 2.55444e-05 970547743.2 2.22290e-05 970546119.6 4.74829e-05
961917762.7 6.3 961917980.8 961918153.8 961918630.9 961918258.8 961918110.0 3.10307e-05 961917900.0 961918700.0 16.3 -98.0 1736408.0 27.8 961917992.4 2.46470e-05 961917991.3 2.35422e-05 961918570.4 4.02885e-05
965649270.0 7.1 965649655.0 965649966.0 965651166.1 965650353.5 965650028.4 4.51678e-05 965649600.0 965651200.0 -1.3 -77.4 3792079.0 206.5 965649755.3 2.36708e-05 965649711.3 3.31807e-05 965650362.8 7.00512e-05
965453041.4 7.3 965453899.4 965454358.4 965459058.8 965456479.9 965455448.4 2.34494e-05 965453800.0 965459100.0 -17.5 168.0 12034870.0 33.5 965456899.8 2.26516e-05 965455312.3 9.97566e-06 965456867.9 7.28007e-05
959015701.9 7.2 959016557.1 959017017.5 959021685.6 959019121.2 959018095.4 1.95904e-05 959016500.0 959021700.0 -13.7 166.7 11967430.0 34.7 959019665.7 2.20163e-05 959019742.8 8.69413e-06 959019146.4 7.24980e-05
951840435.0 6.7 951841619.6 951841831.3 951848841.4 951845238.6 951843797.5 5.06627e-06 951841600.0 951848900.0 -3.8 100.9 16812750.0 24.2 951846049.1 1.95037e-05 951841658.1 9.10780e-06 951846054.4 6.41084e-05
967566961.5 7.0 967567855.5 967568300.4 967573370.9 967570624.0 967569525.3 1.30386e-05 967567800.0 967573400.0 -43.4 171.9 12818910.0 4.0 967571013.9 1.90830e-05 967568759.5 1.08633e-05 967571018.0 5.26344e-05
955014044.9 6.9 955014913.0 955015362.6 955020220.6 955017573.8 955016515.1 1.03499e-05 955014900.0 955020300.0 -10.9 161.2 12351410.0 54.3 955017563.5 1.85383e-05 955017694.2 6.18759e-06 955017547.7 6.37677e-05
965769589.2 6.9 965770475.5 965770922.0 965775928.4 965773211.6 965772124.9 1.07264e-05 965770400.0 965776000.0 12.5 141.6 12678410.0 16.4 965773628.6 1.83139e-05 965770790.4 1.02471e-05 965773632.8 5.30774e-05
940430459.8 6.9 940431421.6 940431796.9 940437934.2 940434730.9 940433449.5 7.10422e-06 940431400.0 940438000.0 -6.1 130.4 14948820.0 140.3 940431805.4 1.82350e-05 940431808.2 1.73011e-05 940431806.4 1.96076e-05
938533647.5 6.0 938534480.0 938534953.9 938539343.7 938536902.5 938535926.0 1.82523e-06 938534400.0 938539400.0 -17.1 174.6 11392510.0 32.2 938534850.2 1.78309e-05 938534849.0 1.41067e-05 938534861.0 1.00843e-04
960693404.1 7.0 960694348.0 960694760.3 960700475.7 960697445.0 960696232.7 1.13030e-05 960694300.0 960700500.0 -2.2 136.6 14143110.0 22.1 960697909.8 1.77779e-05 960694691.4 9.50805e-06 960697934.6 5.92217e-05
960695905.1 6.6 960696849.6 960697261.8 960702981.0 960699948.5 960698735.5 5.18137e-06 960696800.0 960703000.0 -2.4 136.6 14151830.0 20.6 960697909.8 1.77779e-05 960697925.1 6.13020e-06 960697934.6 5.75765e-05
943102050.7 6.8 943102851.5 943103347.1 943107325.1 943105064.6 943104160.5 1.09582e-05 943102800.0 943107400.0 -20.7 -174.0 10548660.0 18.4 943105330.0 1.71135e-05 943105360.2 6.81431e-06 943105420.2 4.78355e-05
946590500.0 6.6 946591382.4 946591830.7 946596793.5 946594096.3 946593017.4 6.03216e-06 946591300.0 946596800.0 -8.8 157.5 12587150.0 17.8 946596741.2 1.71125e-05 946596800.0 7.29294e-06 946596626.2 7.80932e-05
970543589.2 6.4 970544217.7 970544730.6 970547123.2 970545608.6 970545002.8 7.97123e-06 970544200.0 970547200.0 51.3 -175.3 7067992.0 24.4 970546115.4 1.70093e-05 970544241.1 1.34073e-05 970546119.6 4.92647e-05
969815500.0 7.0 969816461.5 969816852.8 969822789.0 969819665.1 969818415.6 1.09352e-05 969816400.0 969822800.0 -5.0 133.8 14578020.0 20.5 969816877.9 1.67133e-05 969816876.8 1.74624e-05 969820127.3 2.88774e-05
939500527.9 6.4 939501122.8 939501413.2 939503774.1 939502382.9 939501826.4 9.08702e-06 939501100.0 939503800.0 52.5 -167.2 6492390.0 14.1 939502958.5 1.63545e-05 939503086.7 8.56098e-06 939502962.5 4.16127e-05
941744520.9 6.6 941745659.2 941745905.4 941752569.0 941749119.8 941747740.1 4.27917e-06 941745600.0 941752600.0 -8.3 118.7 16096360.0 32.1 941745704.5 1.63421e-05 941745711.0 1.35069e-05 941745708.4 3.23045e-05
941856541.4 6.0 941857548.6 941857923.1 941864407.0 941861036.0 941859687.7 1.20259e-06 941857500.0 941864500.0 8.0 92.0 15731150.0 22.7 941859952.6 1.51317e-05 941858606.2 2.87322e-05 941864500.0 7.02887e-06
961565434.8 6.7 961566302.6 961566754.8 961571585.7 961568949.6 961567895.1 7.18409e-06 961566300.0 961571600.0 -10.6 161.5 12301720.0 40.3 961568940.3 1.46478e-05 961568934.7 4.62247e-06 961568924.5 5.46018e-05
934502764.0 6.7 934503662.3 934504100.7 934509264.3 934506478.4 934505364.1 6.99993e-06 934503600.0 934509300.0 23.5 123.6 13000690.0 21.8 934507467.8 1.42790e-05 934507463.5 5.03409e-06 934507454.1 3.78601e-05
964497389.6 6.3 964498099.4 964498652.7 964501669.1 964499835.1 964499101.4 5.09144e-06 964498000.0 964501700.0 52.4 159.9 8558963.0 30.3 964500361.9 1.36895e-05 964498105.5 7.27105e-06 964500366.3 4.32474e-05
934443520.2 6.7 934444699.8 934444910.1 934451829.1 934448268.2 934446843.8 4.96445e-06 934444600.0 934451900.0 -1.5 99.5 16617720.0 40.1 934444737.3 1.26478e-05 934444714.4 1.89227e-05 934448595.6 3.73290e-05
935459541.5 6.3 935460418.5 935460871.2 935465755.4 935463092.3 935462027.0 3.39526e-06 935460400.0 935465800.0 37.7 95.8 12427770.0 12.1 935460596.9 1.26111e-05 935460761.0 1.94742e-05 935463700.6 2.40118e-05
967911228.5 6.3 967912038.1 967912529.2 967916603.5 967914299.9 967913378.5 4.05235e-06 967912000.0 967916700.0 -15.9 -179.2 10749910.0 14.7 967914498.5 1.25893e-05 967914497.1 9.07396e-06 967914507.4 8.26094e-05
946728949.4 6.8 946729830.8 946730278.3 946735243.8 946732546.2 946731467.1 8.79234e-06 946729800.0 946735300.0 -9.0 157.6 12588870.0 24.7 946733297.6 1.19370e-05 946732644.4 5.22759e-06 946733300.9 3.75467e-05
946732318.0 6.0 946733196.9 946733644.1 946738595.6 946735905.2 946734829.1 1.58616e-06 946733100.0 946738600.0 -9.0 158.0 12555040.0 33.2 946733297.6 1.19361e-05 946734589.4 5.15670e-06 946733300.9 3.54519e-05
957112158.1 6.5 957113342.7 957113554.2 957120576.2 957116968.4 957115525.3 3.32034e-06 957113300.0 957120600.0 -4.1 101.1 16836140.0 26.3 957118085.1 1.18151e-05 957113370.3 6.84353e-06 957117786.2 4.06783e-05
959397992.2 6.0 959398283.6 959398525.4 959399213.0 959398689.8 959398480.5 1.19864e-05 959398200.0 959399300.0 9.3 -84.2 2441603.0 28.4 959398297.5 1.12647e-05 959398304.9 1.33817e-05 959398818.6 2.57589e-05
938397164.7 6.6 938398347.5 938398559.7 938405490.2 938401922.2 938400494.9 4.20679e-06 938398300.0 938405500.0 -2.5 101.6 16651050.0 21.4 938403014.0 1.10778e-05 938398370.5 1.06769e-05 938403017.9 3.68037e-05
939026091.7 6.0 939026943.5 939027404.9 939032040.9 939029491.3 939028471.4 1.65459e-06 939026900.0 939032100.0 -12.3 166.7 11898340.0 39.9 939029483.9 1.10402e-05 939029220.5 4.46016e-06 939029268.7 3.42016e-05
958753123.8 6.5 958753549.5 958753823.5 958755491.5 958754476.8 958754070.9 3.24756e-06 958753500.0 958755500.0 -8.1 -71.6 4735411.0 582.1 958753554.5 1.09464e-05 958753553.5 1.58436e-05 958753555.8 1.49240e-05
942116773.3 6.5 942117329.6 942117630.9 942119744.4 942118471.1 942117961.7 1.14401e-05 942117300.0 942119800.0 -19.5 -70.4 5942185.0 36.0 942118661.2 1.06923e-05 942117372.7 6.35023e-06 942118617.6 3.65746e-05
940921434.1 6.8 940922295.6 940922752.6 940927495.3 940924897.6 940923858.6 9.03010e-06 940922200.0 940927500.0 29.2 130.0 12122330.0 33.9 940925426.4 1.06541e-05 940925862.0 5.85515e-06 940925431.4 2.96844e-05
953650342.0 6.1 953650953.1 953651233.0 953653749.3 953652289.0 953651704.9 4.23179e-06 953650900.0 953653800.0 -28.1 -70.9 6814655.0 41.4 953650974.4 1.06326e-05 953650973.5 1.42595e-05 953650975.6 8.94092e-06
959370722.7 6.5 959371702.1 959372073.1 959378405.2 959375112.7 959373795.7 2.79453e-06 959371700.0 959378500.0 11.2 93.7 15365080.0 131.6 959372078.2 1.04945e-05 959372081.0 1.15540e-05 959372079.1 1.17715e-05
935679108.9 6.6 935679891.5 935680399.2 935684155.5 935681992.7 935681127.5 7.94331e-06 935679800.0 935684200.0 -15.2 -172.5 10093270.0 14.3 935679896.8 1.00323e-05 935679895.9 1.38402e-05 935679853.4 1.14216e-05
939447457.4 6.4 939448050.9 939448341.3 939450695.9 939449307.9 939448752.8 9.03848e-06 939448000.0 939450700.0 52.7 -167.0 6476990.0 16.7 939450431.3 9.99538e-06 939450214.2 4.80237e-06 939450435.6 2.47605e-05
933850571.3 7.1 933851369.0 933851816.6 933856219.3 933853798.7 933852830.5 1.19651e-05 933851300.0 933856300.0 33.1 138.1 11296140.0 302.2 933852167.3 9.86349e-06 933852151.1 8.69424e-06 933854051.5 2.93386e-05
947764816.6 6.2 947765597.8 947766107.4 947769838.0 947767686.0 947766825.2 3.66526e-06 947765500.0 947769900.0 -57.7 -66.0 10042950.0 10.0 947767983.6 9.73624e-06 947767982.6 1.48066e-05 947769900.0 1.50081e-05
950063684.4 6.0 950064490.8 950064983.4 950069024.7 950066736.0 950065820.5 2.15494e-06 950064400.0 950069100.0 -22.0 -174.8 10680630.0 16.4 950066545.6 9.70203e-06 950066548.4 1.66895e-05 950066984.9 1.43074e-05
949558215.4 6.3 949559113.5 949559551.8 949564716.2 949561930.1 949560815.7 3.08115e-06 949559100.0 949564800.0 23.4 123.7 13001720.0 23.0 949562861.8 9.68319e-06 949559500.5 8.13709e-06 949562847.2 2.06919e-05
951824842.5 6.6 951825505.1 951826048.4 951828668.1 951827028.6 951826372.8 1.07810e-05 951825500.0 951828700.0 -36.7 -73.4 7651198.0 21.8 951825519.7 9.61488e-06 951825518.9 6.08502e-06 951826873.7 2.03826e-05
943855968.0 6.0 943856750.4 943857259.2 943861003.8 943858845.6 943857982.3 2.40704e-06 943856700.0 943861100.0 -56.3 -122.4 10071650.0 10.0 943857304.2 9.45412e-06 943857303.0 1.26551e-05 943858081.0 1.02796e-05
934785320.2 6.0 934785938.8 934786221.7 934788751.8 934787281.2 934786692.9 3.95183e-06 934785900.0 934788800.0 72.2 1.0 6863219.0 9.5 934787562.6 9.33933e-06 934785941.3 4.18881e-06 934787551.0 2.19652e-05
951301849.7 6.0 951302494.8 951303022.1 951305512.3 951303942.6 951303314.8 3.54558e-06 951302400.0 951305600.0 -33.2 -72.0 7325254.0 15.0 951303192.8 9.29485e-06 951302521.6 6.62467e-06 951302539.2 2.88469e-05
963984916.8 6.6 963985818.7 963986155.5 963992194.2 963989075.3 963987827.8 1.30295e-06 963985800.0 963992200.0 6.2 123.6 14554830.0 564.7 963986162.9 9.07430e-06 963986161.3 7.89870e-06 963985812.6 1.64718e-05
957148983.5 6.2 957149528.8 957149832.9 957151880.8 957150639.1 957150142.4 6.20717e-06 957149500.0 957151900.0 -18.1 -70.6 5794668.0 46.8 957149532.0 9.05391e-06 957149531.5 1.26953e-05 957150869.1 1.33778e-05
952741333.0 6.7 952741993.8 952742535.2 952745137.6 952743507.1 952742854.9 1.32090e-05 952741900.0 952745200.0 -36.3 -73.4 7609196.0 18.6 952742612.0 8.78803e-06 952742035.9 5.56156e-06 952743356.2 2.46124e-05
964994519.0 6.9 964995416.6 964995850.9 965001050.8 964998251.4 964997131.7 9.83304e-06 964995400.0 965001100.0 -5.8 150.8 13063670.0 46.0 964999504.5 8.61963e-06 964998488.0 3.20754e-06 964998478.6 2.39043e-05
958690026.7 6.1 958690527.3 958690842.0 958692639.2 958691519.5 958691071.7 4.44200e-06 958690500.0 958692700.0 -14.0 -74.4 5224944.0 102.6 958690572.6 8.61772e-06 958690571.4 9.99773e-06 958690533.6 1.06739e-05
967547783.1 6.5 967548411.1 967548924.0 967551335.4 967549813.0 967549204.0 9.07088e-06 967548400.0 967551400.0 51.6 -176.0 7104504.0 45.8 967550873.1 8.39811e-06 967548455.7 8.41442e-06 967550054.4 2.44070e-05
934539071.6 6.1 934539970.7 934540409.6 934545574.2 934542787.4 934541672.6 2.03700e-06 934539900.0 934545600.0 23.4 123.6 13005160.0 17.8 934543898.9 8.31341e-06 934543894.6 3.32868e-06 934543758.1 2.49031e-05
943423480.3 6.0 943424654.5 943424865.3 943431598.1 943428119.0 943426727.4 1.05945e-06 943424600.0 943431600.0 -10.4 118.8 16235500.0 38.7 943424672.4 7.97199e-06 943424670.7 8.60966e-06 943424665.3 1.09230e-05
939664116.5 6.0 939664483.6 939664781.1 939665773.4 939665063.3 939664779.3 9.32090e-06 939664400.0 939665800.0 3.3 -103.9 3313617.0 10.0 939664491.8 7.91616e-06 939664490.6 1.05001e-05 939665042.3 1.19331e-05
966651134.9 6.2 966651394.8 966651608.9 966652194.6 966651740.5 966651558.8 2.05152e-05 966651300.0 966652200.0 18.6 -107.2 2119360.0 30.0 966651412.7 7.58434e-06 966651411.7 8.59377e-06 966651814.6 2.13685e-05
951777580.7 6.3 951778153.0 951778436.8 951780733.8 951779382.5 951778842.0 5.58039e-06 951778100.0 951780800.0 -22.3 -68.5 6306245.0 108.4 951778157.6 7.42113e-06 951778156.6 1.16030e-05 951778160.3 6.87233e-06
964423931.7 6.6 964424828.2 964425160.5 964431199.7 964428084.8 964426838.9 1.15018e-06 964424800.0 964431200.0 6.6 123.4 14536100.0 615.8 964425167.6 7.40130e-06 964425166.7 7.33007e-06 964424812.5 9.41888e-06
951697147.3 6.3 951698053.0 951698486.2 951703750.2 951700920.4 951699788.4 2.97686e-06 951698000.0 951703800.0 22.9 120.8 13205750.0 27.0 951701938.6 7.32835e-06 951698605.7 5.11768e-06 951701942.7 1.37250e-05
964961920.4 6.4 964962560.1 964963083.0 964965559.2 964963999.7 964963375.9 7.49235e-06 964962500.0 964965600.0 51.4 -178.5 7277545.0 33.3 964964865.8 7.30969e-06 964962570.5 1.00334e-05 964964510.2 2.19547e-05
965000897.6 6.0 965001646.1 965002171.9 965005582.2 965003574.5 965002771.4 2.37682e-06 965001600.0 965005600.0 46.0 153.3 9369289.0 32.0 965002627.8 7.16980e-06 965002626.5 8.69876e-06 965002715.1 1.13309e-05
963517703.7 6.0 963518305.2 963518589.4 963521027.7 963519603.2 963519033.3 3.61416e-06 963518300.0 963521100.0 52.8 -169.6 6647989.0 35.6 963520373.7 7.08709e-06 963520372.0 4.70679e-06 963520213.9 1.25305e-05
941798709.8 7.3 941799469.1 941799894.1 941804231.7 941801865.1 941800918.5 1.39386e-05 941799400.0 941804300.0 -17.3 178.5 11043790.0 591.3 941800490.8 6.98730e-06 941800305.1 6.74381e-06 941800458.6 1.67254e-05
946286619.8 6.0 946287456.1 946287932.6 946292319.4 946289876.7 946288899.6 2.03482e-06 946287400.0 946292400.0 -59.6 -150.8 11399260.0 10.0 946287735.1 6.84904e-06 946289891.2 8.06420e-06 946289653.8 8.10258e-06
946702553.9 6.8 946703417.4 946703878.3 946708593.8 946706005.3 946704969.9 9.50353e-06 946703400.0 946708600.0 -58.5 -14.9 12079910.0 10.0 946706094.3 6.82709e-06 946704451.3 3.88539e-06 946706100.4 2.52075e-05
947051508.5 6.2 947052388.5 947052835.3 947057798.4 947055102.7 947054024.4 2.50932e-06 947052300.0 947057800.0 -9.1 157.8 12579850.0 31.7 947055923.4 6.74675e-06 947054040.2 6.18897e-06 947055287.6 1.15602e-05
931543517.6 6.3 931544416.5 931544854.1 931550029.4 931547238.7 931546122.4 3.05937e-06 931544400.0 931550100.0 24.1 122.2 13023620.0 24.4 931548289.3 6.67263e-06 931548285.4 3.01343e-06 931548066.8 2.08510e-05
940637102.8 6.0 940637893.7 940638395.9 940642253.0 940640045.7 940639162.8 2.26864e-06 940637800.0 940642300.0 -60.0 -65.1 10300400.0 15.9 940640012.1 6.66333e-06 940641494.4 7.25068e-06 940640018.3 1.05073e-05
951391550.2 6.2 951392203.0 951392737.8 951395311.9 951393699.7 951393054.9 4.63875e-06 951392200.0 951395400.0 -35.0 -71.6 7523240.0 41.6 951392220.5 6.60010e-06 951392219.6 9.52263e-06 951392221.8 7.93790e-06
950490813.4 6.9 950491567.5 950491998.2 950496249.7 950493919.8 950492987.9 4.83540e-06 950491500.0 950496300.0 42.6 130.7 10872480.0 573.7 950491821.4 6.38823e-06 950492305.1 6.13614e-06 950493196.5 1.35959e-05
951320754.2 6.3 951321358.6 951321642.4 951324097.8 951322664.8 951322091.6 6.80657e-06 951321300.0 951324100.0 -24.8 -65.5 6687068.0 31.8 951321364.9 6.32078e-06 951321363.9 1.17683e-05 951322970.1 5.35164e-06
933912406.2 6.5 933913258.0 933913719.4 933918356.9 933915806.6 933914786.5 4.97481e-06 933913200.0 933918400.0 -11.6 166.2 11901400.0 40.3 933915923.8 6.27096e-06 933915801.9 1.93351e-06 933915928.5 2.31258e-05
939721987.6 6.1 939723169.0 939723377.5 939730425.1 939726809.0 939725362.6 1.19299e-06 939723100.0 939730500.0 -6.5 105.2 16874990.0 54.6 939725252.9 6.11462e-06 939724858.2 6.54570e-06 939724909.8 1.04900e-05
958277757.6 6.0 958278180.1 958278521.0 958279851.3 958278954.0 958278595.1 3.96158e-06 958278100.0 958279900.0 -5.1 -77.5 4187414.0 129.0 958278185.2 5.80459e-06 958278184.3 8.64712e-06 958278111.6 1.04117e-05
955058906.3 6.3 955059519.5 955060024.5 955062819.1 955061142.2 955060471.4 7.24695e-07 955059500.0 955062900.0 37.0 -3.5 7825604.0 619.6 955059522.2 5.79215e-06 955059521.8 7.37017e-06 955060131.3 6.61349e-06
939643891.7 6.0 939644816.8 939645224.3 939650862.2 939647874.8 939646679.9 9.34757e-07 939644800.0 939650900.0 -3.1 139.5 13941020.0 110.0 939646329.8 5.66484e-06 939646328.5 5.99695e-06 939645420.0 8.16625e-06
952589300.0 6.5 952590103.7 952590593.1 952594648.1 952592356.1 952591439.2 5.67481e-06 952590100.0 952594700.0 37.8 141.7 10696150.0 40.1 952593434.9 5.60264e-06 952591001.0 4.30424e-06 952593440.2 1.26663e-05
945262951.4 6.4 945263849.0 945264282.6 945269489.5 945266687.4 945265566.6 3.47019e-06 945263800.0 945269500.0 23.8 121.7 13076210.0 50.1 945267799.3 5.55320e-06 945265726.7 8.02707e-06 945267155.7 1.17635e-05
940276302.6 6.1 940277154.9 940277590.5 940282475.9 940279830.2 940278771.9 1.03249e-06 940277100.0 940282500.0 36.5 71.0 12346590.0 188.6 940281976.1 5.53079e-06 940281975.1 8.06204e-06 940279907.7 5.39008e-06
963688717.8 6.3 963689616.4 963690050.9 963695255.3 963692453.5 963691332.8 2.87118e-06 963689600.0 963695300.0 -6.0 150.7 13075030.0 41.1 963693076.0 5.51526e-06 963693743.0 2.67603e-06 963693081.5 1.61042e-05
963131556.9 6.6 963132227.2 963132777.5 963135456.8 963133785.4 963133116.8 1.04432e-05 963132200.0 963135500.0 -38.1 -73.5 7799808.0 25.7 963132241.4 5.39742e-06 963132249.2 4.29527e-06 963134101.9 1.93010e-05
938689096.0 6.6 938689990.0 938690320.7 938696353.9 938693243.4 938691999.1 1.09878e-06 938689900.0 938696400.0 6.7 123.5 14515970.0 635.0 938690326.7 5.32687e-06 938690326.2 1.31185e-05 938690157.9 8.76784e-06
956286007.3 6.5 956286909.6 956287345.5 956292560.0 956289751.7 956288628.4 4.62528e-06 956286900.0 956292600.0 22.2 123.8 13105500.0 23.2 956290869.6 5.12097e-06 956290515.1 3.32391e-06 956290639.8 1.31138e-05
962928695.1 6.2 962929267.7 962929551.2 962931851.8 962930498.9 962929957.7 4.38963e-06 962929200.0 962931900.0 -22.3 -68.3 6313401.0 109.4 962929271.8 5.10670e-06 962929270.8 8.59133e-06 962929256.1 7.39923e-06
945299972.2 6.0 945300906.8 945301326.2 945306911.7 945303937.6 945302748.0 1.51067e-06 945300900.0 945307000.0 -10.0 33.8 13879130.0 14.0 945302152.2 5.08200e-06 945304827.2 6.05474e-06 945303973.0 1.01658e-05
951703204.3 6.0 951703846.7 951704372.0 951706863.2 951705295.1 951704667.8 3.29210e-06 951703800.0 951706900.0 -33.2 -72.2 7317747.0 30.3 951705286.5 5.06913e-06 951706430.1 6.25607e-06 951706524.5 6.47574e-06
954003302.4 6.6 954004282.5 954004666.5 954010856.3 954007618.9 954006323.9 4.56577e-06 954004200.0 954010900.0 13.6 92.9 15107820.0 38.5 954008599.1 5.04507e-06 954005206.5 4.52062e-06 954008604.2 1.65977e-05
949098512.8 6.2 949099397.1 949099839.5 949104872.7 949102147.0 949101056.8 2.36910e-06 949099300.0 949104900.0 -6.1 154.6 12719860.0 42.6 949102361.1 4.93781e-06 949102098.6 3.10490e-06 949102347.8 1.67097e-05
962085858.6 6.3 962086713.7 962087174.2 962091841.5 962089277.4 962088251.7 3.29889e-06 962086700.0 962091900.0 -13.6 166.7 11965850.0 34.4 962089984.8 4.88117e-06 962089983.8 5.12444e-06 962089547.3 9.79649e-06
945649428.9 6.3 945650193.2 945650645.0 945654781.5 945652487.6 945651570.0 1.07680e-06 945650100.0 945654800.0 42.2 134.8 10705160.0 395.7 945650440.4 4.78565e-06 945650439.7 7.68722e-06 945652280.7 4.55688e-06
941194049.0 6.1 941194862.0 941195351.3 941199465.1 941197143.9 941196215.4 2.65411e-06 941194800.0 941199500.0 -24.1 -175.1 10832100.0 13.9 941197689.9 4.75215e-06 941199303.5 5.77839e-06 941197234.2 9.89915e-06
934152547.1 6.6 934153367.4 934153843.2 934158134.6 934155740.0 934154782.1 6.25277e-06 934153300.0 934158200.0 32.8 140.4 11175000.0 61.8 934156235.8 4.72181e-06 934154224.6 2.83971e-06 934153314.1 2.68712e-05
940207915.0 6.0 940208235.7 940208498.3 940209295.6 940208703.9 940208467.2 1.08259e-05 940208200.0 940209300.0 6.8 -82.7 2761329.0 21.3 940208537.7 4.62792e-06 940208868.7 4.91398e-06 940208991.1 5.17791e-06
951673481.1 6.1 951674142.6 951674684.9 951677303.1 951675665.1 951675009.9 3.91486e-06 951674100.0 951677400.0 -36.6 -73.3 7644112.0 27.0 951674626.5 4.59919e-06 951675259.2 5.66903e-06 951675799.9 9.54430e-06
937264914.0 6.2 937265540.0 937266019.7 937268408.4 937266910.8 937266311.7 5.73910e-06 937265500.0 937268500.0 -29.2 -112.3 6988928.0 10.0 937265502.0 4.48620e-06 937265566.0 3.41275e-06 937265511.3 2.66835e-05
951746563.9 6.5 951747398.7 951747844.1 951752519.5 951749967.1 951748946.1 3.28442e-06 951747300.0 951752600.0 -13.6 167.2 11911370.0 189.6 951748803.0 4.45341e-06 951748801.8 4.99105e-06 951751026.9 3.76802e-06
937558401.2 6.1 937559324.2 937559749.8 937565199.1 937562285.7 937561120.4 1.92936e-06 937559300.0 937565200.0 27.4 91.5 13595730.0 16.1 937562974.1 4.34948e-06 937563138.8 2.11343e-06 937559310.7 1.85563e-05
936375158.6 6.2 936376342.5 936376553.3 936383585.3 936379973.8 936378529.3 1.67118e-06 936376300.0 936383600.0 -10.1 110.7 16853370.0 32.1 936376363.1 4.28284e-06 936376354.3 6.58615e-06 936376351.0 1.21425e-05
952563481.2 6.5 952564447.3 952564831.8 952570897.1 952567718.8 952566447.5 3.53232e-06 952564400.0 952570900.0 -1.6 128.1 14831850.0 63.6 952564875.4 4.27544e-06 952564887.1 4.25025e-06 952566109.2 7.05911e-06
939071787.3 6.0 939072644.9 939073107.4 939077769.0 939075205.4 939074180.0 1.83218e-06 939072600.0 939077800.0 -12.9 166.3 11963360.0 17.7 939072602.2 4.21281e-06 939072662.9 2.89816e-06 939072612.3 2.62428e-05
951332420.6 6.2 951333066.4 951333594.5 951336095.1 951334520.3 951333890.4 5.21434e-06 951333000.0 951336100.0 -33.5 -72.0 7348896.0 19.0 951333861.3 4.19860e-06 951333141.7 5.78017e-06 951333536.2 7.34775e-06
958899203.4 6.4 958900080.5 958900533.2 958905417.7 958902754.5 958901689.2 4.16922e-06 958900000.0 958905500.0 25.7 130.0 12428610.0 12.0 958903166.1 4.16772e-06 958904087.0 2.00402e-06 958903335.1 1.41376e-05
939031881.2 6.1 939032734.0 939033195.4 939037838.9 939035285.6 939034264.3 2.11037e-06 939032700.0 939037900.0 -11.3 165.9 11915280.0 37.0 939034344.6 4.05115e-06 939034342.8 2.24761e-06 939033671.7 1.23866e-05
944447467.1 6.3 944448130.2 944448606.7 944451908.8 944450005.2 944449243.8 5.52534e-07 944448100.0 944452000.0 53.4 152.8 8883302.0 653.2 944448330.6 4.00346e-06 944451556.7 6.06535e-06 944449261.0 6.59548e-06
966362190.1 6.1 966363079.2 966363522.6 966368577.9 966365840.3 966364745.3 2.03605e-06 966363000.0 966368600.0 -6.5 154.2 12775570.0 23.5 966366043.1 3.98411e-06 966366000.6 1.70966e-06 966363013.9 1.78349e-05
949388362.4 6.2 949389561.0 949389772.4 949397303.8 949393471.7 949391938.9 1.63334e-06 949389500.0 949397400.0 -47.9 99.5 17882850.0 16.0 949389828.6 3.87409e-06 949389827.6 5.74377e-06 949393583.5 6.54237e-06
931414382.4 6.1 931414891.2 931415186.6 931417124.7 931415949.4 931415479.3 2.74969e-06 931414800.0 931417200.0 -15.0 -70.5 5484775.0 198.7 931414898.4 3.87103e-06 931414897.4 6.21552e-06 931415633.0 1.35574e-05
938480875.9 6.1 938481664.7 938482168.6 938485996.7 938483802.1 938482924.2 2.85498e-06 938481600.0 938486000.0 -16.4 -173.4 10241530.0 14.1 938481671.8 3.86336e-06 938481888.8 3.43763e-06 938481612.6 1.72252e-05
939469101.8 6.0 939470055.7 939470445.4 939476334.0 939473234.4 939471994.6 1.23695e-06 939470000.0 939476400.0 3.0 128.3 14464410.0 42.3 939470452.1 3.81428e-06 939470451.3 4.02214e-06 939472650.3 7.82800e-06
956052201.9 6.0 956052867.5 956053414.0 956056077.4 956054416.5 956053752.1 2.90863e-06 956052800.0 956056100.0 -37.5 -72.9 7751048.0 40.7 956052886.4 3.69705e-06 956052884.9 3.68527e-06 956052813.4 9.00108e-06
967981072.7 6.3 967981927.8 967982385.6 967987078.8 967984504.7 967983475.1 3.10836e-06 967981900.0 967987100.0 -20.8 170.0 12012150.0 50.0 967984989.6 3.69475e-06 967985691.6 1.94570e-06 967984594.9 8.65708e-06
955243531.5 6.1 955244428.1 955244869.6 955249990.7 955247222.4 955246115.1 2.10720e-06 955244400.0 955250000.0 33.1 96.5 12918460.0 12.2 955248047.5 3.69204e-06 955245559.0 3.01042e-06 955245728.3 8.48293e-06
953128865.4 6.6 953129710.2 953130111.9 953135255.0 953132516.6 953131421.3 2.19642e-06 953129700.0 953135300.0 -3.4 152.3 12779100.0 418.9 953130568.4 3.68940e-06 953130006.4 2.51965e-06 953130570.4 1.00967e-05
944387183.5 6.4 944388033.6 944388487.9 944393181.5 944390610.9 944389582.7 3.45717e-06 944388000.0 944393200.0 -22.2 170.9 11996060.0 86.6 944391688.9 3.68189e-06 944389650.7 4.93825e-06 944390943.6 7.28806e-06
951347567.6 6.0 951348221.8 951348757.4 951351311.4 951349706.9 951349065.1 3.43228e-06 951348200.0 951351400.0 -34.7 -71.8 7487692.0 16.0 951350021.3 3.63029e-06 951350430.6 5.65896e-06 951348209.1 7.43794e-06
965862081.0 6.3 965862966.5 965863410.9 965868433.5 965865711.0 965864622.0 3.11644e-06 965862900.0 965868500.0 12.2 141.5 12705040.0 28.4 965863280.2 3.60411e-06 965863278.7 2.90813e-06 965865950.8 1.04567e-05
944409658.2 6.4 944410347.8 944410915.2 944413713.3 944411975.4 944411280.2 7.08734e-06 944410300.0 944413800.0 -0.7 -21.1 8110097.0 10.0 944411153.0 3.57846e-06 944411156.8 4.69609e-06 944410381.9 5.16918e-06
949466715.0 6.0 949467461.1 949467986.2 949471389.0 949469385.9 949468584.6 2.24358e-06 949467400.0 949471400.0 46.8 152.8 9347867.0 44.3 949469445.9 3.51928e-06 949468917.9 6.32370e-06 949469454.6 1.22103e-05
968052496.9 6.2 968053162.2 968053707.7 968056342.1 968054694.1 968054034.9 4.94214e-06 968053100.0 968056400.0 -37.1 -73.5 7690374.0 18.6 968053175.8 3.50493e-06 968053174.9 5.53741e-06 968053153.1 6.04981e-06
936586027.8 6.0 936586763.1 936587292.8 936590603.1 936588642.3 936587857.9 2.14913e-06 936586700.0 936590700.0 48.3 154.4 9150583.0 58.7 936586780.2 3.49917e-06 936586779.3 4.56344e-06 936587960.6 7.91693e-06
967625538.7 6.0 967626325.4 967626820.8 967630715.4 967628496.8 967627609.4 1.76920e-06 967626300.0 967630800.0 -17.5 -173.9 10353500.0 64.9 967626334.2 3.44057e-06 967626333.1 3.96772e-06 967626354.9 7.89767e-06
952686527.5 6.2 952687183.2 952687720.7 952690309.1 952688688.4 952688040.1 4.72947e-06 952687100.0 952690400.0 -35.9 -73.5 7563201.0 35.0 952689388.7 3.43268e-06 952687195.5 5.52052e-06 952688899.2 9.52682e-06
955905644.6 6.1 955906426.9 955906930.1 955910727.8 955908549.3 955907677.9 2.61576e-06 955906400.0 955910800.0 -15.3 -173.2 10166420.0 36.2 955906461.5 3.40437e-06 955906460.4 3.75038e-06 955908605.9 8.14414e-06
942911316.1 6.3 942912070.7 942912508.0 942916706.1 942914396.1 942913472.1 6.75241e-07 942912000.0 942916800.0 -17.8 -178.4 10779970.0 526.8 942912684.4 3.36858e-06 942914168.8 5.44634e-06 942916014.9 7.34415e-06
951326686.5 6.1 951327347.4 951327889.3 951330501.2 951328866.4 951328212.4 3.95894e-06 951327300.0 951330600.0 -36.4 -73.1 7629407.0 25.0 951329878.5 3.33758e-06 951329135.3 5.56414e-06 951327865.9 4.83275e-06
939578438.0 6.2 939579229.1 939579732.0 939583582.7 939581377.8 939580495.9 3.52147e-06 939579200.0 939583600.0 -14.9 -174.8 10289530.0 12.3 939581527.8 3.29150e-06 939581378.9 2.42174e-06 939581496.9 1.01810e-05
946457150.4 6.0 946458034.1 946458480.4 946463471.7 946460762.5 946459678.9 1.64363e-06 946458000.0 946463500.0 12.4 142.1 12642510.0 24.0 946463026.5 3.28190e-06 946460712.6 3.76085e-06 946462112.5 5.75126e-06
940027792.9 6.0 940028574.2 940029082.7 940032824.1 940030667.9 940029805.4 2.35827e-06 940028500.0 940032900.0 -15.3 -172.1 10062370.0 14.4 940028579.6 3.27760e-06 940028578.6 4.83874e-06 940028521.7 8.82561e-06
970234133.9 6.3 970235024.3 970235465.1 970240554.9 970237803.1 970236702.3 3.02621e-06 970235000.0 970240600.0 24.2 125.2 12841940.0 32.8 970238566.7 3.23092e-06 970235333.9 2.63685e-06 970238570.5 8.58579e-06
962315767.4 6.3 962316563.9 962317059.6 962321012.2 962318764.4 962317865.3 3.96079e-06 962316500.0 962321100.0 39.7 142.6 10489720.0 30.1 962319716.7 3.19397e-06 962316811.1 2.55938e-06 962319196.8 7.59232e-06
966404589.1 6.0 966405765.0 966405976.3 966412739.6 966409246.5 966407849.3 1.08197e-06 966405700.0 966412800.0 2.2 96.7 16300870.0 33.2 966405776.8 3.09878e-06 966405775.2 4.21309e-06 966410043.9 5.28730e-06
952050770.0 6.1 952051582.1 952052072.3 952056170.6 952053856.1 952052930.3 2.68413e-06 952051500.0 952056200.0 38.8 40.0 10801170.0 12.2 952054389.7 3.08916e-06 952054042.2 1.74414e-06 952054081.2 1.24265e-05
960863002.6 6.2 960863766.6 960864280.0 960867877.8 960865788.5 960864952.7 3.33489e-06 960863700.0 960867900.0 44.5 148.7 9750455.0 43.7 960866674.2 3.04856e-06 960863785.3 3.11806e-06 960866405.2 1.02727e-05
942263084.4 6.2 942263654.9 942263923.3 942266311.6 942264928.5 942264375.2 2.83463e-06 942263600.0 942266400.0 -23.0 -66.6 6454388.0 214.3 942263659.4 2.95372e-06 942263658.4 2.95656e-06 942263611.1 9.24237e-06
939375457.6 6.2 939376307.9 939376767.2 939381412.7 939378860.5 939377839.6 2.44470e-06 939376300.0 939381500.0 -12.5 166.6 11910080.0 56.9 939381479.9 2.92020e-06 939376559.4 3.13561e-06 939378714.6 8.96180e-06
951815991.8 6.1 951816652.7 951817194.7 951819818.1 951818178.3 951817522.3 3.78594e-06 951816600.0 951819900.0 -36.6 -73.2 7652610.0 34.3 951817281.9 2.90980e-06 951818007.2 3.27005e-06 951818405.6 6.66671e-06
951980739.9 6.2 951981289.8 951981597.1 951983643.4 951982399.1 951981901.3 6.93434e-06 951981200.0 951983700.0 -16.3 -115.3 5806993.0 17.9 951981298.9 2.90592e-06 951981304.6 3.83753e-06 951982350.4 1.00225e-05
950305923.2 6.2 950306894.5 950307267.8 950313509.2 950310258.1 950308957.6 1.29755e-06 950306800.0 950313600.0 -7.3 128.8 15172150.0 134.7 950309504.2 2.90401e-06 950307075.4 3.56842e-06 950310814.5 5.77263e-06
949712640.4 6.1 949713425.6 949713931.6 949717719.3 949715542.6 949714672.0 2.87452e-06 949713400.0 949717800.0 -15.1 -173.3 10157690.0 15.0 949714827.6 2.87427e-06 949715809.5 3.36917e-06 949713410.1 8.78410e-06
961907476.7 6.4 961908247.8 961908668.6 961913125.0 961910704.3 961909736.0 8.20929e-07 961908200.0 961913200.0 -23.3 179.2 11296650.0 572.8 961910872.9 2.85891e-06 961909125.5 4.67800e-06 961909964.3 6.91389e-06
954284304.2 6.0 954284963.3 954285503.8 954288114.8 954286481.7 954285828.4 3.06684e-06 954284900.0 954288200.0 -36.3 -72.9 7621222.0 34.3 954287922.6 2.84914e-06 954285418.6 2.87334e-06 954284914.0 1.30351e-05
939352562.8 6.2 939353755.4 939353967.7 939361213.3 939357506.0 939356023.0 1.72671e-06 939353700.0 939361300.0 -17.2 66.7 17301070.0 14.1 939358143.8 2.84236e-06 939360711.8 3.41640e-06 939354555.0 5.98993e-06
956130076.8 6.0 956131046.5 956131433.4 956137500.7 956134319.0 956133046.4 1.21147e-06 956131000.0 956137600.0 -1.9 128.1 14847920.0 38.7 956134236.4 2.79726e-06 956135465.3 3.87123e-06 956134354.2 5.00683e-06
962797428.0 6.3 962798303.1 962798755.8 962803627.0 962800970.3 962799907.6 3.34924e-06 962798300.0 962803700.0 11.2 146.1 12398090.0 16.9 962801136.2 2.76820e-06 962798590.0 3.38490e-06 962801792.5 9.39720e-06
954497159.6 6.1 954498134.9 954498521.9 954504635.8 954501431.7 954500150.1 1.59945e-06 954498100.0 954504700.0 -0.1 125.1 14952360.0 28.1 954502200.6 2.76508e-06 954502107.3 3.33846e-06 954502522.2 5.97993e-06
953530181.3 6.0 953531123.3 953531536.2 953537233.6 953534211.2 953533002.2 1.40050e-06 953531100.0 953537300.0 13.8 120.0 14104540.0 24.6 953535426.9 2.66802e-06 953532422.8 3.17628e-06 953536576.3 4.92591e-06
940873487.1 6.2 940874336.9 940874769.6 940879664.5 940877017.0 940875958.1 1.25878e-06 940874300.0 940879700.0 36.4 70.8 12354760.0 213.9 940875857.8 2.66456e-06 940878843.9 4.08645e-06 940874311.9 1.28922e-05
968786490.2 6.2 968787339.4 968787772.2 968792662.1 968790017.0 968788958.9 1.25287e-06 968787300.0 968792700.0 36.5 71.0 12343740.0 215.4 968787302.4 2.63748e-06 968787717.3 2.06446e-06 968787315.4 1.46693e-05
945853060.1 6.1 945854025.7 945854410.1 945860471.9 945857295.4 945856024.8 1.37747e-06 945854000.0 945860500.0 -5.4 131.3 14823690.0 64.9 945854032.2 2.58587e-06 945854031.2 3.37212e-06 945860433.3 4.92651e-06
936398512.2 6.0 936399318.1 936399811.4 936403842.6 936401558.1 936400644.3 2.17965e-06 936399300.0 936403900.0 42.6 43.5 10660810.0 14.6 936402197.4 2.54580e-06 936402100.3 2.33744e-06 936402199.3 5.56804e-06
953847528.0 6.0 953848182.8 953848719.3 953851292.2 953849679.0 953849033.7 3.22239e-06 953848100.0 953851300.0 -35.4 -73.1 7528544.0 27.4 953848224.0 2.53035e-06 953851264.4 3.30540e-06 953849773.0 6.23034e-06
955581338.3 6.2 955582248.6 955582672.2 955588059.1 955585178.8 955584026.6 2.00731e-06 955582200.0 955588100.0 -6.7 147.3 13441650.0 65.9 955585205.8 2.46782e-06 955583512.5 2.45030e-06 955582245.9 9.87148e-06
958817361.3 6.3 958817862.1 958818191.8 958819907.0 958818816.0 958818379.6 9.89049e-06 958817800.0 958820000.0 35.3 -35.9 5091497.0 15.4 958818592.9 2.37022e-06 958818026.4 2.95507e-06 958818695.3 8.09448e-06
964872522.5 6.3 964873487.0 964873873.6 964879898.2 964876737.2 964875472.8 2.36520e-06 964873400.0 964879900.0 1.3 126.3 14751360.0 50.6 964873906.7 2.34094e-06 964873883.7 3.60360e-06 964873450.3 8.26398e-06
956963400.1 6.2 956964071.0 956964621.8 956967300.9 956965629.1 956964960.4 4.79186e-06 956964000.0 956967400.0 -38.1 -73.7 7801777.0 22.0 956964301.0 2.32144e-06 956964767.9 2.81644e-06 956964052.4 9.43020e-06
956917680.8 6.1 956918506.4 956918974.3 956923376.0 956920935.2 956919958.9 1.77946e-06 956918500.0 956923400.0 29.7 141.0 11390400.0 89.6 956921318.8 2.31753e-06 956923120.8 3.13380e-06 956918826.6 6.25560e-06
970551805.0 6.2 970552748.2 970553127.6 970559047.1 970555943.3 970554701.8 1.35130e-06 970552700.0 970559100.0 2.8 128.2 14484080.0 140.8 970552718.5 2.26187e-06 970556195.1 2.79506e-06 970555525.7 6.18412e-06
959028495.0 6.1 959029349.9 959029810.7 959034473.0 959031911.0 959030886.2 2.13603e-06 959029300.0 959034500.0 -13.7 166.8 11956110.0 33.2 959029302.0 2.25986e-06 959031439.4 1.42007e-06 959029313.3 1.51751e-05
942965262.7 6.2 942966062.3 942966487.3 942971105.6 942968601.5 942967599.9 5.69947e-07 942966000.0 942971200.0 -31.6 179.6 11685760.0 434.9 942967093.9 2.25735e-06 942966371.1 3.45348e-06 942969758.7 5.11337e-06
964941348.4 6.5 964942239.8 964942647.8 964948055.5 964945181.0 964944031.3 2.60410e-06 964942200.0 964948100.0 -5.5 146.9 13414150.0 219.7 964942547.1 2.25514e-06 964942546.2 2.13700e-06 964942211.1 8.72285e-06
959336177.6 6.0 959337132.4 959337523.0 959343408.3 959340309.5 959339069.9 1.28713e-06 959337100.0 959343500.0 6.9 124.0 14461410.0 34.3 959337102.0 2.18630e-06 959337528.2 1.95985e-06 959337112.6 1.55127e-05
931723858.8 6.1 931724754.4 931725194.4 931730324.8 931727553.7 931726445.2 2.01631e-06 931724700.0 931730400.0 -3.3 150.6 12932030.0 21.9 931728758.3 2.15431e-06 931728753.3 1.41786e-06 931724750.2 9.17099e-06
938303119.4 6.0 938303903.7 938304410.3 938308186.9 938306015.1 938305146.4 2.33447e-06 938303900.0 938308200.0 -15.9 -172.5 10135060.0 14.5 938306170.9 2.12558e-06 938303960.5 2.35245e-06 938303913.8 9.97966e-06
943467039.4 6.1 943467988.3 943468381.3 943474245.3 943471157.0 943469921.7 1.42203e-06 943467900.0 943474300.0 5.4 126.4 14411910.0 66.8 943468969.8 2.04299e-06 943468388.8 2.42730e-06 943471254.3 4.30223e-06
933238490.9 6.1 933239440.2 933239846.1 933245659.2 933242587.1 933241358.2 1.62171e-06 933239400.0 933245700.0 -0.5 133.0 14336700.0 38.6 933239775.4 2.01015e-06 933239854.8 2.23710e-06 933242731.9 5.73798e-06
960815226.4 6.0 960816052.2 960816499.0 960821100.4 960818583.0 960817576.0 7.23403e-07 960816000.0 960821200.0 -33.2 179.8 11748070.0 211.2 960818658.2 2.00463e-06 960816559.1 2.06351e-06 960818905.6 8.16883e-06
939265952.4 6.0 939266811.0 939267269.5 939271979.1 939269396.2 939268363.1 1.66890e-06 939266800.0 939272000.0 -22.1 170.2 12053470.0 34.5 939269657.4 2.00243e-06 939268237.9 2.94821e-06 939269612.0 1.03417e-05
933466694.6 6.1 933467585.1 933468026.1 933473114.0 933470362.8 933469262.4 1.95582e-06 933467500.0 933473200.0 24.3 125.2 12838830.0 31.1 933470998.2 1.95276e-06 933467877.3 1.37827e-06 933467554.5 8.63679e-06
958301478.6 6.0 958302272.9 958302774.4 958306657.5 958304438.0 958303550.2 2.31823e-06 958302200.0 958306700.0 -54.6 -135.4 10357750.0 10.0 958302202.2 1.94195e-06 958305280.5 1.48129e-06 958302216.0 1.08731e-05
966184112.1 6.2 966184998.9 966185444.6 966190461.5 966187740.3 966186651.9 2.61150e-06 966184900.0 966190500.0 12.2 141.5 12698940.0 18.3 966187958.8 1.93825e-06 966185305.0 1.49452e-06 966187983.2 7.81696e-06
936019593.2 6.2 936020431.4 936020878.8 936025558.8 936023002.2 936021979.5 1.58311e-06 936020400.0 936025600.0 31.2 130.2 11931190.0 167.2 936024440.8 1.84992e-06 936025476.9 1.81556e-06 936024460.1 1.17042e-05
965964669.2 6.3 965965861.0 965966073.4 965973293.9 965969597.6 965968119.1 2.16182e-06 965965800.0 965973300.0 -17.8 65.6 17249310.0 14.7 965970158.7 1.83338e-06 965966414.8 1.25190e-06 965965857.6 8.28706e-06
963738980.0 6.1 963739925.9 963740308.4 963746214.3 963743113.9 963741873.7 1.15974e-06 963739900.0 963746300.0 3.0 128.2 14468670.0 111.9 963744332.5 1.81558e-06 963741786.2 2.00294e-06 963741946.9 1.01698e-05
941449416.5 6.0 941450350.1 941450769.9 941456344.6 941453375.4 941452187.7 1.50908e-06 941450300.0 941456400.0 -52.4 160.7 13856300.0 14.7 941453722.5 1.80931e-06 941453804.0 1.79771e-06 941450437.6 5.50470e-06
961392763.4 6.2 961393658.2 961394093.3 961399267.6 961396480.1 961395365.1 2.22606e-06 961393600.0 961399300.0 -5.6 151.2 13008380.0 50.8 961396656.3 1.76987e-06 961396648.5 1.34482e-06 961396510.6 8.81132e-06
965806233.4 6.1 965807119.4 965807564.9 965812579.1 965809859.5 965808771.6 2.07190e-06 965807100.0 965812600.0 12.3 141.5 12691400.0 21.6 965810059.4 1.68895e-06 965807447.1 1.77349e-06 965807158.8 4.54635e-06
934665663.5 6.3 934666460.6 934666912.9 934671268.8 934668866.5 934667905.6 1.53935e-06 934666400.0 934671300.0 -26.0 -178.3 11210600.0 276.6 934666402.2 1.68879e-06 934668896.3 1.09832e-06 934666410.9 1.03884e-05
969538375.1 6.0 969539337.0 969539728.3 969545669.0 969542543.0 969541292.7 1.36096e-06 969539300.0 969545700.0 -5.3 133.9 14587850.0 20.4 969540072.4 1.63924e-06 969539862.8 1.93013e-06 969539320.4 7.47999e-06
960161013.5 6.0 960161870.8 960162333.9 960166987.5 960164427.2 960163403.1 1.85457e-06 960161800.0 960167000.0 -18.6 169.5 11948050.0 15.6 960164778.0 1.62186e-06 960163217.0 9.96316e-07 960164507.2 9.27147e-06
952076845.6 6.1 952077653.1 952078071.7 952082803.0 952080249.8 952079228.5 3.48110e-07 952077600.0 952082900.0 19.4 144.8 11914740.0 446.9 952080311.7 1.59812e-06 952078032.8 1.94972e-06 952079345.5 4.39667e-06
954685998.8 6.0 954686925.8 954687345.5 954692880.6 954689931.3 954688751.5 1.38818e-06 954686900.0 954692900.0 -3.8 142.0 13763510.0 33.6 954690657.3 1.52630e-06 954692653.2 1.75754e-06 954689520.9 5.74746e-06
931116233.6 6.0 931116886.1 931117420.2 931119962.6 931118364.4 931117725.2 3.44929e-06 931116800.0 931120000.0 -35.9 -102.7 7458093.0 16.0 931117159.4 1.47821e-06 931117153.4 1.69885e-06 931116858.1 6.29484e-06
935949625.2 6.1 935950432.6 935950881.3 935955339.5 935952890.5 935951910.9 8.28694e-07 935950400.0 935955400.0 -29.2 -178.8 11428460.0 262.4 935953200.8 1.47076e-06 935950694.2 1.83664e-06 935950466.4 5.97431e-06
940492446.9 6.0 940493226.4 940493666.4 940498011.3 940495626.6 940494672.7 2.88036e-07 940493200.0 940498100.0 -23.0 -179.1 11128770.0 413.0 940493318.2 1.42221e-06 940497348.5 1.87787e-06 940496360.5 4.85745e-06
965920184.6 6.3 965921075.3 965921490.4 965926828.3 965923981.0 965922842.1 1.72568e-06 965921000.0 965926900.0 -5.8 148.4 13287460.0 180.8 965922037.3 1.32925e-06 965921674.4 1.12429e-06 965921051.5 7.85427e-06
937709986.9 6.0 937710922.1 937711340.4 937716940.8 937713960.6 937712768.5 1.48181e-06 937710900.0 937717000.0 -53.1 160.0 13907920.0 17.3 937713343.0 1.17604e-06 937715032.2 1.24364e-06 937714194.4 4.49544e-06
966022563.5 6.2 966023319.4 966023745.0 966028053.3 966025700.5 966024759.4 3.22751e-07 966023300.0 966028100.0 -20.8 -178.8 10979760.0 600.8 966023326.8 1.09941e-06 966024873.8 9.72292e-07 966023359.7 5.34915e-06
933168825.8 6.0 933169610.6 933170118.0 933173889.1 933171719.2 933170851.2 2.38952e-06 933169600.0 933173900.0 -56.3 -124.1 10126590.0 10.0 933173879.6 1.06916e-06 933173671.8 1.11645e-06 933169657.2 5.31402e-06
