1126569617 1126604112
1126611260 1126613091
1126615167 1126629181
1126632767 1126645233
1126645234 1126677317
1126682204 1126691793
1126714199 1126715543
1126719670 1126720055
1126721488 1126821941
1126829070 1126836866
1126837025 1126851578
1126854618 1126893227
1126907709 1126909054
1126910280 1126944159
1126946001 1126970529
1126986026 1126991568
1126991968 1127059230
1127059236 1127082142
1127087262 1127111469
1127118815 1127120670
1127120671 1127120681
1127120683 1127133359
1127156123 1127159169
1127165731 1127224040
1127233382 1127256633
1127258251 1127272523
1127275767 1127311510
1127312940 1127329715
1127329741 1127480460
1127480461 1127490664
1127492686 1127499083
1127501192 1127538416
1127541619 1127563235
1127563236 1127572348
1127600316 1127604345
1127605733 1127613824
1127617419 1127634253
1127637297 1127670418
1127672261 1127672621
1127677079 1127682876
1127686020 1127686417
1127688509 1127743166
1127745233 1127745779
1127745987 1127746052
1127746063 1127746103
1127746113 1127746544
1127746666 1127746970
1127747092 1127767670
1127769587 1127769696
1127781652 1127814170
1127832816 1127836747
1127836869 1127837070
1127837162 1127837187
1127837309 1127837630
1127849770 1127851198
1127931705 1128021825
1128027644 1128100907
1128114845 1128114964
1128116122 1128176317
1128179080 1128179121
1128182174 1128182207
1128211919 1128302881
1128303745 1128303997
1128305127 1128307751
1128318462 1128352190
1128387348 1128464705
1128465006 1128527972
1128536270 1128546196
1128618330 1128708736
1128735898 1128763900
1128771563 1128782611
1128808054 1128810144
1128811403 1128811413
1128811845 1128837796
1128857957 1128873900
1128875955 1128880797
1128881797 1128881921
1128885160 1128885234
1128885311 1128887242
1128887521 1128889459
1128889535 1128889789
1128890391 1128890768
1128890930 1128922731
1128929549 1128929843
1128931553 1128956764
1128984937 1129003850
1129007377 1129011309
1129018165 1129018240
1129034777 1129035042
1129035292 1129136363
1129136488 1129152759
1129154917 1129155125
1129155373 1129222395
1129228974 1129229397
1129229645 1129260383
1129265322 1129320491
1129323280 1129323515
1129323528 1129324237
1129327620 1129383252
1129481299 1129481531
1129481788 1129493502
1129496123 1129496853
1129497102 1129574798
1129608421 1129608597
1129608986 1129615584
1129618109 1129627650
1129632958 1129668839
1129669250 1129669287
1129669605 1129672617
1129672624 1129674015
1129674599 1129676608
1129684629 1129703995
1129721441 1129777891
1129785862 1129804484
1129874512 1129874658
1129876474 1129882366
1129956074 1129956137
1129967496 1129968128
1129972982 1129974141
1129974798 1129992773
1130017906 1130017942
1130018374 1130094625
1130098767 1130099962
1130119104 1130164504
1130170367 1130170765
1130170961 1130185383
1130185907 1130186241
1130186779 1130186852
1130187663 1130193585
1130195827 1130244155
1130308449 1130330491
1130467309 1130482412
1130498999 1130559234
1130572123 1130578448
1130585152 1130603139
1130637565 1130637875
1130637878 1130638004
1130638012 1130645698
1130654509 1130654675
1130655101 1130655213
1130655480 1130689007
1130696694 1130701429
1130704267 1130704301
1130704794 1130713055
1130721827 1130743447
1130743567 1130743591
1130743609 1130753415
1130766928 1130864260
1130875155 1130916520
1130940628 1130965833
1130969195 1131016006
1131053885 1131073926
1131078631 1131087616
1131089871 1131121000
1131144011 1131179534
1131181759 1131209140
1131258267 1131260214
1131262191 1131272860
1131293477 1131303180
1131303323 1131303331
1131303368 1131304751
1131308414 1131314522
1131318999 1131387095
1131394663 1131429841
1131599017 1131647705
1131648426 1131665255
1131704054 1131728752
1131731461 1131731652
1131733579 1131734426
1131736047 1131780860
1131944111 1131954784
1131957291 1131963254
1131965961 1131966648
1131970745 1131990532
1132011596 1132035036
1132041753 1132044354
1132046499 1132091216
1132099787 1132103455
1132108364 1132185253
1132196968 1132204810
1132204938 1132206535
1132206635 1132287599
1132296643 1132314879
1132317315 1132339955
1132341764 1132347642
1132353096 1132354136
1132357040 1132357052
1132369386 1132370126
1132371321 1132414098
1132477763 1132552703
1132565067 1132565536
1132566053 1132591494
1132595369 1132637904
1132646503 1132688789
1132706376 1132814101
1132881332 1132912808
1132919865 1133020070
1133020289 1133020386
1133020822 1133020876
1133021152 1133021245
1133021469 1133021519
1133021657 1133021796
1133021969 1133021996
1133022005 1133022024
1133049297 1133049383
1133049827 1133049863
1133053600 1133138742
1133138753 1133138754
1133138761 1133138987
1133139006 1133172949
1133180264 1133233383
1133244146 1133245565
1133259960 1133304360
1133326242 1133380618
1133442329 1133468426
1133578942 1133578959
1133579095 1133579120
1133579179 1133579238
1133579608 1133626809
1133662891 1133665971
1133674027 1133692878
1133739752 1133739756
1133740201 1133744009
1133744193 1133747565
1133752367 1133754942
1133759478 1133771116
1133771123 1133804130
1133927117 1133979005
1133988697 1133991162
1133992884 1134010574
1134065965 1134076535
1134099129 1134156894
1134157899 1134178276
1134188743 1134195798
1134197648 1134222546
1134226580 1134227302
1134267676 1134278456
1134280329 1134291628
1134291720 1134292250
1134292331 1134302304
1134302849 1134302916
1134303073 1134303823
1134304169 1134304357
1134304437 1134348434
1134351816 1134355920
1134358285 1134416150
1134432174 1134510211
1134517833 1134528862
1134542897 1134673757
1134674556 1134675707
1134720273 1134768190
1134771748 1134835585
1134861363 1134861393
1134861839 1134866703
1134866719 1134868671
1134868774 1134878382
1134884160 1134929652
1135021592 1135024394
1135032996 1135107747
1135135980 1135151428
1135151611 1135234150
1135238478 1135364643
1135364646 1135391749
1135410859 1135417372
1135418511 1135446251
1135457338 1135496456
1135516673 1135596211
1135616986 1135651273
1135664609 1135698459
1135702204 1135702662
1135702678 1135717343
1135736923 1135770186
1135776329 1135843739
1135844154 1135844217
1135852902 1135898693
1135910782 1135924188
1135924849 1135943020
1135948315 1135975834
1135980230 1135991814
1136001664 1136001888
1136004215 1136024580
1136032403 1136038418
1136090180 1136091281
1136104248 1136104673
1136106406 1136122930
1136160206 1136160477
1136164301 1136176726
1136179810 1136181264
1136192553 1136217629
1136260106 1136304022
1136346284 1136347154
1136347456 1136376165
1136376392 1136399187
1136400265 1136408548
1136408699 1136414325
1136414537 1136419210
1136419314 1136428437
1136430897 1136435569
1136435610 1136462489
1136462736 1136466239
1136476207 1136479761
1136482530 1136527335
1136528305 1136560537
1136560548 1136567007
1136581202 1136584903
1136584955 1136596292
1136596904 1136649617
