994294645.9 7.0 994295414.0 994295928.5 994299540.0 994297442.5 994296603.6 1.71889e-05 994295400.0 994299600.0 38.1 143.3 9788215.0 24.7 994298011.3 2.80140e-04 -1.0 -1.00000e+00 -1.0 -1.00000e+00
994014215.5 7.6 994015416.4 994015626.3 994023368.9 994019446.0 994017876.9 2.55393e-05 994015400.0 994023400.0 -29.3 -176.3 18306930.0 25.4 994020117.1 2.77082e-04 -1.0 -1.00000e+00 -1.0 -1.00000e+00
992814666.6 6.7 992815424.1 992815943.9 992819451.2 992817400.6 992816580.4 9.84680e-06 992815400.0 992819500.0 40.0 142.5 9569162.0 32.1 992817963.7 1.47564e-04 -1.0 -1.00000e+00 -1.0 -1.00000e+00
992920193.9 7.3 992920942.0 992921464.7 992924897.7 992922881.8 992922075.4 3.02663e-05 992920900.0 992924900.0 52.0 -171.8 9407536.0 49.8 992922738.9 1.34209e-04 -1.0 -1.00000e+00 -1.0 -1.00000e+00
997899579.6 7.0 997900758.9 997900970.2 997907837.3 997904298.3 997902882.7 9.27096e-06 997900700.0 997907900.0 -18.3 168.2 16515420.0 31.5 997904792.3 9.40664e-05 -1.0 -1.00000e+00 -1.0 -1.00000e+00
997895601.5 6.5 997896780.6 997896991.9 997903854.8 997900317.7 997898902.8 3.35923e-06 997896700.0 997903900.0 -18.3 168.1 16506720.0 31.5 997899736.8 8.19504e-05 -1.0 -1.00000e+00 -1.0 -1.00000e+00
998243186.6 7.0 998243956.8 998244447.4 998248283.2 998246098.9 998245225.2 1.35177e-05 998243900.0 998248300.0 -7.6 -74.5 10193290.0 149.3 998244677.2 7.28756e-05 -1.0 -1.00000e+00 -1.0 -1.00000e+00
998996170.0 6.9 998996917.9 998997441.4 999000867.1 998998854.1 998998048.8 1.43963e-05 998996900.0 999000900.0 52.1 -171.7 9394247.0 46.0 998999523.0 5.78886e-05 -1.0 -1.00000e+00 -1.0 -1.00000e+00
995430879.5 6.3 995431638.6 995432154.7 995435701.1 995433634.7 995432808.1 4.16396e-06 995431600.0 995435800.0 38.9 141.9 9643151.0 45.9 995434237.6 4.31168e-05 -1.0 -1.00000e+00 -1.0 -1.00000e+00
995139358.4 6.2 995139849.3 995140182.8 995141839.1 995140775.9 995140350.7 8.27672e-06 995139800.0 995141900.0 40.2 71.5 4961473.0 19.5 995141255.1 3.50014e-05 -1.0 -1.00000e+00 -1.0 -1.00000e+00
996087246.9 6.4 996088011.7 996088523.8 996092138.7 996090042.2 996089203.6 5.02051e-06 996088000.0 996092200.0 37.0 141.1 9783741.0 48.1 996090667.8 3.36507e-05 -1.0 -1.00000e+00 -1.0 -1.00000e+00
997616665.6 6.2 997617439.9 997617950.8 997621630.5 997619502.7 997618651.6 3.53248e-06 997617400.0 997621700.0 36.8 143.8 9929813.0 23.1 997620188.7 2.77953e-05 -1.0 -1.00000e+00 -1.0 -1.00000e+00
999125750.8 7.0 999126921.2 999127121.7 999134159.4 999130555.7 999129114.2 7.70024e-06 999126900.0 999134200.0 -20.6 169.8 16817350.0 136.6 999127152.6 2.73791e-05 -1.0 -1.00000e+00 -1.0 -1.00000e+00
996190753.1 6.6 996191680.2 996192102.6 996197609.5 996194671.0 996193495.7 5.40243e-06 996191600.0 996197700.0 -3.5 145.0 13712820.0 19.6 996195343.2 2.56243e-05 -1.0 -1.00000e+00 -1.0 -1.00000e+00
994452439.9 6.5 994453257.6 994453742.3 994457929.9 994455577.0 994454635.9 5.78577e-06 994453200.0 994458000.0 9.5 122.2 10980040.0 21.6 994456238.5 2.30771e-05 -1.0 -1.00000e+00 -1.0 -1.00000e+00
995568699.9 6.3 995569463.5 995569977.6 995573567.5 995571481.4 995570646.9 4.18472e-06 995569400.0 995573600.0 37.7 141.6 9735161.0 41.1 995572075.0 2.26176e-05 -1.0 -1.00000e+00 -1.0 -1.00000e+00
998722676.5 6.9 998723509.3 998723910.5 998728974.6 998726275.4 998725195.8 4.91021e-06 998723500.0 998729000.0 -6.4 126.8 12596150.0 467.2 998724357.5 1.95983e-05 -1.0 -1.00000e+00 -1.0 -1.00000e+00
995960557.6 6.7 995961694.0 995961856.6 995969354.0 995965584.1 995964076.2 1.59420e-06 995961600.0 995969400.0 -23.7 179.8 17592960.0 522.8 995962719.8 1.88233e-05 -1.0 -1.00000e+00 -1.0 -1.00000e+00
997767407.9 6.3 997768171.2 997768684.1 997772282.0 997770193.1 997769357.5 4.06978e-06 997768100.0 997772300.0 37.7 141.7 9748124.0 48.6 997770853.0 1.85090e-05 -1.0 -1.00000e+00 -1.0 -1.00000e+00
996501111.1 6.1 996501849.4 996502378.8 996505708.0 996503737.9 996502949.9 2.80649e-06 996501800.0 996505800.0 48.8 154.8 9193669.0 49.8 996504286.2 1.80911e-05 -1.0 -1.00000e+00 -1.0 -1.00000e+00
997761281.5 6.2 997762422.0 997762595.8 997769742.9 997766116.6 997764666.1 3.83998e-07 997762400.0 997769800.0 -16.5 -176.9 16922850.0 405.9 997768879.9 1.58389e-05 -1.0 -1.00000e+00 -1.0 -1.00000e+00
995737476.5 6.0 995738265.3 995738768.5 995742603.3 995740406.1 995739527.2 2.27021e-06 995738200.0 995742700.0 25.1 -109.5 10253540.0 17.0 995740765.4 1.26437e-05 -1.0 -1.00000e+00 -1.0 -1.00000e+00
992622975.9 6.5 992623773.8 992624251.6 992628377.3 992626062.4 992625136.5 4.41534e-06 992623700.0 992628400.0 -21.8 -68.4 10802910.0 126.2 992624010.7 1.22470e-05 -1.0 -1.00000e+00 -1.0 -1.00000e+00
996245905.6 6.0 996246677.2 996247189.9 996250838.2 996248724.2 996247878.6 2.31962e-06 996246600.0 996250900.0 34.7 138.5 9865183.0 23.1 996249419.1 1.20500e-05 -1.0 -1.00000e+00 -1.0 -1.00000e+00
997055158.1 6.0 997055727.6 997056028.1 997058203.2 997056898.2 997056376.1 4.52771e-06 997055700.0 997058300.0 -7.1 -12.8 6090288.0 11.7 997057100.3 1.17899e-05 -1.0 -1.00000e+00 -1.0 -1.00000e+00
991309888.6 6.4 991311073.0 991311286.1 991318229.1 991314654.6 991313224.8 2.81370e-06 991311000.0 991318300.0 -55.8 147.2 16681020.0 14.4 991315288.4 1.15645e-05 -1.0 -1.00000e+00 -1.0 -1.00000e+00
993125814.5 6.4 993126713.4 993127150.9 993132328.5 993129536.8 993128420.1 3.76648e-06 993126700.0 993132400.0 -2.4 136.7 13027940.0 25.3 993130345.9 1.08614e-05 -1.0 -1.00000e+00 -1.0 -1.00000e+00
999251535.8 6.2 999252719.1 999252929.6 999259952.9 999256345.6 999254902.6 1.65761e-06 999252700.0 999260000.0 -15.2 -173.6 16834090.0 34.6 999256882.0 1.07213e-05 -1.0 -1.00000e+00 -1.0 -1.00000e+00
995590265.6 6.3 995591205.3 995591618.4 995597299.6 995594285.0 995593079.2 2.71163e-06 995591200.0 995597300.0 -3.2 150.8 14068020.0 29.7 995594500.3 1.05934e-05 -1.0 -1.00000e+00 -1.0 -1.00000e+00
998262393.8 6.1 998263574.3 998263787.1 998270628.8 998267099.5 998265687.8 1.44686e-06 998263500.0 998270700.0 -18.2 167.6 16470050.0 18.9 998263602.2 1.00774e-05 -1.0 -1.00000e+00 -1.0 -1.00000e+00
992217832.6 6.3 992218783.6 992219190.8 992225002.2 992221929.5 992220700.4 2.66912e-06 992218700.0 992225100.0 -5.9 151.2 14339240.0 26.9 992222136.9 9.78610e-06 -1.0 -1.00000e+00 -1.0 -1.00000e+00
999006445.7 6.7 999007200.9 999007628.1 999011917.5 999009572.4 999008634.4 2.44546e-06 999007200.0 999012000.0 -28.4 -63.1 10943620.0 592.7 999007206.1 9.06854e-06 -1.0 -1.00000e+00 -1.0 -1.00000e+00
994881567.9 6.2 994882301.5 994882835.7 994886103.8 994884159.9 994883382.3 3.69263e-06 994882300.0 994886200.0 54.8 -161.3 9071836.0 40.9 994884980.8 8.70338e-06 -1.0 -1.00000e+00 -1.0 -1.00000e+00
992010698.4 6.4 992011545.7 992012005.2 992016630.0 992014087.9 992013071.0 3.73836e-06 992011500.0 992016700.0 2.5 126.5 11863180.0 66.0 992011816.0 7.68146e-06 -1.0 -1.00000e+00 -1.0 -1.00000e+00
999060553.8 6.4 999061388.8 999061850.1 999066375.6 999063880.6 999062882.5 3.48287e-06 999061300.0 999066400.0 -56.6 -26.9 11643700.0 96.3 999063839.0 7.11786e-06 -1.0 -1.00000e+00 -1.0 -1.00000e+00
995234715.6 6.0 995235709.0 995236089.9 995242423.6 995239120.2 995237798.8 1.19115e-06 995235700.0 995242500.0 -10.3 162.1 15415960.0 30.8 995239452.4 6.32039e-06 -1.0 -1.00000e+00 -1.0 -1.00000e+00
996158104.3 6.1 996159285.7 996159497.9 996166391.2 996162839.6 996161419.0 1.40913e-06 996159200.0 996166400.0 -17.1 171.7 16573780.0 22.8 996159293.8 5.71643e-06 -1.0 -1.00000e+00 -1.0 -1.00000e+00
991966865.3 6.0 991968071.1 991968282.8 991976161.6 991972177.5 991970583.8 9.94819e-07 991968000.0 991976200.0 -43.5 172.8 18592470.0 8.7 991973400.5 5.69752e-06 -1.0 -1.00000e+00 -1.0 -1.00000e+00
998892894.9 6.0 998893903.8 998894271.6 998900829.7 998897429.1 998896068.8 1.02708e-06 998893900.0 998900900.0 -12.5 166.7 15869600.0 52.0 998894254.7 5.64260e-06 -1.0 -1.00000e+00 -1.0 -1.00000e+00
997527852.6 6.0 997528723.6 997529174.3 997534039.9 997531388.2 997530327.5 1.57555e-06 997528700.0 997534100.0 -2.3 128.0 12374530.0 38.7 997534088.8 5.48564e-06 -1.0 -1.00000e+00 -1.0 -1.00000e+00
998079156.3 6.1 998079964.0 998080452.2 998084544.4 998082235.2 998081311.5 2.45270e-06 998079900.0 998084600.0 -6.4 104.0 10776330.0 33.4 998083313.1 4.98219e-06 -1.0 -1.00000e+00 -1.0 -1.00000e+00
994811187.4 6.0 994812045.2 994812506.9 994817177.8 994814610.5 994813583.5 1.80336e-06 994812000.0 994817200.0 -33.9 -72.1 11980850.0 20.5 994815265.3 4.95215e-06 -1.0 -1.00000e+00 -1.0 -1.00000e+00
994258964.1 6.0 994260165.0 994260375.1 994268104.8 994264187.4 994262620.4 9.48477e-07 994260100.0 994268200.0 -29.3 -177.0 18281450.0 23.8 994261469.4 4.82645e-06 -1.0 -1.00000e+00 -1.0 -1.00000e+00
992932400.0 6.1 992933401.8 992933774.4 992940242.1 992936881.2 992935536.9 1.35686e-06 992933400.0 992940300.0 -10.9 166.0 15684260.0 49.8 992935581.5 4.77188e-06 -1.0 -1.00000e+00 -1.0 -1.00000e+00
994771577.9 6.1 994772438.5 994772901.3 994777578.8 994775007.0 994773978.2 2.36763e-06 994772400.0 994777600.0 -61.0 -23.7 12002000.0 8.6 994775297.6 4.63373e-06 -1.0 -1.00000e+00 -1.0 -1.00000e+00
992657071.9 6.0 992658079.0 992658454.4 992664928.5 992661561.4 992660214.6 1.22868e-06 992658000.0 992665000.0 -11.5 165.5 15713080.0 18.7 992661961.4 3.65408e-06 -1.0 -1.00000e+00 -1.0 -1.00000e+00
