938281706.5 8.1 938282892.9 938283105.3 938290145.7 938286528.9 938285082.2 6.83580e-05 938282800 938290200 -15.5 -171.9 1.687822e+07 18.5 938290164.0 1.26388e-06 938282929.3 2.48520e-06 -1.0 -1.00000e+00
938989148.9 7.8 938990156.4 938990523.8 938997076.5 938993678.9 938992319.9 4.20546e-05 938990100 938997100 -12.5 166.4 1.585510e+07 59.0 938990102.6 2.14314e-05 -1.0 -1.00000e+00 -1.0 -1.00000e+00
938988209.4 7.6 938989222.4 938989590.9 938996167.6 938992756.9 938991392.7 2.96769e-05 938989200 938996200 -13.0 166.5 1.591640e+07 33.7 938989665.2 2.57032e-05 -1.0 -1.00000e+00 -1.0 -1.00000e+00
938340985.5 7.6 938341755.5 938342256.7 938345996.2 938343848.7 938342989.8 4.71934e-05 938341700 938346000 -0.7 100.0 1.002129e+07 90.2 938345984.6 1.14030e-06 938341767.7 2.56773e-06 -1.0 -1.00000e+00
933969354.8 7.5 933970053.1 933970614.6 933973522.5 933971736.4 933971021.9 5.05164e-05 933970000 933973600 14.1 92.9 8.335374e+06 30.7 933970076.8 1.97046e-06 933970076.1 3.43894e-06 -1.0 -1.00000e+00
938992444.0 7.4 938993457.2 938993825.8 939000403.5 938996992.3 938995627.8 2.05899e-05 938993400 939000500 -13.1 166.5 1.591890e+07 32.9 939000496.1 1.66673e-05 -1.0 -1.00000e+00 -1.0 -1.00000e+00
941798709.8 7.3 941799830.6 941799988.2 941807145.4 941803530.1 941802084.0 8.63379e-06 941799800 941807200 -17.3 178.5 1.687116e+07 591.3 941803458.0 1.15630e-05 -1.0 -1.00000e+00 -1.0 -1.00000e+00
946593404.6 7.1 946594381.7 946594767.9 946600906.5 946597691.4 946596405.3 1.26130e-05 946594300 946601000 -8.9 157.4 1.500382e+07 29.8 946600985.1 6.13503e-05 -1.0 -1.00000e+00 -1.0 -1.00000e+00
933850571.3 7.1 933851315.6 933851795.3 933855561.0 933853422.5 933852567.2 1.37594e-05 933851300 933855600 33.1 138.1 9.979352e+06 302.2 933851950.8 1.48513e-06 933851950.1 2.83138e-06 -1.0 -1.00000e+00
947368405.4 7.0 947369092.4 947369657.5 947372443.5 947370712.9 947370020.7 2.16519e-05 947369000 947372500 18.4 -72.6 8.076248e+06 15.0 947372483.8 4.69328e-05 -1.0 -1.00000e+00 -1.0 -1.00000e+00
935913316.8 7.0 935914136.8 935914613.5 935918894.5 935916504.0 935915547.9 1.40700e-05 935914100 935918900 -7.7 107.4 1.115525e+07 57.8 935914985.8 1.37533e-06 935914985.1 2.80896e-06 -1.0 -1.00000e+00
940430459.8 6.9 940431338.3 940431767.3 940436891.1 940434134.8 940433032.3 8.49026e-06 940431300 940436900 -6.1 130.4 1.286273e+07 140.3 940436654.6 4.38880e-06 -1.0 -1.00000e+00 -1.0 -1.00000e+00
935459494.9 6.9 935460304.1 935460693.5 935465696.2 935463038.5 935461975.4 3.69442e-06 935460300 935465700 -7.2 123.5 1.240260e+07 640.1 935462317.1 1.88084e-06 935462316.4 2.86461e-06 -1.0 -1.00000e+00
933357611.4 6.9 933358395.9 933358903.9 933362667.5 933360500.6 933359633.8 1.41506e-05 933358300 933362700 29.1 -112.9 1.011219e+07 7.8 933369222.6 1.89465e-06 933369221.8 2.81677e-06 -1.0 -1.00000e+00
946728949.4 6.8 946729928.1 946730314.7 946736462.5 946733242.6 946731954.6 7.10674e-06 946729900 946736500 -9.0 157.6 1.502632e+07 24.7 946735819.8 1.42825e-05 -1.0 -1.00000e+00 -1.0 -1.00000e+00
946702553.9 6.8 946703396.5 946703869.3 946708332.0 946705855.7 946704865.1 1.00131e-05 946703300 946708400 -58.5 -14.9 1.155623e+07 10.0 946708390.4 3.31110e-05 -1.0 -1.00000e+00 -1.0 -1.00000e+00
943102050.7 6.8 943103244.1 943103455.7 943110766.3 943107031.1 943105537.0 5.99263e-06 943103200 943110800 -20.7 -174.0 1.743121e+07 18.4 943103202.8 2.69103e-05 -1.0 -1.00000e+00 -1.0 -1.00000e+00
940921434.1 6.8 940922204.2 940922715.5 940926367.6 940924253.3 940923407.5 1.14857e-05 940922200 940926400 29.2 130.0 9.867059e+06 33.9 940924306.8 2.57027e-05 -1.0 -1.00000e+00 -1.0 -1.00000e+00
938991034.4 6.8 938992043.8 938992413.4 938998957.3 938995561.8 938994203.6 6.46289e-06 938992000 938999000 -12.6 166.0 1.584587e+07 40.0 938993776.1 9.78421e-06 -1.0 -1.00000e+00 -1.0 -1.00000e+00
938986889.6 6.8 938987665.1 938988081.3 938992610.0 938990158.4 938989177.7 3.26385e-06 938987600 938992700 4.1 122.5 1.144092e+07 586.8 938987602.6 2.95759e-05 -1.0 -1.00000e+00 -1.0 -1.00000e+00
934502764.0 6.7 934503538.5 934504049.6 934507729.1 934505601.2 934504750.0 9.64648e-06 934503500 934507800 23.5 123.6 9.930353e+06 21.8 934505600.1 1.90070e-06 934505599.4 2.90118e-06 -1.0 -1.00000e+00
934443520.2 6.7 934444296.8 934444802.9 934448539.5 934446388.4 934445527.9 9.14846e-06 934444200 934448600 -1.5 99.5 1.003846e+07 40.1 934447867.4 8.71763e-08 934444349.6 1.60727e-07 -1.0 -1.00000e+00
946590500.0 6.6 946591478.9 946591866.6 946598002.5 946594787.1 946593501.0 4.84710e-06 946591400 946598100 -8.8 157.5 1.500515e+07 17.8 946598060.4 3.25065e-05 -1.0 -1.00000e+00 -1.0 -1.00000e+00
942507061.8 6.6 942507787.3 942508334.4 942511464.2 942509577.5 942508822.8 9.46129e-06 942507700 942511500 52.0 -131.6 8.804700e+06 8.7 942511498.0 3.58371e-05 -1.0 -1.00000e+00 -1.0 -1.00000e+00
941744520.9 6.6 941745381.8 941745839.4 941750572.5 941747978.9 941746941.5 6.10860e-06 941745300 941750600 -8.3 118.7 1.210323e+07 32.1 941745923.8 6.51614e-06 -1.0 -1.00000e+00 -1.0 -1.00000e+00
938689096.0 6.6 938689861.8 938690276.7 938694748.8 938692326.2 938691357.1 1.49454e-06 938689800 938694800 6.7 123.5 1.130573e+07 635.0 938694375.1 6.94557e-08 938690442.3 1.83367e-07 -1.0 -1.00000e+00
938397164.7 6.6 938397954.3 938398456.0 938402308.9 938400104.3 938399222.4 7.62922e-06 938397900 938402400 -2.5 101.6 1.028845e+07 21.4 938398086.8 7.40043e-08 938398224.3 4.89039e-08 -1.0 -1.00000e+00
935679108.9 6.6 935680295.5 935680508.4 935687529.9 935683920.9 935682477.3 4.21879e-06 935680200 935687600 -15.2 -172.5 1.684200e+07 14.3 935680367.3 1.09744e-07 935680338.3 1.23955e-07 -1.0 -1.00000e+00
934152547.1 6.6 934153325.1 934153826.4 934157614.5 934155442.8 934154574.1 7.02864e-06 934153300 934157700 32.8 140.4 1.013488e+07 61.8 934155128.5 8.45546e-08 934153980.2 8.23078e-08 -1.0 -1.00000e+00
947118476.9 6.5 947119239.1 947119758.3 947123296.3 947121230.8 947120404.6 6.79313e-06 947119200 947123300 40.7 -124.5 9.638921e+06 20.6 947123103.8 9.36980e-06 -1.0 -1.00000e+00 -1.0 -1.00000e+00
942116773.3 6.5 942117580.8 942118068.7 942122162.6 942119852.9 942118929.0 5.68615e-06 942117500 942122200 -19.5 -70.4 1.077866e+07 36.0 942121690.0 4.20679e-06 -1.0 -1.00000e+00 -1.0 -1.00000e+00
933912406.2 6.5 933913412.2 933913783.9 933920287.8 933916910.0 933915558.8 3.48225e-06 933913400 933920300 -11.6 166.2 1.576314e+07 40.3 933914387.7 6.83159e-08 933913830.1 4.65385e-08 -1.0 -1.00000e+00
945262951.4 6.4 945263715.7 945264227.7 945267840.1 945265744.9 945264906.9 4.99327e-06 945263700 945267900 23.8 121.7 9.777527e+06 50.1 945267890.4 3.99484e-05 -1.0 -1.00000e+00 -1.0 -1.00000e+00
944409658.2 6.4 944410211.2 944410518.8 944412575.7 944411325.4 944410825.2 1.04095e-05 944410200 944412600 -0.7 -21.1 5.834995e+06 10.0 944410202.6 1.42081e-05 -1.0 -1.00000e+00 -1.0 -1.00000e+00
944387183.5 6.4 944388362.9 944388568.1 944395698.6 944392049.3 944390589.5 2.18511e-06 944388300 944395700 -22.2 170.9 1.703033e+07 86.6 944390196.3 1.24673e-04 -1.0 -1.00000e+00 -1.0 -1.00000e+00
939500527.9 6.4 939501278.1 939501806.8 939505201.0 939503198.2 939502397.1 5.90081e-06 939501200 939505300 52.5 -167.2 9.346164e+06 14.1 939504263.3 4.72586e-05 -1.0 -1.00000e+00 -1.0 -1.00000e+00
939447457.4 6.4 939448206.2 939448735.2 939452120.3 939450121.9 939449322.6 5.86876e-06 939448200 939452200 52.7 -167.0 9.325870e+06 16.7 939452173.0 6.44048e-05 -1.0 -1.00000e+00 -1.0 -1.00000e+00
937811798.0 6.4 937812600.6 937813092.5 937817116.8 937814837.3 937813925.5 4.78909e-06 937812600 937817200 18.8 -107.2 1.063774e+07 30.2 937817191.1 8.76991e-08 937814980.9 4.53462e-08 -1.0 -1.00000e+00
936821201.3 6.4 936821897.5 936822463.1 936825333.9 936823562.8 936822854.3 6.72541e-06 936821800 936825400 10.7 -67.9 8.265208e+06 19.6 936821963.1 8.72033e-08 936821962.5 7.62684e-08 -1.0 -1.00000e+00
945649428.9 6.3 945650120.2 945650618.5 945653925.7 945651998.5 945651227.6 1.33766e-06 945650100 945654000 42.2 134.8 8.993465e+06 395.7 945650149.7 6.99766e-06 -1.0 -1.00000e+00 -1.0 -1.00000e+00
944447467.1 6.3 944448120.1 944448603.6 944451801.1 944449943.7 944449200.7 5.69358e-07 944448100 944451900 53.4 152.8 8.667977e+06 653.2 944451612.9 3.82983e-06 -1.0 -1.00000e+00 -1.0 -1.00000e+00
942911316.1 6.3 942912445.3 942912608.3 942919828.6 942916180.4 942914721.1 3.68197e-07 942912400 942919900 -17.8 -178.4 1.702499e+07 526.8 942917494.3 2.85050e-06 -1.0 -1.00000e+00 -1.0 -1.00000e+00
935459541.5 6.3 935460162.7 935460488.7 935462998.7 935461517.0 935460924.4 7.00916e-06 935460100 935463000 37.7 95.8 6.914433e+06 12.1 935462317.1 1.86523e-06 935462316.4 2.86461e-06 -1.0 -1.00000e+00
934665663.5 6.3 934666829.9 934667015.1 934674610.0 934670775.8 934669242.1 8.22531e-07 934666800 934674700 -26.0 -178.3 1.789304e+07 276.6 934666802.6 5.03883e-07 934666802.0 1.33636e-07 -1.0 -1.00000e+00
931543517.6 6.3 931544286.0 931544800.4 931548414.1 931546315.6 931545476.2 4.40341e-06 931544200 931548500 24.1 122.2 9.792881e+06 24.4 931544346.7 8.60317e-08 931544415.9 5.46659e-08 -1.0 -1.00000e+00
947764816.6 6.2 947765727.5 947766161.4 947771450.9 947768607.6 947767470.3 2.54312e-06 947765700 947771500 -57.7 -66.0 1.326870e+07 10.0 947771457.0 6.87593e-06 -1.0 -1.00000e+00 -1.0 -1.00000e+00
947051508.5 6.2 947052486.9 947052872.5 947059031.2 947055807.1 947054517.5 1.96558e-06 947052400 947059100 -9.1 157.8 1.504543e+07 31.7 947059095.9 4.27575e-05 -1.0 -1.00000e+00 -1.0 -1.00000e+00
942965262.7 6.2 942966415.4 942966585.0 942974443.3 942970508.8 942968935.0 3.04351e-07 942966400 942974500 -31.6 179.6 1.836110e+07 434.9 942969473.5 5.82544e-06 -1.0 -1.00000e+00 -1.0 -1.00000e+00
942263084.4 6.2 942263870.5 942264339.9 942268465.6 942266159.4 942265236.9 1.50605e-06 942263800 942268500 -23.0 -66.6 1.076253e+07 214.3 942265416.9 3.26317e-06 -1.0 -1.00000e+00 -1.0 -1.00000e+00
940873487.1 6.2 940873967.5 940874273.2 940876034.4 940874942.7 940874506.0 3.74732e-06 940873900 940876100 36.4 70.8 5.094583e+06 213.9 940874021.2 6.27678e-06 -1.0 -1.00000e+00 -1.0 -1.00000e+00
939578438.0 6.2 939579624.1 939579837.4 939586830.1 939583233.5 939581794.8 1.81667e-06 939579600 939586900 -14.9 -174.8 1.678430e+07 12.3 939586851.0 9.29682e-06 -1.0 -1.00000e+00 -1.0 -1.00000e+00
939375457.6 6.2 939376465.9 939376833.2 939383391.7 939379991.4 939378631.3 1.65244e-06 939376400 939383400 -12.5 166.6 1.586824e+07 56.9 939382485.8 7.53221e-05 -1.0 -1.00000e+00 -1.0 -1.00000e+00
939352562.8 6.2 939353288.6 939353834.2 939356978.5 939355086.1 939354329.1 4.24149e-06 939353200 939357000 -17.2 66.7 8.831426e+06 14.1 939356982.2 3.86819e-06 -1.0 -1.00000e+00 -1.0 -1.00000e+00
937264914.0 6.2 937265884.4 937266275.6 937272293.2 937269130.6 937267865.6 2.19816e-06 937265800 937272300 -29.2 -112.3 1.475839e+07 10.0 937265833.6 5.32255e-06 937270792.4 1.70081e-06 -1.0 -1.00000e+00
936375158.6 6.2 936375999.3 936376468.5 936380957.1 936378472.0 936377478.0 2.79035e-06 936375900 936381000 -10.1 110.7 1.159710e+07 32.1 936375963.7 8.37195e-08 936376355.5 8.20400e-08 -1.0 -1.00000e+00
936019593.2 6.2 936020341.0 936020842.5 936024446.2 936022366.3 936021534.4 2.06747e-06 936020300 936024500 31.2 130.2 9.705824e+06 167.2 936020636.1 1.04040e-07 936023547.1 7.95044e-08 -1.0 -1.00000e+00
933360064.9 6.2 933360849.7 933361357.1 933365129.5 933362959.0 933362090.7 3.62540e-06 933360800 933365200 29.4 -113.8 1.012918e+07 10.0 933369222.6 1.89465e-06 933369221.8 2.81677e-06 -1.0 -1.00000e+00
945853060.1 6.1 945853947.9 945854384.5 945859498.2 945856739.0 945855635.3 1.67894e-06 945853900 945859500 -5.4 131.3 1.287636e+07 64.9 945859384.7 8.03387e-06 -1.0 -1.00000e+00 -1.0 -1.00000e+00
943467039.4 6.1 943467877.0 943468341.9 943472851.8 943470360.8 943469364.3 1.91395e-06 943467800 943472900 5.4 126.4 1.162496e+07 66.8 943469624.7 4.65475e-06 -1.0 -1.00000e+00 -1.0 -1.00000e+00
941194049.0 6.1 941195247.0 941195458.8 941202941.1 941199130.2 941197605.8 1.31883e-06 941195200 941203000 -24.1 -175.1 1.778414e+07 13.9 941196593.1 7.39333e-06 -1.0 -1.00000e+00 -1.0 -1.00000e+00
940276302.6 6.1 940276786.3 940277094.7 940278855.9 940277761.6 940277323.9 3.12658e-06 940276700 940278900 36.5 71.0 5.106542e+06 188.6 940276877.6 2.68398e-05 -1.0 -1.00000e+00 -1.0 -1.00000e+00
939721987.6 6.1 939722797.3 939723280.6 939727431.6 939725098.5 939724165.2 2.20410e-06 939722700 939727500 -6.5 105.2 1.088799e+07 54.6 939724734.1 6.36418e-06 -1.0 -1.00000e+00 -1.0 -1.00000e+00
939031881.2 6.1 939032886.1 939033259.1 939039743.1 939036373.7 939035026.0 1.43019e-06 939032800 939039800 -11.3 165.9 1.572371e+07 37.0 939032802.6 5.59663e-04 -1.0 -1.00000e+00 -1.0 -1.00000e+00
938480875.9 6.1 938482064.1 938482276.9 938489355.8 938485721.6 938484267.9 1.41492e-06 938482000 938489400 -16.4 -173.4 1.695972e+07 14.1 938489394.8 1.14697e-06 938484702.2 1.91795e-06 -1.0 -1.00000e+00
937558401.2 6.1 937559043.0 937559567.5 937562037.4 937560479.0 937559855.7 4.36798e-06 937559000 937562100 27.4 91.5 7.272347e+06 16.1 937562090.8 7.89395e-06 937559766.7 2.64456e-06 -1.0 -1.00000e+00
935949625.2 6.1 935950796.1 935950982.4 935958728.9 935954827.3 935953266.7 4.26787e-07 935950700 935958800 -29.2 -178.8 1.820730e+07 262.4 935951386.0 6.03568e-08 935950907.1 4.46769e-08 -1.0 -1.00000e+00
934539071.6 6.1 934539847.1 934540358.4 934544040.1 934541910.7 934541059.0 2.92189e-06 934539800 934544100 23.4 123.6 9.936950e+06 17.8 934541827.5 2.18644e-07 934539803.4 5.01980e-08 -1.0 -1.00000e+00
933970042.1 6.1 933970812.7 933971325.2 933974968.9 933972857.4 933972012.8 2.83944e-06 933970800 933975000 34.8 138.5 9.853663e+06 26.8 933974997.6 1.10824e-06 933970860.0 1.05345e-07 -1.0 -1.00000e+00
933496316.9 6.1 933497517.9 933497729.3 933505369.1 933501489.6 933499937.8 1.28139e-06 933497500 933505400 -45.5 166.4 1.810440e+07 14.3 933505375.0 3.39133e-07 933498018.5 5.33938e-08 -1.0 -1.00000e+00
933466694.6 6.1 933467469.5 933467978.3 933471679.7 933469543.2 933468688.6 2.74396e-06 933467400 933471700 24.3 125.2 9.970225e+06 31.1 933467412.1 1.51512e-07 933468142.0 5.55188e-08 -1.0 -1.00000e+00
933238490.9 6.1 933239370.6 933239816.4 933244788.3 933242089.4 933241009.8 1.94300e-06 933239300 933244800 -0.5 133.0 1.259475e+07 38.6 933244569.1 7.29732e-08 933242460.0 4.29646e-08 -1.0 -1.00000e+00
931723858.8 6.1 931724799.8 931725213.8 931730894.3 931727879.1 931726673.0 1.79212e-06 931724700 931730900 -3.3 150.6 1.407100e+07 21.9 931724717.2 1.51552e-07 931724702.0 4.30976e-08 -1.0 -1.00000e+00
931414382.4 6.1 931415157.4 931415636.3 931419606.1 931417367.4 931416471.9 1.23529e-06 931415100 931419700 -15.0 -70.5 1.044754e+07 198.7 931419039.8 4.51569e-06 -1.0 -1.00000e+00 -1.0 -1.00000e+00
947368855.7 6.0 947369545.2 947370112.4 947372903.7 947371168.8 947370474.9 3.26555e-06 947369500 947373000 18.3 -72.8 8.095939e+06 6.0 947372993.9 4.48693e-05 -1.0 -1.00000e+00 -1.0 -1.00000e+00
946732318.0 6.0 946733296.4 946733681.7 946739841.5 946736617.2 946735327.4 1.22045e-06 946733200 946739900 -9.0 158.0 1.504692e+07 33.2 946735819.8 1.97204e-05 -1.0 -1.00000e+00 -1.0 -1.00000e+00
946457150.4 6.0 946458012.5 946458471.1 946463200.8 946460607.8 946459570.6 1.74801e-06 946458000 946463300 12.4 142.1 1.210075e+07 24.0 946458411.7 5.97430e-06 -1.0 -1.00000e+00 -1.0 -1.00000e+00
946286619.8 6.0 946287818.8 946288031.1 946295531.3 946291712.1 946290184.4 1.05676e-06 946287800 946295600 -59.6 -150.8 1.782300e+07 10.0 946287875.0 4.41086e-06 -1.0 -1.00000e+00 -1.0 -1.00000e+00
945299972.2 6.0 945300560.8 945300853.5 945303168.9 945301798.9 945301250.8 4.21864e-06 945300500 945303200 -10.0 33.8 6.393419e+06 14.0 945302859.1 3.64940e-06 -1.0 -1.00000e+00 -1.0 -1.00000e+00
943855968.0 6.0 943857149.7 943857363.6 943864189.2 943860665.8 943859256.5 1.19724e-06 943857100 943864200 -56.3 -122.4 1.644245e+07 10.0 943863792.7 1.04498e-05 -1.0 -1.00000e+00 -1.0 -1.00000e+00
943423480.3 6.0 943424347.2 943424800.2 943429617.4 943426987.2 943425935.1 1.59369e-06 943424300 943429700 -10.4 118.8 1.227411e+07 38.7 943424381.8 4.13160e-06 -1.0 -1.00000e+00 -1.0 -1.00000e+00
941856541.4 6.0 941857260.0 941857808.6 941860897.0 941859030.4 941858283.7 2.73676e-06 941857200 941860900 8.0 92.0 8.711224e+06 22.7 941860781.5 1.98655e-06 -1.0 -1.00000e+00 -1.0 -1.00000e+00
941449416.5 6.0 941450612.5 941450824.4 941458221.6 941454448.0 941452938.5 1.05214e-06 941450600 941458300 -52.4 160.7 1.761025e+07 14.7 941458265.7 8.15501e-06 -1.0 -1.00000e+00 -1.0 -1.00000e+00
940637102.8 6.0 940638016.9 940638447.6 940643789.1 940640923.5 940639777.3 1.57911e-06 940638000 940643800 -60.0 -65.1 1.337260e+07 15.9 940638002.9 4.98850e-06 -1.0 -1.00000e+00 -1.0 -1.00000e+00
939265952.4 6.0 939267137.6 939267348.0 939274441.5 939270803.3 939269348.1 1.00997e-06 939267100 939274500 -22.1 170.2 1.697825e+07 34.5 939267106.5 1.36335e-05 -1.0 -1.00000e+00 -1.0 -1.00000e+00
939071787.3 6.0 939072801.8 939073172.8 939079734.7 939076328.7 939074966.3 1.21350e-06 939072800 939079800 -12.9 166.3 1.589480e+07 17.7 939079780.6 8.42464e-06 -1.0 -1.00000e+00 -1.0 -1.00000e+00
938533647.5 6.0 938534829.3 938535040.3 938542001.2 938538421.0 938536989.0 1.04709e-06 938534800 938542100 -17.1 174.6 1.670757e+07 32.2 938542078.0 5.77441e-07 938535373.8 3.22317e-08 -1.0 -1.00000e+00
938303119.4 6.0 938304306.9 938304519.7 938311576.1 938307951.8 938306502.0 1.12128e-06 938304300 938311600 -15.9 -172.5 1.691345e+07 14.5 938304302.6 7.10631e-07 938304302.0 2.00647e-07 -1.0 -1.00000e+00
938282183.9 6.0 938283368.3 938283579.4 938290609.6 938286998.6 938285554.2 1.04982e-06 938283300 938290700 -15.4 -173.2 1.685143e+07 29.0 938290688.1 1.26141e-06 938283322.7 2.04297e-07 -1.0 -1.00000e+00
937709986.9 6.0 937711181.8 937711393.4 937718761.7 937715001.1 937713496.8 1.04433e-06 937711100 937718800 -53.1 160.0 1.754963e+07 17.3 937718796.3 1.45954e-07 937716305.8 3.96992e-08 -1.0 -1.00000e+00
936586027.8 6.0 936586766.7 936587294.0 936590642.2 936588664.6 936587873.6 2.12521e-06 936586700 936590700 48.3 154.4 9.228761e+06 58.7 936589706.1 6.87381e-08 936586797.2 4.41617e-08 -1.0 -1.00000e+00
936398512.2 6.0 936398826.1 936399083.6 936399845.5 936399274.1 936399045.5 1.16311e-05 936398800 936399900 42.6 43.5 2.666761e+06 14.6 936398842.5 1.65452e-07 936398844.7 3.67880e-07 -1.0 -1.00000e+00
934785320.2 6.0 934785680.1 934785972.2 934786931.9 934786241.2 934785964.9 9.63898e-06 934785600 934787000 72.2 1.0 3.223402e+06 9.5 934786386.2 1.75014e-06 934786385.5 2.55308e-06 -1.0 -1.00000e+00
933168825.8 6.0 933170009.0 933170222.8 933177098.5 933173553.1 933172134.9 1.18588e-06 933170000 933177100 -56.3 -124.1 1.654537e+07 10.0 933170002.5 4.27247e-07 933170002.0 1.21016e-07 -1.0 -1.00000e+00
931029120.5 6.0 931029627.4 931029954.2 931031708.6 931030599.4 931030155.7 5.41292e-06 931029600 931031800 75.3 -72.7 5.176315e+06 15.2 931033092.4 6.98710e-05 -1.0 -1.00000e+00 -1.0 -1.00000e+00
