1126479289.9 8.3 1126480063.4 3.39237e-04 0
1132440670.8 7.6 1132441289.3 4.66701e-05 0
1132440355.1 7.6 1132440977.3 4.66654e-05 0
1132440355.8 7.6 1132440977.4 4.66654e-05 0
1129885799.6 7.5 1129886582.9 4.32498e-05 0
1133509823.6 7.2 1133510622.0 1.05458e-04 0
1133509824.5 7.2 1133510622.0 1.05458e-04 0
1133509823.0 7.2 1133510622.2 1.05458e-04 0
1133303117.1 7.1 1133304315.2 1.21744e-05 2
1129413139.6 7.1 1129413901.6 1.07646e-05 0
1131906681.6 7.0 1131907465.5 3.80427e-05 0
1126480738.8 7.0 1126481512.0 3.39236e-04 0
1133691727.4 6.9 1133692581.2 1.33446e-05 2
1131245196.9 6.9 1131245963.0 9.88441e-06 0
1131242095.5 6.9 1131242861.6 2.47891e-05 0
1131242095.6 6.9 1131242861.7 2.47891e-05 0
1133691725.5 6.9 1133692581.1 1.33446e-05 2
1130916720.8 6.8 1130917488.9 1.37799e-05 0
1132551935.3 6.7 1132552549.8 4.54210e-06 2
1131483108.0 6.7 1131483843.0 2.69685e-05 0
1126498244.8 6.7 1126499017.8 1.38320e-05 0
1126167265.6 6.7 1126167571.6 1.12920e-04 0
1135897539.1 6.7 1135898369.8 4.34693e-06 2
1136777150.6 6.7 1136777788.7 8.98546e-06 0
1136777150.0 6.7 1136777788.1 8.98546e-06 0
1131036439.2 6.6 1131037346.8 3.71276e-06 0
1127145224.7 6.6 1127146064.2 3.65997e-06 0
1126892417.1 6.6 1126893190.0 1.06368e-05 2
1134417010.2 6.6 1134417436.2 1.24845e-05 0
1131779424.3 6.5 1131780193.4 1.14331e-05 2
1131120243.1 6.5 1131120651.7 1.31001e-05 2
1130643872.2 6.5 1130644755.6 3.37332e-06 2
1126497323.9 6.5 1126498094.4 1.38257e-05 0
1126497313.3 6.5 1126498085.1 1.38257e-05 0
1126497332.4 6.5 1126498104.7 1.38185e-05 0
1136565504.1 6.5 1136566341.0 9.19379e-06 2
1136565502.9 6.5 1136566341.0 9.19379e-06 2
1136565502.0 6.5 1136566340.1 9.19379e-06 2
1126489282.9 6.4 1126490051.9 8.29064e-06 0
1126479572.0 6.4 1126480345.0 3.39251e-04 0
1127271095.8 6.3 1127271863.9 3.31497e-06 2
1126424475.7 6.3 1126425317.6 2.00869e-06 0
1135648856.9 6.3 1135649815.2 3.55912e-06 2
1135106104.2 6.3 1135106890.1 2.22603e-06 2
1132693240.0 6.2 1132693986.0 1.32316e-06 0
1130915088.4 6.2 1130915853.6 1.37758e-05 2
1129599623.3 6.2 1129600800.3 1.47616e-06 0
1126702357.9 6.2 1126703134.4 2.73958e-06 0
1126602661.7 6.2 1126603439.7 2.21354e-06 2
1136567301.0 6.2 1136567913.6 9.19560e-06 0
1135021460.1 6.2 1135022294.3 6.73303e-06 1
1128560324.2 6.1 1128561157.0 3.50021e-06 0
1126849191.9 6.1 1126849964.2 2.08085e-06 1
1126480586.4 6.1 1126481357.8 3.39215e-04 0
1126479853.6 6.1 1126480628.2 3.39227e-04 0
1126447419.1 6.1 1126448216.2 3.87107e-06 0
1134672472.5 6.1 1134673338.3 3.14980e-06 2
1133701098.8 6.1 1133701859.6 3.70547e-06 0
1136777145.3 6.1 1136777831.9 8.98750e-06 0
1134672473.6 6.1 1134673338.2 3.14980e-06 2
1132406512.8 6.0 1132407181.9 1.97136e-06 1
1129608275.1 6.0 1129609478.0 1.62500e-06 1
1129220332.5 6.0 1129221056.5 4.71783e-06 1
1128836605.3 6.0 1128837167.4 2.34221e-06 2
1126941197.5 6.0 1126941966.9 1.31815e-06 1
1126627199.6 6.0 1126627858.0 2.73132e-06 1
1134526270.3 6.0 1134527054.2 2.18953e-06 1
1136021671.0 6.0 1136022503.2 2.06843e-06 1
1136627128.6 5.9 1136628331.9 2.65845e-06 1
1136066407.2 5.9 1136067111.8 2.54954e-06 0
1131727770.7 5.9 1131728339.7 1.87384e-06 2
1129885789.0 5.9 1129886575.2 4.32498e-05 0
1128098023.8 5.9 1128098790.8 1.43524e-06 1
1127888832.8 5.9 1127889599.3 1.46624e-06 0
1136699779.2 5.9 1136700474.5 2.34276e-06 0
1136627128.4 5.9 1136628331.8 2.65845e-06 1
1126481898.7 5.9 1126482674.0 3.39301e-04 0
1126125164.0 5.9 1126125966.6 2.62502e-06 0
1135995689.6 5.8 1135996414.4 1.70991e-06 0
1135389118.9 5.8 1135389903.0 2.32535e-06 1
1135101502.0 5.8 1135102290.7 2.26664e-06 1
1135033875.2 5.8 1135034730.5 2.26401e-06 1
1134924926.9 5.8 1134925934.4 5.43719e-06 1
1134588322.5 5.8 1134589089.6 2.34620e-06 1
1133024922.1 5.8 1133025650.6 1.60361e-06 0
1132858386.5 5.8 1132859145.7 1.48712e-06 0
1132032729.5 5.8 1132033437.8 1.81867e-06 1
1131669590.5 5.8 1131670064.9 2.47894e-06 0
1131320196.2 5.8 1131321051.0 1.64136e-06 1
1130487350.5 5.8 1130487761.0 3.20651e-06 0
1130426194.5 5.8 1130426930.3 2.35939e-06 0
1130100417.3 5.8 1130101167.8 1.61690e-06 0
1129820354.7 5.8 1129821144.3 1.58897e-06 0
1127887439.1 5.8 1127888233.6 1.46184e-06 0
1127145433.2 5.8 1127146212.8 3.66092e-06 0
1137176675.4 5.8 1137177451.7 2.97375e-06 0
1136804675.0 5.8 1136805408.6 2.52227e-06 0
1135995688.3 5.8 1135996414.3 1.70991e-06 0
1135594635.1 5.8 1135595129.5 2.73896e-06 1
1134924926.5 5.8 1134925933.8 5.43719e-06 1
1134588322.6 5.8 1134589089.6 2.34620e-06 1
1126488799.6 5.8 1126489575.3 8.30025e-06 0
1136664316.7 5.7 1136665098.6 1.90866e-06 0
1135594637.5 5.7 1135595129.5 2.73896e-06 1
1134747861.8 5.7 1134748632.8 2.33054e-06 1
1133784331.7 5.7 1133785294.3 3.58567e-06 1
1133564032.1 5.7 1133564480.9 2.16326e-06 0
1132513078.6 5.7 1132513923.5 1.47147e-06 1
1131564038.4 5.7 1131564772.0 2.76978e-06 0
1131017611.6 5.7 1131018019.2 3.08397e-06 0
1131010514.3 5.7 1131011428.8 3.16567e-06 1
1131005634.4 5.7 1131006335.6 3.04852e-06 1
1130928841.2 5.7 1130929609.2 1.42407e-06 0
1127664429.3 5.7 1127665366.6 1.41406e-06 1
1127137755.5 5.7 1127137873.7 4.57860e-05 0
1136664316.0 5.7 1136665097.9 1.90866e-06 0
1126497747.0 5.7 1126498519.7 1.38289e-05 0
1126481022.7 5.7 1126481793.0 3.39285e-04 0
1126480183.2 5.7 1126480954.9 3.39297e-04 0
1136463139.4 5.6 1136463994.9 2.13595e-06 1
1136250738.0 5.6 1136251506.6 2.81346e-06 0
1134092775.8 5.6 1134093633.0 2.86448e-06 0
1133614584.4 5.6 1133615354.4 1.82580e-06 1
1133456986.3 5.6 1133457677.5 4.25727e-06 1
1132346498.5 5.6 1132346900.7 4.57608e-06 1
1131816593.3 5.6 1131817383.1 2.73372e-06 0
1131429874.2 5.6 1131430655.9 3.56871e-06 0
1131258410.7 5.6 1131258992.4 1.90950e-06 1
1131045304.4 5.6 1131046211.8 2.48487e-06 0
1131014794.5 5.6 1131015202.3 2.75000e-06 1
1129595276.6 5.6 1129596116.6 1.52458e-06 0
1129408409.1 5.6 1129409291.8 8.38080e-06 0
1128672318.6 5.6 1128673159.4 2.35089e-06 1
1128654936.2 5.6 1128655708.1 1.57205e-06 1
1126703354.8 5.6 1126704125.1 2.73724e-06 0
1137204824.2 5.6 1137205608.6 2.19201e-06 0
1137021766.0 5.6 1137022630.5 3.74329e-06 0
1136812506.2 5.6 1136813322.8 1.68576e-06 0
1136804675.8 5.6 1136805409.3 2.52227e-06 0
1126480163.8 5.6 1126480933.8 3.39297e-04 0
1126166270.5 5.6 1126166577.8 1.83445e-05 0
1134572633.0 5.5 1134573566.2 2.59140e-06 1
1133998391.9 5.5 1133999177.6 3.01502e-06 1
1133741389.8 5.5 1133742179.5 2.71494e-06 1
1133512273.7 5.5 1133513056.0 1.05449e-04 0
1133509888.4 5.5 1133510658.6 1.05461e-04 0
1132949962.3 5.5 1132950972.4 1.70778e-06 1
1132858598.6 5.5 1132859357.9 1.48771e-06 0
1132433119.3 5.5 1132433936.3 2.45037e-06 0
1131091986.6 5.5 1131092891.9 2.24464e-06 1
1131014538.6 5.5 1131015446.7 3.08056e-06 2
1130960430.5 5.5 1130961240.5 2.28377e-06 1
1130447397.8 5.5 1130448184.9 2.86123e-06 0
1128502582.4 5.5 1128503554.4 2.01030e-06 1
1128450473.7 5.5 1128451245.9 1.33204e-06 1
1126895830.5 5.5 1126896601.0 1.55078e-06 0
1136808946.5 5.5 1136809864.2 1.69193e-06 0
1131091983.0 5.5 1131092892.1 2.24464e-06 1
1126503897.0 5.5 1126504672.5 2.33570e-06 0
1126499216.0 5.5 1126499989.0 1.38306e-05 0
1126493986.1 5.5 1126494755.6 2.58847e-06 0
1126481320.1 5.5 1126482090.2 3.38972e-04 0
1136383974.1 5.4 1136384716.0 1.35225e-06 1
1136326909.4 5.4 1136327809.0 1.44032e-06 0
1136021672.2 5.4 1136022504.5 2.06843e-06 1
1135632595.9 5.4 1135633387.0 1.42315e-06 1
1135140212.2 5.4 1135141413.3 1.56599e-06 1
1134512233.5 5.4 1134513066.6 2.03283e-06 0
1134474425.3 5.4 1134475252.3 1.87023e-06 1
1134423116.6 5.4 1134423675.0 1.66503e-06 0
1134024146.1 5.4 1134025002.7 3.89812e-06 0
1133708235.0 5.4 1133709092.3 3.45938e-06 0
1133705658.4 5.4 1133706515.4 3.13812e-06 0
1133517915.3 5.4 1133518712.6 5.77438e-06 0
1133488045.5 5.4 1133488834.1 3.91853e-06 0
1133466712.5 5.4 1133467480.8 3.32382e-06 2
1133238367.8 5.4 1133239085.1 2.91989e-06 0
1133134046.9 5.4 1133134837.9 1.56424e-06 1
1132521455.5 5.4 1132522285.1 1.37211e-06 1
1132368395.3 5.4 1132369162.1 1.36588e-06 2
1131452514.0 5.4 1131453241.5 4.11206e-06 0
1130384944.5 5.4 1130385586.9 1.85694e-06 0
1129979115.4 5.4 1129980299.7 1.34718e-06 1
1127669171.2 5.4 1127669555.8 1.41677e-06 1
1127272864.6 5.4 1127273657.5 3.12299e-06 0
1137122455.8 5.4 1137122920.8 4.85601e-06 0
1136326908.4 5.4 1136327809.6 1.44032e-06 0
1126498728.9 5.4 1126499498.5 1.38229e-05 0
1136586013.3 5.3 1136586728.4 3.19342e-06 1
1136325311.4 5.3 1136325673.8 1.69631e-06 0
1136121552.6 5.3 1136121984.1 3.11116e-06 1
1136091553.4 5.3 1136092385.9 2.60214e-06 0
1135264806.1 5.3 1135265535.4 1.64165e-06 1
1134391460.2 5.3 1134392259.8 2.01858e-06 1
1134333534.1 5.3 1134334273.8 1.70352e-06 1
1134006754.7 5.3 1134007334.3 3.42318e-06 1
1134006442.4 5.3 1134007280.8 3.42816e-06 1
1133733179.2 5.3 1133734385.9 3.54795e-06 0
1133703193.1 5.3 1133703882.9 2.96414e-06 0
1133699968.2 5.3 1133700822.6 3.70188e-06 0
1133510367.0 5.3 1133511164.4 1.05461e-04 0
1133409805.2 5.3 1133410594.3 3.83892e-06 0
1133316617.7 5.3 1133317376.6 2.54185e-06 0
1133191765.5 5.3 1133192549.5 3.03679e-06 1
1133086126.0 5.3 1133086906.8 1.52246e-06 1
1132929941.3 5.3 1132930676.9 1.53574e-06 1
1131555228.3 5.3 1131556136.3 3.10550e-06 0
1131513952.5 5.3 1131514690.8 3.70440e-06 0
1131212920.1 5.3 1131213651.0 3.47829e-04 0
1131084752.7 5.3 1131085659.1 2.25431e-06 1
1131079604.7 5.3 1131080341.9 2.05784e-06 1
1130914727.3 5.3 1130915304.7 7.06087e-06 1
1130644279.6 5.3 1130645164.3 3.37327e-06 2
1130488292.3 5.3 1130488702.9 2.22616e-06 0
1130391748.5 5.3 1130392581.7 1.60886e-06 0
1130122185.0 5.3 1130122627.3 1.43861e-06 1
1129571279.1 5.3 1129572006.0 1.53705e-06 1
1137257680.8 5.3 1137258474.6 2.43033e-06 0
1137204142.4 5.3 1137205063.6 3.00737e-06 0
1136325308.3 5.3 1136325673.6 1.69631e-06 0
1136121552.5 5.3 1136121983.9 3.11116e-06 1
1134944915.5 5.3 1134945646.2 5.21225e-06 0
1131084751.0 5.3 1131085659.2 2.25431e-06 1
1126482108.5 5.3 1126482877.8 2.00179e-04 0
1126481806.6 5.3 1126482581.7 3.39285e-04 0
1126481526.8 5.3 1126482291.8 3.39590e-04 0
1126165253.6 5.3 1126165559.5 2.04057e-06 0
1136590790.6 5.2 1136591633.1 2.64808e-06 1
1136233436.8 5.2 1136233993.1 2.75632e-06 0
1136061393.7 5.2 1136062211.5 3.02045e-06 0
1136006927.2 5.2 1136007772.4 1.74628e-06 1
1135953390.9 5.2 1135954191.9 1.69813e-06 1
1135355182.0 5.2 1135356035.9 1.65826e-06 1
1135348784.8 5.2 1135349574.4 1.58601e-06 1
1134944917.0 5.2 1134945646.3 5.21225e-06 0
1134824727.8 5.2 1134825510.3 2.33498e-06 1
1134638948.5 5.2 1134639751.0 2.10083e-06 1
1134631768.0 5.2 1134632549.9 2.61380e-06 1
1134221393.0 5.2 1134222170.3 1.71174e-06 2
1134162738.8 5.2 1134163114.5 1.54991e-06 1
1134092057.6 5.2 1134092914.8 2.85888e-06 0
1133748300.7 5.2 1133749155.3 2.72248e-06 0
1133698001.2 5.2 1133698856.5 3.85229e-06 0
1133694946.2 5.2 1133695801.2 4.71412e-06 0
1133511001.9 5.2 1133511801.7 1.05458e-04 0
1133492096.7 5.2 1133492830.7 4.12047e-06 0
1131847144.0 5.2 1131847993.4 2.59332e-06 0
1131531719.4 5.2 1131532373.0 3.28878e-06 0
1131384536.1 5.2 1131384952.2 1.92980e-06 1
1131315496.5 5.2 1131316330.6 1.66445e-06 0
1131037177.8 5.2 1131038085.0 3.71096e-06 0
1131032473.4 5.2 1131033038.4 2.73447e-06 0
1131024244.8 5.2 1131025153.1 2.82315e-06 0
1130972051.4 5.2 1130972894.4 1.95706e-06 1
1130517424.7 5.2 1130518278.3 1.92762e-06 1
1130468665.3 5.2 1130469348.7 2.93366e-06 1
1129819689.0 5.2 1129820070.9 1.36390e-06 0
1128669822.8 5.2 1128670743.7 2.35663e-06 1
1128659757.8 5.2 1128660315.1 1.87022e-06 1
1128503058.0 5.2 1128503987.9 2.00982e-06 1
1127836330.3 5.2 1127837170.2 1.44904e-06 2
1127146422.7 5.2 1127147191.0 3.65736e-06 0
1127145456.5 5.2 1127146208.0 3.66210e-06 0
1137208939.4 5.2 1137209721.5 2.47371e-06 0
1137180127.2 5.2 1137180972.0 2.75405e-06 0
1137079820.5 5.2 1137080665.1 3.34553e-06 0
1137054640.7 5.2 1137055131.8 3.37476e-06 0
1137005690.7 5.2 1137006610.0 3.12572e-06 0
1136998697.7 5.2 1136999216.1 2.20778e-06 0
1136752515.8 5.2 1136753323.4 2.01856e-06 0
1136636859.5 5.2 1136637698.3 1.95575e-06 1
1136627220.2 5.2 1136628423.6 2.65799e-06 1
1136061394.7 5.2 1136062211.6 3.02045e-06 0
1135953390.5 5.2 1135954191.9 1.69813e-06 1
1126503674.7 5.2 1126504449.1 2.33398e-06 0
1126499905.1 5.2 1126500677.3 1.38337e-05 0
1126494779.0 5.2 1126495547.5 4.19401e-06 0
1126488125.7 5.2 1126488901.3 1.15396e-05 0
1126484557.5 5.2 1126485333.1 3.20297e-05 0
1126481561.8 5.2 1126482334.7 3.39342e-04 0
1126480409.3 5.2 1126481177.4 3.39220e-04 0
1126444156.1 5.2 1126444935.7 1.45561e-06 0
1126168049.4 5.2 1126168354.8 1.01966e-04 0
1136636865.3 5.1 1136637697.2 1.95575e-06 1
1136199048.9 5.1 1136199874.4 2.68669e-06 1
1136079018.5 5.1 1136079710.9 2.75393e-06 0
1135508931.7 5.1 1135509680.8 1.62522e-06 0
1135365872.5 5.1 1135366684.3 1.46422e-06 1
1135064647.0 5.1 1135065411.3 3.21547e-06 1
1135023539.7 5.1 1135024328.9 6.74383e-06 2
1134920230.5 5.1 1134921026.8 4.48233e-06 1
1134512066.2 5.1 1134512755.3 2.02940e-06 0
1134234522.1 5.1 1134235475.1 1.99953e-06 0
1134174050.5 5.1 1134174758.4 1.69136e-06 1
1134021217.0 5.1 1134021887.2 3.06410e-06 0
1133839265.8 5.1 1133840194.6 5.36592e-06 0
1133795023.4 5.1 1133795784.2 3.38145e-06 1
1133188290.1 5.1 1133189075.8 2.84683e-06 1
1133007278.8 5.1 1133008125.3 1.48753e-06 1
1132985640.4 5.1 1132986422.4 1.95640e-06 1
1132032855.2 5.1 1132033564.3 1.81844e-06 1
1131908052.8 5.1 1131908837.3 3.80410e-05 0
1131900444.9 5.1 1131901378.7 4.38532e-06 0
1131856747.9 5.1 1131857478.7 2.75577e-06 0
1131784437.8 5.1 1131785207.3 2.45950e-06 0
1131679919.2 5.1 1131680390.7 1.57485e-06 0
1131568486.3 5.1 1131569220.4 3.00596e-06 0
1131454495.4 5.1 1131455223.8 4.43324e-06 0
1131246486.0 5.1 1131247252.4 6.94051e-06 0
1131243836.3 5.1 1131244602.8 2.48090e-05 0
1131242482.9 5.1 1131243249.4 2.47937e-05 0
1131112673.4 5.1 1131113475.6 1.95356e-06 1
1131061680.7 5.1 1131062621.6 2.65735e-06 1
1131028462.4 5.1 1131029371.1 2.84099e-06 0
1131018896.3 5.1 1131019804.3 2.71124e-06 0
1130487879.5 5.1 1130488290.4 3.20630e-06 0
1130470520.5 5.1 1130470999.3 2.65004e-06 1
1129900335.8 5.1 1129901024.1 2.30708e-06 0
1129889363.0 5.1 1129890296.3 8.20092e-06 0
1129590476.0 5.1 1129590592.3 2.74250e-06 0
1129220634.8 5.1 1129221358.8 4.71812e-06 1
1128679473.0 5.1 1128680263.6 2.02738e-06 1
1128497484.6 5.1 1128498241.1 1.35718e-06 1
1137159855.0 5.1 1137160643.3 3.30895e-06 0
1137093933.8 5.1 1137095137.1 3.94999e-06 0
1137019103.5 5.1 1137019892.5 3.45825e-06 0
1136854625.0 5.1 1136855572.9 1.65328e-06 0
1136785196.7 5.1 1136785907.6 1.75953e-06 0
1136777915.1 5.1 1136778788.4 8.99208e-06 0
1136755111.5 5.1 1136755886.0 2.17791e-06 0
1136744960.9 5.1 1136745710.5 2.56280e-06 0
1136699267.8 5.1 1136700205.5 2.88189e-06 0
1136199048.4 5.1 1136199874.3 2.68669e-06 1
1136170372.7 5.1 1136170789.3 2.12331e-06 1
1135348788.6 5.1 1135349574.3 1.58601e-06 1
1135143625.0 5.1 1135144379.5 1.56257e-06 1
1131900444.4 5.1 1131901378.7 4.38532e-06 0
1131112673.9 5.1 1131113475.5 1.95356e-06 1
1126499548.4 5.1 1126500321.5 1.38251e-05 0
1126497921.0 5.1 1126498694.7 1.38272e-05 0
1126489178.6 5.1 1126489950.4 8.28994e-06 0
1126488148.9 5.1 1126488915.2 1.15396e-05 0
1126485811.1 5.1 1126486584.3 2.45506e-05 0
1126483594.4 5.1 1126484365.3 6.57104e-05 0
1126482181.8 5.1 1126482954.5 1.48064e-04 0
1126481638.2 5.1 1126482409.9 3.39282e-04 0
1126481509.8 5.1 1126482281.2 3.39590e-04 0
1136498874.7 5.0 1136499636.1 1.69800e-06 1
1136481065.8 5.0 1136481762.3 1.71467e-06 1
1136468031.3 5.0 1136468804.7 1.85918e-06 0
1136279246.5 5.0 1136280030.7 2.19369e-06 1
1136254656.4 5.0 1136255352.5 2.83878e-06 0
1136216460.1 5.0 1136217268.9 3.48991e-06 2
1136170370.0 5.0 1136170788.6 2.12331e-06 1
1136061100.0 5.0 1136061912.9 3.01936e-06 0
1135994319.9 5.0 1135994746.9 1.48426e-06 0
1135481152.3 5.0 1135481600.2 1.38084e-06 1
1135479533.5 5.0 1135480269.9 1.38097e-06 1
1134922688.6 5.0 1134923295.5 4.23367e-06 1
1134900546.8 5.0 1134901331.1 3.79202e-06 1
1134888219.0 5.0 1134888776.9 3.06814e-06 1
1134736649.3 5.0 1134737364.7 2.91895e-06 1
1134684291.9 5.0 1134685073.1 2.93724e-06 0
1134534469.8 5.0 1134535030.4 1.81801e-06 0
1134236947.2 5.0 1134237899.2 1.82413e-06 0
1134168994.2 5.0 1134169779.5 1.67521e-06 1
1133968155.0 5.0 1133968939.6 2.90182e-06 1
1133906753.8 5.0 1133907955.9 5.16970e-06 0
1133808948.9 5.0 1133809781.7 4.30867e-06 0
1133723875.3 5.0 1133724675.7 3.41485e-06 0
1133714161.7 5.0 1133715016.7 2.83782e-06 0
1133712387.4 5.0 1133713241.9 2.83261e-06 0
1133698656.5 5.0 1133699510.9 3.69567e-06 0
1133634936.4 5.0 1133635782.9 1.86600e-06 0
1133464614.0 5.0 1133465589.6 3.89723e-06 1
1133391600.9 5.0 1133392366.9 2.87834e-06 0
1133295755.1 5.0 1133296759.2 2.95491e-06 1
1133193332.1 5.0 1133194065.4 3.70487e-06 1
1133012412.1 5.0 1133013108.9 1.47442e-06 1
1133006930.5 5.0 1133007697.3 1.46983e-06 1
1132989991.1 5.0 1132990762.7 1.86583e-06 1
1132485799.0 5.0 1132486623.3 1.61991e-06 1
1132462027.8 5.0 1132462711.0 2.17846e-06 0
1132391673.0 5.0 1132392444.2 1.47348e-06 1
1131884155.0 5.0 1131884923.4 2.03961e-06 0
1131878233.7 5.0 1131879152.2 2.15781e-06 0
1131799880.6 5.0 1131800728.2 2.44916e-06 0
1131725605.7 5.0 1131726369.9 2.03014e-06 1
1131707085.6 5.0 1131708283.1 1.97162e-06 1
1131599532.1 5.0 1131600295.7 3.02342e-06 1
1131432906.1 5.0 1131433548.2 3.76071e-06 0
1131148471.4 5.0 1131148875.9 1.83355e-06 1
1131123803.9 5.0 1131124524.9 3.29529e-06 0
1130965088.8 5.0 1130966019.5 1.92188e-06 0
1130939101.7 5.0 1130939768.8 2.32148e-06 1
1130506853.2 5.0 1130507678.0 1.77448e-06 1
1130488085.3 5.0 1130488495.7 3.20487e-06 0
1129905555.3 5.0 1129906264.5 1.95474e-06 0
1129858909.3 5.0 1129859634.0 1.50916e-06 0
1128837000.1 5.0 1128837562.1 2.34010e-06 2
1128655909.3 5.0 1128656681.4 1.78276e-06 1
1128605539.9 5.0 1128606119.0 2.05787e-06 0
1127880866.7 5.0 1127881671.1 1.43625e-06 0
1127574150.9 5.0 1127574536.9 1.65890e-06 0
1127271817.5 5.0 1127272586.9 3.12455e-06 0
1126896405.0 5.0 1126897230.0 1.55270e-06 0
1137276264.3 5.0 1137277091.2 2.00034e-06 0
1137085555.4 5.0 1137086307.5 3.95035e-06 0
1137079736.0 5.0 1137080464.9 3.34570e-06 0
1136954173.9 5.0 1136955067.6 1.68294e-06 0
1136756274.0 5.0 1136757072.1 2.17627e-06 0
1136706777.8 5.0 1136707582.1 2.96400e-06 0
1136656950.9 5.0 1136657902.9 2.37120e-06 0
1136498873.8 5.0 1136499635.2 1.69800e-06 1
1136482866.5 5.0 1136483650.6 1.72348e-06 1
1136468032.8 5.0 1136468804.6 1.85918e-06 0
1136299545.8 5.0 1136300250.8 1.91473e-06 1
1136294961.0 5.0 1136295884.4 2.24706e-06 1
1136279246.5 5.0 1136280030.0 2.19369e-06 1
1136061097.9 5.0 1136061913.4 3.01936e-06 0
1135994316.6 5.0 1135994746.2 1.48426e-06 0
1135635809.0 5.0 1135636812.3 1.62297e-06 1
1135508933.0 5.0 1135509680.6 1.62522e-06 0
1135481151.0 5.0 1135481599.8 1.38086e-06 1
1135392863.0 5.0 1135393428.3 2.90601e-06 0
1126498123.6 5.0 1126498893.0 1.38339e-05 0
1126491682.5 5.0 1126492457.4 5.87532e-06 0
1126489602.7 5.0 1126490378.8 7.35267e-06 0
1126486229.9 5.0 1126487004.7 2.45512e-05 0
1126485791.6 5.0 1126486562.8 2.45506e-05 0
1126485274.2 5.0 1126486048.5 3.20192e-05 0
1126483295.9 5.0 1126484071.3 7.50209e-05 0
1126483231.5 5.0 1126484007.0 7.50055e-05 0
1126482518.0 5.0 1126483292.7 9.22921e-05 0
1126447885.6 5.0 1126448681.6 3.87208e-06 0
