1126479289.9 8.3 1126479924.1 2.76354e-04 0
1132440670.8 7.6 1132441110.1 7.16780e-05 0
1132440355.1 7.6 1132440798.9 7.16816e-05 0
1132440355.8 7.6 1132440799.1 7.16816e-05 0
1129885799.6 7.5 1129886646.4 4.56591e-05 0
1133509823.6 7.2 1133510689.5 1.13834e-04 2
1133509824.5 7.2 1133510689.5 1.13834e-04 2
1133509823.0 7.2 1133510689.6 1.13834e-04 2
1133303117.1 7.1 1133304314.5 1.50592e-05 2
1129413139.6 7.1 1129413983.0 7.05989e-06 0
1131906681.6 7.0 1131907561.7 3.16576e-05 2
1126480738.8 7.0 1126481372.6 1.89978e-04 0
1133691727.4 6.9 1133692699.5 9.27037e-06 2
1131245196.9 6.9 1131245819.1 7.51164e-06 0
1131242095.5 6.9 1131242717.7 1.53307e-05 2
1131242095.6 6.9 1131242717.9 1.53307e-05 2
1133691725.5 6.9 1133692699.4 9.27037e-06 2
1130916720.8 6.8 1130917348.2 1.44431e-05 0
1132551935.3 6.7 1132552368.6 7.95772e-06 2
1131483108.0 6.7 1131483968.8 2.69704e-05 2
1126498244.8 6.7 1126498878.4 7.83730e-06 0
1126167265.6 6.7 1126167511.1 2.47928e-04 0
1135897539.1 6.7 1135898467.6 6.71757e-06 2
1136777150.6 6.7 1136777937.1 5.09502e-06 0
1136777150.0 6.7 1136777936.4 5.09502e-06 0
1131036439.2 6.6 1131037452.5 6.96394e-06 0
1127145224.7 6.6 1127146183.2 4.12876e-06 2
1126892417.1 6.6 1126893051.0 1.01404e-05 2
1131779424.3 6.5 1131780185.0 9.81165e-06 0
1131120243.1 6.5 1131120863.5 1.14240e-05 2
1130643872.2 6.5 1130644873.9 3.90732e-06 2
1126497323.9 6.5 1126497953.9 7.83026e-06 0
1126497313.3 6.5 1126497945.6 7.83026e-06 0
1126497332.4 6.5 1126497965.1 7.82511e-06 0
1136565504.1 6.5 1136566462.5 5.61384e-06 0
1136565502.9 6.5 1136566462.5 5.61384e-06 0
1136565502.0 6.5 1136566461.6 5.61384e-06 0
1126489282.9 6.4 1126489911.6 1.85738e-05 0
1126479572.0 6.4 1126480205.8 2.76326e-04 0
1127271095.8 6.3 1127271723.0 8.46199e-06 0
1126424475.7 6.3 1126425438.9 2.94045e-06 0
1135648856.9 6.3 1135649850.3 2.12873e-06 2
1135106104.2 6.3 1135106954.8 2.94258e-06 0
1132693240.0 6.2 1132693831.6 3.70962e-06 2
1130915088.4 6.2 1130915709.7 1.44266e-05 2
1129599623.3 6.2 1129600528.5 1.54328e-06 0
1126702357.9 6.2 1126702996.9 2.51673e-06 2
1126602661.7 6.2 1126603302.2 2.15822e-06 2
1136567301.0 6.2 1136568060.6 5.63926e-06 0
1135021460.1 6.2 1135022240.8 2.98565e-06 1
1132131989.1 6.1 1132132964.1 1.91515e-06 1
1126849191.9 6.1 1126849825.0 2.47274e-06 2
1126674424.5 6.1 1126675048.5 2.72122e-06 2
1126480586.4 6.1 1126481218.6 2.76648e-04 0
1126479853.6 6.1 1126480489.3 2.76328e-04 0
1126447419.1 6.1 1126448320.3 2.15850e-06 0
1134672472.5 6.1 1134673460.4 4.57954e-06 0
1133701098.8 6.1 1133701931.7 1.51000e-06 0
1132131990.5 6.1 1132132963.6 1.91515e-06 1
1136777145.3 6.1 1136777673.3 5.10354e-06 0
1134672473.6 6.1 1134673460.2 4.57954e-06 0
1132406512.8 6.0 1132407307.3 1.37382e-06 1
1129608275.1 6.0 1129609265.0 1.57855e-06 0
1129220332.5 6.0 1129221120.8 2.81806e-06 0
1128836605.3 6.0 1128837339.7 4.12815e-06 2
1126941197.5 6.0 1126941827.4 2.83992e-06 2
1126627199.6 6.0 1126627684.4 4.64933e-06 2
1134526270.3 6.0 1134527128.7 1.84748e-06 1
1136021671.0 6.0 1136022465.4 1.70917e-06 0
1136627128.6 5.9 1136628318.9 2.24470e-06 2
1136066407.2 5.9 1136067240.9 1.61505e-06 0
1131727770.7 5.9 1131728508.9 3.70266e-06 2
1129885789.0 5.9 1129886639.2 4.56591e-05 0
1128098023.8 5.9 1128098648.7 3.18555e-06 0
1127888832.8 5.9 1127889457.2 2.96747e-06 0
1127489302.8 5.9 1127489878.1 1.46642e-06 2
1136699779.2 5.9 1136700541.5 1.42795e-06 0
1136627128.4 5.9 1136628318.8 2.24470e-06 2
1126531963.0 5.9 1126532601.6 1.69293e-06 0
1126481898.7 5.9 1126482535.2 1.06838e-04 0
1135995689.6 5.8 1135996543.0 1.42505e-06 1
1135695752.6 5.8 1135696579.6 1.92176e-06 1
1135389118.9 5.8 1135390004.7 7.50374e-06 0
1135101502.0 5.8 1135102180.1 2.06182e-06 1
1135033875.2 5.8 1135034847.5 2.35031e-06 1
1134924926.9 5.8 1134925813.2 2.85560e-06 1
1134588322.5 5.8 1134588948.2 2.00121e-06 2
1132858386.5 5.8 1132858988.6 2.03310e-06 1
1132182347.7 5.8 1132182974.8 1.50841e-06 1
1132032729.5 5.8 1132033570.7 2.57849e-06 1
1131669590.5 5.8 1131669803.0 5.17434e-06 1
1131320196.2 5.8 1131321167.9 1.55860e-06 1
1130487350.5 5.8 1130487972.5 2.47641e-06 1
1130426194.5 5.8 1130426772.9 3.74582e-06 1
1129820354.7 5.8 1129821188.9 4.53400e-06 0
1129673019.8 5.8 1129673960.0 1.42707e-06 1
1129297858.6 5.8 1129298789.1 1.87888e-06 2
1127887439.1 5.8 1127888107.2 3.04701e-06 0
1127145433.2 5.8 1127146305.9 4.12813e-06 2
1137176675.4 5.8 1137177515.4 2.54974e-06 0
1136804675.0 5.8 1136805477.1 1.81669e-06 0
1135995688.3 5.8 1135996542.9 1.42505e-06 1
1135695753.7 5.8 1135696581.0 1.92176e-06 1
1135594635.1 5.8 1135594902.5 7.89302e-06 2
1134924926.5 5.8 1134925812.6 2.85560e-06 1
1134588322.6 5.8 1134588948.2 2.00121e-06 2
1126488799.6 5.8 1126489436.4 1.89149e-05 0
1135743756.7 5.7 1135744503.0 2.25446e-06 1
1135594637.5 5.7 1135594902.7 7.89302e-06 2
1134747861.8 5.7 1134748738.1 2.86176e-06 0
1133564032.1 5.7 1133564254.7 6.67158e-06 0
1132513078.6 5.7 1132514044.7 2.68070e-06 0
1132251381.7 5.7 1132252244.9 1.69077e-06 0
1131564038.4 5.7 1131564898.0 2.32163e-06 1
1131017611.6 5.7 1131018231.0 6.24224e-06 0
1131010514.3 5.7 1131011687.1 7.25876e-06 0
1131005634.4 5.7 1131006165.9 6.72181e-06 0
1130928841.2 5.7 1130929468.1 2.00116e-06 1
1129368565.8 5.7 1129369377.6 2.76208e-06 2
1128101771.9 5.7 1128102406.8 1.31386e-06 0
1127664429.3 5.7 1127665249.8 2.79191e-06 1
1127137755.5 5.7 1127138172.9 1.30626e-05 0
1126688846.5 5.7 1126689477.2 1.94063e-06 1
1126497747.0 5.7 1126498379.6 7.82687e-06 0
1126481022.7 5.7 1126481652.8 1.30199e-04 0
1126480183.2 5.7 1126480815.6 2.76261e-04 0
1136463139.4 5.6 1136463965.9 2.02954e-06 1
1136250738.0 5.6 1136251365.3 2.45516e-06 0
1135320947.0 5.6 1135321312.6 6.17083e-06 0
1134092775.8 5.6 1134093751.3 1.96244e-05 0
1133456986.3 5.6 1133457741.1 1.98947e-06 1
1132724697.1 5.6 1132725324.9 1.98376e-06 1
1132714284.8 5.6 1132715055.1 2.34137e-06 1
1132660004.2 5.6 1132660243.4 3.54186e-06 0
1132346498.5 5.6 1132346713.1 3.53367e-06 0
1131816593.3 5.6 1131817451.7 2.89225e-06 0
1131429874.2 5.6 1131430512.2 1.63430e-06 0
1131236834.8 5.6 1131237718.5 7.52298e-06 1
1131045304.4 5.6 1131046317.2 5.24098e-06 0
1131014794.5 5.6 1131015414.3 7.25694e-06 0
1129595276.6 5.6 1129596178.8 1.60543e-06 0
1129408409.1 5.6 1129409189.4 2.61020e-06 0
1129139556.9 5.6 1129140248.4 1.31388e-06 0
1128672318.6 5.6 1128673191.7 1.97406e-06 1
1128654936.2 5.6 1128655567.9 1.76263e-06 1
1126703354.8 5.6 1126703983.5 2.02962e-06 0
1137204824.2 5.6 1137205729.1 1.88618e-06 0
1137021766.0 5.6 1137022749.8 2.87950e-06 0
1136812506.2 5.6 1136813444.9 1.75378e-06 0
1136804675.8 5.6 1136805477.9 1.81669e-06 0
1126480163.8 5.6 1126480793.5 2.76278e-04 0
1126166270.5 5.6 1126166515.3 1.24528e-05 0
1134572633.0 5.5 1134573818.9 1.84291e-06 1
1133998391.9 5.5 1133999071.7 1.59881e-06 1
1133741389.8 5.5 1133742049.8 1.36227e-06 1
1133512273.7 5.5 1133513126.9 1.13826e-04 0
1133509888.4 5.5 1133510518.9 4.55620e-05 2
1132433119.3 5.5 1132433823.4 2.99881e-06 1
1131277540.9 5.5 1131278717.5 1.33548e-06 2
1131091986.6 5.5 1131092997.9 3.42349e-06 0
1131014538.6 5.5 1131015552.2 7.26885e-06 0
1130960430.5 5.5 1130961361.2 2.47935e-06 1
1130447397.8 5.5 1130448305.6 4.05950e-06 0
1129743096.4 5.5 1129743902.0 1.63878e-06 2
1128502582.4 5.5 1128503439.2 3.99289e-06 2
1127965806.5 5.5 1127966434.7 2.63025e-06 0
1127357790.7 5.5 1127358762.2 1.43832e-06 1
1126895830.5 5.5 1126896460.6 1.41335e-06 0
1136808946.5 5.5 1136809883.8 1.78112e-06 0
1131091983.0 5.5 1131092998.2 3.42349e-06 0
1126503897.0 5.5 1126504533.8 1.90717e-06 0
1126499216.0 5.5 1126499849.4 6.10525e-06 0
1126493986.1 5.5 1126494615.0 2.30964e-06 0
1126481320.1 5.5 1126481949.0 1.12408e-04 0
1136383974.1 5.4 1136384841.0 2.93738e-06 1
1136326909.4 5.4 1136328077.8 1.93245e-06 0
1136021672.2 5.4 1136022466.5 1.70917e-06 0
1135632595.9 5.4 1135633430.2 2.46096e-06 1
1135140212.2 5.4 1135141418.2 2.59236e-06 1
1134512233.5 5.4 1134513146.8 2.09024e-06 1
1134474425.3 5.4 1134475142.7 2.11610e-06 1
1134423116.6 5.4 1134423830.4 1.62696e-06 0
1134024146.1 5.4 1134025119.4 2.20488e-06 0
1133708235.0 5.4 1133709210.6 1.55234e-06 0
1133705658.4 5.4 1133706633.7 1.55113e-06 0
1133517915.3 5.4 1133518780.8 3.11041e-06 0
1133488045.5 5.4 1133488877.2 1.88124e-06 1
1133466712.5 5.4 1133467570.7 1.77600e-06 1
1133238367.8 5.4 1133239215.3 1.77947e-06 1
1132785187.3 5.4 1132786145.3 1.55758e-06 1
1132757256.3 5.4 1132758438.1 2.12301e-06 2
1132751515.8 5.4 1132752457.4 2.00313e-06 1
1132648458.6 5.4 1132649398.9 3.38529e-06 1
1132521455.5 5.4 1132522312.9 2.66767e-06 0
1132368395.3 5.4 1132369212.0 1.87473e-06 1
1131452514.0 5.4 1131453368.2 2.33011e-06 2
1130384944.5 5.4 1130385734.0 3.54405e-06 1
1129979115.4 5.4 1129980308.0 5.98773e-06 1
1129336631.5 5.4 1129337501.1 2.82967e-06 1
1128938865.1 5.4 1128939266.2 1.97111e-06 1
1127900655.5 5.4 1127901857.8 3.05865e-06 2
1127774987.6 5.4 1127775768.1 1.68640e-06 1
1127669171.2 5.4 1127669389.5 2.80935e-06 0
1127436160.6 5.4 1127436632.0 1.81593e-06 2
1127435571.5 5.4 1127436040.9 1.79837e-06 1
1127272864.6 5.4 1127273728.5 1.42096e-06 0
1126686701.6 5.4 1126687327.9 1.96638e-06 1
1137122455.8 5.4 1137122660.1 4.54379e-06 0
1136326908.4 5.4 1136328078.5 1.93245e-06 0
1136586013.3 5.3 1136586786.0 1.51699e-06 1
1136325311.4 5.3 1136325569.4 3.70226e-06 0
1136121552.6 5.3 1136121772.5 1.79546e-06 1
1136091553.4 5.3 1136092348.6 1.91787e-06 0
1135264806.1 5.3 1135265449.5 2.43781e-06 1
1134391460.2 5.3 1134392380.6 2.24062e-06 1
1134333534.1 5.3 1134334332.6 1.55045e-06 1
1134006754.7 5.3 1134007499.9 1.80177e-06 1
1134006442.4 5.3 1134007402.1 1.80287e-06 1
1133733179.2 5.3 1133734361.1 1.45144e-06 2
1133703193.1 5.3 1133703951.6 1.51080e-06 0
1133699968.2 5.3 1133700940.8 1.50829e-06 0
1133510367.0 5.3 1133511232.1 1.13837e-04 0
1133409805.2 5.3 1133410694.8 1.87885e-06 1
1133316617.7 5.3 1133317219.4 2.31234e-06 0
1131555228.3 5.3 1131556241.8 2.25827e-06 1
1131513952.5 5.3 1131514542.8 1.69877e-06 0
1131293524.3 5.3 1131294366.3 1.37491e-06 1
1131212920.1 5.3 1131213491.3 1.33931e-06 0
1131084752.7 5.3 1131085765.3 3.48750e-06 0
1131079604.7 5.3 1131080185.2 3.66151e-06 0
1130925991.8 5.3 1130926788.3 1.99244e-06 0
1130914727.3 5.3 1130915081.5 1.98700e-06 1
1130644279.6 5.3 1130645282.7 3.90600e-06 2
1130488292.3 5.3 1130488914.5 2.46330e-06 2
1130391748.5 5.3 1130392616.3 3.68012e-06 1
1130301852.8 5.3 1130302854.9 3.53107e-06 0
1129983338.3 5.3 1129984531.2 5.44753e-06 2
1129571279.1 5.3 1129572133.5 1.86932e-06 0
1129511847.3 5.3 1129512662.2 1.76596e-06 1
1129442706.2 5.3 1129443515.0 1.94782e-06 1
1128005451.4 5.3 1128005975.3 2.65064e-06 1
1126686892.6 5.3 1126687794.4 1.94312e-06 1
1137257680.8 5.3 1137258540.3 1.84850e-06 0
1137204142.4 5.3 1137205321.1 1.88689e-06 0
1136325308.3 5.3 1136325569.3 3.70226e-06 0
1136121552.5 5.3 1136121772.6 1.79546e-06 1
1134944915.5 5.3 1134945708.5 2.93179e-06 0
1131084751.0 5.3 1131085765.3 3.48750e-06 0
1126482108.5 5.3 1126482736.1 1.03988e-04 0
1126481806.6 5.3 1126482442.9 1.12354e-04 0
1126481526.8 5.3 1126482149.1 1.12458e-04 0
1126452161.1 5.3 1126453061.6 1.47651e-06 0
1126381071.8 5.3 1126381972.2 1.34682e-06 0
1126165253.6 5.3 1126165499.9 3.33187e-06 0
1136590790.6 5.2 1136591750.7 1.78087e-06 1
1136233436.8 5.2 1136234164.0 2.47154e-06 0
1136061393.7 5.2 1136062333.6 1.76654e-06 0
1136006927.2 5.2 1136007889.2 1.59253e-06 0
1135759059.5 5.2 1135759911.6 1.74709e-06 0
1135355182.0 5.2 1135356154.8 1.05289e-05 0
1135348784.8 5.2 1135349678.5 1.15280e-05 0
1135203094.3 5.2 1135204030.2 1.48444e-06 2
1135162870.0 5.2 1135163656.0 2.22329e-06 0
1134944917.0 5.2 1134945708.6 2.93179e-06 0
1134824727.8 5.2 1134825555.2 2.00629e-06 1
1134638948.5 5.2 1134639873.0 3.38719e-06 1
1134631768.0 5.2 1134632594.7 2.84025e-06 1
1134221393.0 5.2 1134222250.7 1.75026e-06 1
1134162738.8 5.2 1134163332.2 2.94855e-06 1
1134092057.6 5.2 1134093033.1 1.96195e-05 0
1133748300.7 5.2 1133749273.4 1.33940e-06 1
1133698001.2 5.2 1133698974.7 2.80829e-06 0
1133694946.2 5.2 1133695919.3 9.27802e-06 0
1133511001.9 5.2 1133511869.9 1.13838e-04 0
1133492096.7 5.2 1133492892.9 1.72552e-06 1
1132753180.3 5.2 1132754133.0 2.10459e-06 1
1131976201.7 5.2 1131976947.2 1.77102e-06 0
1131847144.0 5.2 1131848110.1 4.03994e-06 0
1131531719.4 5.2 1131532518.8 1.84180e-06 2
1131384536.1 5.2 1131385161.4 1.63562e-06 1
1131315496.5 5.2 1131316451.5 1.51081e-06 1
1131037177.8 5.2 1131038190.7 6.96682e-06 0
1131032473.4 5.2 1131033208.2 7.29423e-06 0
1131024244.8 5.2 1131025258.6 7.19234e-06 0
1130972051.4 5.2 1130973015.5 4.25722e-06 2
1130517424.7 5.2 1130518395.1 1.73695e-06 1
1130468665.3 5.2 1130469411.3 2.27371e-06 0
1130239620.4 5.2 1130240548.4 1.63861e-06 1
1129819689.0 5.2 1129819907.0 2.91237e-06 1
1129509165.4 5.2 1129510370.5 1.76392e-06 2
1128669822.8 5.2 1128670772.6 1.82968e-06 1
1128659757.8 5.2 1128660091.1 1.98169e-06 1
1128503058.0 5.2 1128504242.0 3.98964e-06 2
1127836330.3 5.2 1127837291.7 2.64393e-06 0
1127257137.3 5.2 1127257996.5 1.50679e-06 1
1127146422.7 5.2 1127147049.8 3.53709e-06 0
1127145456.5 5.2 1127146109.9 4.12752e-06 2
1137208939.4 5.2 1137209822.5 2.06778e-06 0
1137180127.2 5.2 1137181091.7 2.33583e-06 0
1137079820.5 5.2 1137080782.4 5.71428e-06 0
1137054640.7 5.2 1137054879.3 5.65679e-06 0
1137005690.7 5.2 1137006866.1 2.37162e-06 0
1136998697.7 5.2 1136998993.7 2.79772e-06 0
1136752515.8 5.2 1136753416.4 1.64743e-06 0
1136636859.5 5.2 1136637819.8 1.36071e-06 1
