1126569617 1126603333
1126625071 1126628100
1126643286 1126645392
1126645689 1126675574
1126685977 1126691334
1126693300 1126703536
1126729556 1126733225
1126736374 1126771420
1126786527 1126788161
1126790463 1126832426
1126832428 1126849861
1126868696 1126873675
1126883713 1126893057
1126908528 1126942368
1126954898 1126963846
1126983568 1126991792
1126994309 1127072295
1127072297 1127074207
1127085964 1127086904
1127087551 1127092215
1127093984 1127126633
1127126636 1127135244
1127145278 1127145629
1127145646 1127146500
1127159653 1127172026
1127174378 1127229875
1127233421 1127233538
1127233611 1127233660
1127233662 1127233670
1127233697 1127233917
1127233919 1127233921
1127233939 1127233994
1127234012 1127234090
1127234092 1127234117
1127234129 1127234209
1127234312 1127271521
1127307451 1127311315
1127315022 1127316090
1127326048 1127378210
1127384363 1127409172
1127420335 1127423155
1127424656 1127436818
1127441684 1127460551
1127464559 1127464898
1127466746 1127480974
1127480976 1127483227
1127487617 1127487634
1127487637 1127489197
1127489199 1127489224
1127489226 1127489239
1127489240 1127489258
1127489272 1127489289
1127489292 1127490294
1127490315 1127490378
1127496491 1127506096
1127507256 1127508497
1127511936 1127565200
1127588220 1127613329
1127616159 1127658897
1127663602 1127663621
1127663626 1127663926
1127664016 1127664042
1127664047 1127669226
1127676768 1127676901
1127676927 1127676932
1127677954 1127679029
1127687715 1127742723
1127743567 1127744349
1127746697 1127747334
1127754730 1127754748
1127756899 1127757085
1127760649 1127760820
1127767197 1127767205
1127771849 1127772831
1127776856 1127778360
1127779323 1127797784
1127806679 1127820439
1127820442 1127822144
1127822684 1127824340
1127824343 1127828337
1127831184 1127831193
1127833346 1127833914
1127841105 1127841131
1127858745 1127858856
1127865015 1127865626
1127868684 1127868979
1127876257 1127876260
1127902316 1127903412
1127905363 1127905553
1127905647 1127922265
1127923846 1127923871
1127929763 1127929829
1127941775 1127941812
1127943895 1127943968
1127946608 1127946623
1127947924 1127949187
1127956612 1127956722
1127972485 1127972675
1127975286 1127975579
1127976555 1128007755
1128016345 1128017661
1128018940 1128019034
1128024996 1128025003
1128030419 1128030653
1128034909 1128037349
1128038976 1128039150
1128039671 1128072514
1128116301 1128122075
1128122076 1128154234
1128154237 1128171655
1128197877 1128205124
1128207165 1128207193
1128207197 1128239734
1128240295 1128299091
1128307587 1128351843
1128353701 1128353730
1128353895 1128354190
1128386778 1128406196
1128406198 1128459504
1128459688 1128459747
1128463176 1128463512
1128463637 1128464059
1128464846 1128466476
1128466477 1128504361
1128537768 1128539723
1128547318 1128547626
1128557868 1128558017
1128559148 1128562149
1128571834 1128577921
1128577924 1128578293
1128579210 1128593870
1128616559 1128688467
1128688469 1128706899
1128718983 1128719036
1128719188 1128719379
1128734026 1128735212
1128735538 1128775559
1128775674 1128776467
1128776472 1128776490
1128776606 1128776618
1128798714 1128798906
1128799168 1128799753
1128799760 1128800430
1128812998 1128813025
1128813027 1128813032
1128813034 1128813043
1128813045 1128813060
1128813062 1128813077
1128813093 1128824629
1128824656 1128830762
1128833406 1128837966
1128870689 1128876141
1128876144 1128876769
1128876772 1128880179
1128880278 1128880353
1128880449 1128880968
1128887752 1128888408
1128888410 1128889359
1128891196 1128891556
1128891559 1128894292
1128894295 1128895813
1128898431 1128898499
1128899030 1128904753
1128904756 1128913468
1128913470 1128922967
1128923016 1128926705
1128926708 1128933662
1128933665 1128938925
1128938928 1128940022
1128940024 1128947402
1128947405 1128956822
1128987312 1128987364
1128987764 1129035366
1129035631 1129052629
1129060946 1129061254
1129065330 1129085557
1129087571 1129118969
1129215953 1129218462
1129243881 1129244126
1129244562 1129257252
1129273738 1129294718
1129299135 1129299718
1129300137 1129301343
1129304341 1129304399
1129308832 1129312920
1129328388 1129334469
1129336870 1129341548
1129342218 1129343018
1129343549 1129364894
1129364895 1129370154
1129370155 1129381413
1129435896 1129463781
1129466993 1129467237
1129467693 1129476408
1129482322 1129486741
1129488599 1129489149
1129491347 1129491377
1129491507 1129491620
1129493861 1129494159
1129496272 1129497642
1129498255 1129498757
1129503851 1129503938
1129508009 1129508140
1129508264 1129508897
1129510474 1129511372
1129511829 1129566062
1129580118 1129580172
1129607464 1129608346
1129619236 1129637853
1129638066 1129648547
1129659790 1129661856
1129671826 1129672803
1129673795 1129676975
1129681407 1129681547
1129682407 1129688795
1129697286 1129701523
1129701715 1129702730
1129703208 1129713096
1129715653 1129716717
1129717385 1129736377
1129742484 1129743298
1129744928 1129745360
1129746978 1129752779
1129755476 1129756505
1129758304 1129760577
1129771450 1129773047
1129773190 1129776761
1129780164 1129780167
1129780238 1129801218
1129801658 1129808686
1129811560 1129811749
1129812191 1129820508
1129823346 1129824035
1129826859 1129830212
1129834559 1129835873
1129979484 1129986320
1130005073 1130005155
1130005273 1130005291
1130005372 1130006628
1130006951 1130008403
1130008848 1130024424
1130024454 1130066809
1130067495 1130067886
1130072494 1130085214
1130085333 1130085438
1130085928 1130089659
1130092851 1130098644
1130098737 1130099286
1130099329 1130099337
1130099406 1130099416
1130099482 1130099494
1130099615 1130099626
1130103473 1130103506
1130110897 1130113951
1130113957 1130113961
1130113965 1130114097
1130114102 1130114106
1130114110 1130114211
1130117357 1130117368
1130126705 1130127225
1130127600 1130302708
1130312695 1130313828
1130316793 1130331197
1130331686 1130331810
1130331892 1130337668
1130346061 1130348640
1130355103 1130355185
1130362270 1130364342
1130385375 1130387500
1130387817 1130387866
1130387948 1130407065
1130407350 1130430897
1130433397 1130434447
1130437647 1130441732
1130444667 1130444677
1130446811 1130447589
1130456254 1130458956
1130473921 1130474486
1130474568 1130474609
1130474691 1130474810
1130475211 1130489318
1130496105 1130496257
1130496339 1130496345
1130496672 1130545228
1130545858 1130594981
1130615579 1130615752
1130616092 1130616596
1130616913 1130616915
1130617064 1130617569
1130620830 1130620952
1130621034 1130625792
1130628442 1130645991
1130666788 1130699513
1130699514 1130701072
1130701078 1130719356
1130723012 1130723014
1130723258 1130723385
1130723388 1130760984
1130761975 1130864444
1130864548 1130889672
1130892497 1130916247
1130929198 1130929282
1130929364 1130929459
1130929974 1130930318
1130932443 1130932641
1130932906 1130935398
1130942168 1130943617
1130945067 1130945189
1130945271 1130945612
1130962308 1130967823
1130967905 1130973763
1131101411 1131120882
1131143567 1131145874
1131145881 1131148211
1131148214 1131165990
1131166273 1131190718
1131190800 1131190885
1131191155 1131193714
1131226626 1131226739
1131226741 1131226911
1131227345 1131227808
1131227890 1131242738
1131269495 1131276472
1131276907 1131280072
1131282694 1131282807
1131282889 1131283103
1131283348 1131298722
1131299060 1131299207
1131305940 1131334751
1131335089 1131343451
1131347023 1131347425
1131347666 1131363901
1131364239 1131372171
1131376706 1131397345
1131397659 1131405141
1131405161 1131426271
1131437294 1131448381
1131448719 1131454096
1131462917 1131463167
1131463249 1131463321
1131463755 1131465647
1131468384 1131468744
1131468826 1131468846
1131468991 1131475244
1131478290 1131479200
1131482477 1131482536
1131482617 1131482927
1131483168 1131484814
1131521205 1131533755
1131533756 1131541124
1131541559 1131549056
1131552789 1131552848
1131552933 1131553099
1131553436 1131553564
1131553646 1131553697
1131553779 1131559060
1131559120 1131567672
1131594569 1131594768
1131594850 1131595199
1131595538 1131616331
1131632429 1131632489
1131632571 1131633426
1131633957 1131655959
1131656393 1131669996
1131678255 1131717706
1131718337 1131727640
1131729053 1131729059
1131734632 1131734990
1131735231 1131735345
1131735427 1131737249
1131739516 1131739939
1131740021 1131742158
1131746802 1131746923
1131747004 1131772337
1131892870 1131896269
1131896607 1131902712
1131902713 1131907592
1131932604 1131938819
1131939912 1131940115
1131940129 1131940148
1131940149 1131950992
1131985803 1131986506
1131986768 1131996800
1131997331 1131998889
1131999130 1132016671
1132016740 1132026662
1132027628 1132027979
1132028649 1132035892
1132043508 1132043514
1132044238 1132057647
1132057888 1132064682
1132065140 1132080829
1132084654 1132084698
1132087429 1132091337
1132093979 1132119510
1132119849 1132175510
1132175750 1132184025
1132221018 1132223315
1132225920 1132228049
1132260094 1132261506
1132266175 1132266361
1132266452 1132273105
1132273539 1132296544
1132332298 1132341307
1132342224 1132342897
1132345703 1132345819
1132360857 1132361095
1132361432 1132361591
1132370110 1132409063
1132434036 1132435387
1132437541 1132437637
1132437782 1132438650
1132438864 1132438873
1132500160 1132501274
1132501365 1132501599
1132502144 1132502147
1132502160 1132502167
1132502715 1132502766
1132503106 1132507118
1132532876 1132535604
1132544627 1132552487
1132576615 1132576636
1132577640 1132584130
1132584216 1132584327
1132613780 1132615536
1132617114 1132617534
1132617679 1132639378
1132639715 1132652680
1132666222 1132666232
1132666523 1132666565
1132669229 1132670080
1132670417 1132671334
1132672887 1132673796
1132674036 1132674954
1132682409 1132683758
1132686680 1132687163
1132687404 1132687847
1132688017 1132688141
1132693707 1132693923
1132701449 1132702107
1132712471 1132727714
1132730571 1132759497
1132759834 1132860677
1132871765 1132912454
1132915253 1132915624
1132915961 1132998601
1132998939 1133008612
1133009234 1133014420
1133033062 1133033309
1133034588 1133034688
1133040629 1133040849
1133042301 1133042453
1133042695 1133043447
1133043453 1133043455
1133043465 1133043777
1133044830 1133045414
1133045470 1133045477
1133045595 1133045618
1133045690 1133046336
1133049122 1133093673
1133102283 1133102365
1133104346 1133111101
1133111345 1133165673
1133165674 1133175480
1133175817 1133189449
1133190111 1133190151
1133191868 1133194808
1133204836 1133211518
1133216227 1133266369
1133285023 1133285717
1133286250 1133304337
1133324899 1133325284
1133325720 1133325752
1133325925 1133342844
1133343375 1133349541
1133368208 1133368391
1133368922 1133368941
1133369032 1133369138
1133369797 1133383498
1133384223 1133387031
1133400451 1133404972
1133407863 1133407980
1133409740 1133410173
1133410610 1133421611
1133438942 1133439100
1133439536 1133471940
1133472308 1133501248
1133501491 1133511032
1133531201 1133543083
1133585194 1133598094
1133598626 1133599309
1133600564 1133619415
1133648052 1133648252
1133648591 1133649362
1133652535 1133670669
1133671450 1133674541
1133674544 1133692917
1133715950 1133718521
1133718524 1133722321
1133729240 1133729356
1133730614 1133736459
1133736476 1133778817
1133779731 1133801109
1133823696 1133826217
1133826643 1133827263
1133827267 1133843303
1133862657 1133875196
1133875430 1133875599
1133875602 1133898442
1133898555 1133899201
1133899599 1133899608
1133901438 1133937005
1133937006 1133959715
1133962102 1133966022
1133995230 1133995890
1133996196 1134014032
1134014169 1134018840
1134031023 1134031543
1134031546 1134032110
1134144061 1134144143
1134147277 1134158838
1134158975 1134159001
1134159044 1134159695
1134159699 1134180242
1134180381 1134218565
1134218701 1134219018
1134223274 1134224390
1134245636 1134246107
1134252074 1134258352
1134262706 1134270649
1134270786 1134270906
1134277494 1134281568
1134281705 1134330274
1134330507 1134330887
1134332840 1134369981
1134376645 1134399524
1134402365 1134408291
1134426740 1134441040
1134441345 1134447815
1134453469 1134458382
1134458519 1134476696
1134486776 1134502961
1134503599 1134506057
1134511816 1134529421
1134538758 1134539006
1134539009 1134582894
1134583128 1134589596
1134618854 1134637242
1134637243 1134637462
1134637463 1134644028
1134768365 1134768404
1134768710 1134784829
1134784966 1134785334
1134785593 1134829873
1134862963 1134879371
1134904195 1134910183
1134910320 1134928384
1134964494 1134968893
1134968994 1134970219
1134970356 1134972135
1134972707 1134973997
1134974009 1135002116
1135020542 1135020959
1135023015 1135024279
1135032163 1135040786
1135043700 1135048320
1135054887 1135096408
1135100467 1135103160
1135117038 1135161704
1135172479 1135187459
1135192459 1135195359
1135198606 1135205074
1135205211 1135271487
1135436826 1135437030
1135445903 1135446977
1135450073 1135451521
1135466327 1135497678
1135497815 1135519336
1135519673 1135559211
1135559348 1135561114
1135575341 1135586799
1135591144 1135594919
1135602775 1135606977
1135608969 1135618455
1135624445 1135651710
1135663225 1135665510
1135669333 1135669839
1135676957 1135683893
1135689100 1135698612
1135709152 1135709384
1135709404 1135709430
1135709444 1135739115
1135740199 1135753175
1135753176 1135755777
1135771757 1135797963
1135799631 1135805676
1135818044 1135848214
1135848447 1135879750
1135881948 1135891968
1135892710 1135898830
1135913276 1135925322
1135925555 1135941071
1135941304 1135957339
1135968259 1135999106
1136010188 1136015492
1136074911 1136081513
1136093839 1136093888
1136105321 1136109246
1136117331 1136122686
1136184611 1136193180
1136193512 1136200611
1136205787 1136218107
1136262482 1136292414
1136292649 1136295892
1136353153 1136373590
1136374113 1136388447
1136388680 1136406509
1136407003 1136408698
1136426051 1136429921
1136429988 1136430970
1136449849 1136458963
1136459604 1136469536
1136483563 1136483712
1136483778 1136497456
1136497595 1136497786
1136498300 1136506785
1136506924 1136507597
1136514581 1136523292
1136523432 1136524022
1136524024 1136532380
1136532615 1136538441
1136538480 1136542526
1136543621 1136548545
1136548647 1136551547
1136551879 1136553459
1136582222 1136596319
1136597279 1136622836
1136622974 1136630354
1136630456 1136643491
1136643724 1136649617
