1126073281 1126114861
1126120105 1126120145
1126120224 1126120270
1126120428 1126120447
1126120934 1126121054
1126121062 1126121073
1126121076 1126121080
1126121083 1126121085
1126121089 1126121165
1126121214 1126123280
1126123305 1126126833
1126138957 1126139267
1126148792 1126166028
1126243893 1126244157
1126244516 1126244518
1126244547 1126244589
1126244592 1126244638
1126244663 1126244666
1126245125 1126245142
1126245148 1126245743
1126247816 1126248131
1126251356 1126274322
1126275876 1126282207
1126282222 1126282233
1126282239 1126282246
1126282248 1126307503
1126308150 1126308181
1126308238 1126368408
1126394053 1126395261
1126400237 1126427496
1126430916 1126431572
1126431763 1126448905
1126469805 1126480080
1126523554 1126530914
1126532825 1126604112
1126611260 1126613091
1126615167 1126629181
1126632767 1126645233
1126645234 1126677317
1126682204 1126691793
1126714199 1126715543
1126719670 1126720055
1126721488 1126821941
1126829070 1126836866
1126837025 1126851578
1126854618 1126893227
1126907709 1126909054
1126910280 1126944159
1126946001 1126970529
1126986026 1126991568
1126991968 1127059230
1127059236 1127082142
1127087262 1127111469
1127118815 1127120670
1127120671 1127120681
1127120683 1127133359
1127156123 1127159169
1127165731 1127224040
1127233382 1127256633
1127258251 1127272523
1127275767 1127311510
1127312940 1127329715
1127329741 1127480460
1127480461 1127490664
1127492686 1127499083
1127501192 1127538416
1127541619 1127563235
1127563236 1127572348
1127600316 1127604345
1127605733 1127613824
1127617419 1127634253
1127637297 1127670418
1127672261 1127672621
1127677079 1127682876
1127686020 1127686417
1127688509 1127743166
1127745233 1127745779
1127745987 1127746052
1127746063 1127746103
1127746113 1127746544
1127746666 1127746970
1127747092 1127767670
1127769587 1127769696
1127781652 1127814170
1127832816 1127836747
1127836869 1127837070
1127837162 1127837187
1127837309 1127837630
1127849770 1127851198
1127931705 1128021825
1128027644 1128100907
1128114845 1128114964
1128116122 1128176317
1128179080 1128179121
1128182174 1128182207
1128211919 1128302881
1128303745 1128303997
1128305127 1128307751
1128318462 1128352190
1128387348 1128464705
1128465006 1128527972
1128536270 1128546196
1128618330 1128708736
1128735898 1128763900
1128771563 1128782611
1128808054 1128810144
1128811403 1128811413
1128811845 1128837796
1128857957 1128873900
1128875955 1128880797
1128881797 1128881921
1128885160 1128885234
1128885311 1128887242
1128887521 1128889459
1128889535 1128889789
1128890391 1128890768
1128890930 1128922731
1128929549 1128929843
1128931553 1128956764
1128984937 1129003850
1129007377 1129011309
1129018165 1129018240
1129034777 1129035042
1129035292 1129136363
1129136488 1129152759
1129154917 1129155125
1129155373 1129222395
1129228974 1129229397
1129229645 1129260383
1129265322 1129320491
1129323280 1129323515
1129323528 1129324237
1129327620 1129383252
1129481299 1129481531
1129481788 1129493502
1129496123 1129496853
1129497102 1129574798
1129608421 1129608597
1129608986 1129615584
1129618109 1129627650
1129632958 1129668839
1129669250 1129669287
1129669605 1129672617
1129672624 1129674015
1129674599 1129676608
1129684629 1129703995
1129721441 1129777891
1129785862 1129804484
1129874512 1129874658
1129876474 1129882366
1129956074 1129956137
1129967496 1129968128
1129972982 1129974141
1129974798 1129992773
1130017906 1130017942
1130018374 1130094625
1130098767 1130099962
1130119104 1130164504
1130170367 1130170765
1130170961 1130185383
1130185907 1130186241
1130186779 1130186852
1130187663 1130193585
1130195827 1130244155
1130308449 1130330491
1130467309 1130482412
1130498999 1130559234
1130572123 1130578448
1130585152 1130603139
1130637565 1130637875
1130637878 1130638004
1130638012 1130645698
1130654509 1130654675
1130655101 1130655213
1130655480 1130689007
1130696694 1130701429
1130704267 1130704301
1130704794 1130713055
1130721827 1130743447
1130743567 1130743591
1130743609 1130753415
1130766928 1130864260
1130875155 1130916520
1130940628 1130965833
1130969195 1131016006
1131053885 1131073926
1131078631 1131087616
1131089871 1131121000
1131144011 1131179534
1131181759 1131209140
1131258267 1131260214
1131262191 1131272860
1131293477 1131303180
1131303323 1131303331
1131303368 1131304751
1131308414 1131314522
1131318999 1131387095
1131394663 1131429841
1131599017 1131647705
1131648426 1131665255
1131704054 1131728752
1131731461 1131731652
1131733579 1131734426
1131736047 1131780860
1131944111 1131954784
1131957291 1131963254
1131965961 1131966648
1131970745 1131990532
1132011596 1132035036
1132041753 1132044354
1132046499 1132091216
1132099787 1132103455
1132108364 1132185253
1132196968 1132204810
1132204938 1132206535
1132206635 1132287599
1132296643 1132314879
1132317315 1132339955
1132341764 1132347642
1132353096 1132354136
1132357040 1132357052
1132369386 1132370126
1132371321 1132414098
1132477763 1132552703
1132565067 1132565536
1132566053 1132591494
1132595369 1132637904
1132646503 1132688789
1132706376 1132814101
1132881332 1132912808
1132919865 1133020070
1133020289 1133020386
1133020822 1133020876
1133021152 1133021245
1133021469 1133021519
1133021657 1133021796
1133021969 1133021996
1133022005 1133022024
1133049297 1133049383
1133049827 1133049863
1133053600 1133138742
1133138753 1133138754
1133138761 1133138987
1133139006 1133172949
1133180264 1133233383
1133244146 1133245565
1133259960 1133304360
1133326242 1133380618
1133442329 1133468426
1133578942 1133578959
1133579095 1133579120
1133579179 1133579238
1133579608 1133626809
1133662891 1133665971
1133674027 1133692878
1133739752 1133739756
1133740201 1133744009
1133744193 1133747565
1133752367 1133754942
1133759478 1133771116
1133771123 1133804130
1133927117 1133979005
1133988697 1133991162
1133992884 1134010574
1134065965 1134076535
1134099129 1134156894
1134157899 1134178276
1134188743 1134195798
1134197648 1134222546
1134226580 1134227302
1134267676 1134278456
1134280329 1134291628
1134291720 1134292250
1134292331 1134302304
1134302849 1134302916
1134303073 1134303823
1134304169 1134304357
1134304437 1134348434
1134351816 1134355920
1134358285 1134416150
1134432174 1134510211
1134517833 1134528862
1134542897 1134673757
1134674556 1134675707
1134720273 1134768190
1134771748 1134835585
1134861363 1134861393
1134861839 1134866703
1134866719 1134868671
1134868774 1134878382
1134884160 1134929652
1135021592 1135024394
1135032996 1135107747
1135135980 1135151428
1135151611 1135234150
1135238478 1135364643
1135364646 1135391749
1135410859 1135417372
1135418511 1135446251
1135457338 1135496456
1135516673 1135596211
1135616986 1135651273
1135664609 1135698459
1135702204 1135702662
1135702678 1135717343
1135736923 1135770186
1135776329 1135843739
1135844154 1135844217
1135852902 1135898693
1135910782 1135924188
1135924849 1135943020
1135948315 1135975834
1135980230 1135991814
1136001664 1136001888
1136004215 1136024580
1136032403 1136038418
1136090180 1136091281
1136104248 1136104673
1136106406 1136122930
1136160206 1136160477
1136164301 1136176726
1136179810 1136181264
1136192553 1136217629
1136260106 1136304022
1136346284 1136347154
1136347456 1136376165
1136376392 1136399187
1136400265 1136408548
1136408699 1136414325
1136414537 1136419210
1136419314 1136428437
1136430897 1136435569
1136435610 1136462489
1136462736 1136466239
1136476207 1136479761
1136482530 1136527335
1136528305 1136560537
1136560548 1136567007
1136581202 1136584903
1136584955 1136596292
1136596904 1136650141
1136703765 1136703974
1136704030 1136704149
1136704204 1136704212
1136704269 1136704298
1136704355 1136704379
1136704601 1136704717
1136705784 1136760481
1136761159 1136761324
1136761652 1136762056
1136762384 1136771312
1136771821 1136771899
1136772622 1136772689
1136798879 1136801215
1136801621 1136806968
1136814651 1136814819
1136815983 1136828840
1136829977 1136830210
1136830220 1136830285
1136830295 1136830349
1136831345 1136831997
1136832993 1136833604
1136833608 1136833641
1136833646 1136833847
1136860971 1136915991
1136923296 1136930091
1136953406 1137008227
1137022030 1137097551
1137122333 1137124012
1137174191 1137176463
1137184740 1137189458
1137191327 1137191391
1137194741 1137200265
1137202033 1137202316
1137202452 1137202469
1137210636 1137262780
1137311091 1137339872
1137815249 1137815347
1138872057 1138903624
1138934784 1138982708
1139197600 1139249011
1139386475 1139419053
1141210283 1141232926
1143607946 1143611763
1151961254 1151961356
1151998202 1152025956
1152030789 1152034027
1152039346 1152041836
1152045420 1152055050
1152055452 1152061670
1152062743 1152087888
1152127350 1152129190
1152132849 1152135142
1152140672 1152142980
1152148884 1152149028
1152163802 1152165417
1152170576 1152173628
1152175969 1152183088
1152332080 1152332360
1152332431 1152332472
1152333975 1152341899
1152411864 1152413014
1152485952 1152485977
1152502980 1152504414
1152504504 1152508921
1152637893 1152638083
1152676120 1152676133
1152676254 1152677867
1152681027 1152681061
1153025123 1153025210
1153208786 1153208799
1153640276 1153640333
1153640527 1153640704
1153640848 1153642541
1156321746 1156326390
1158137386 1158172172
1158198308 1158198443
1158198502 1158198554
1158198600 1158198717
1158198763 1158226544
1158487120 1158489747
1158558873 1158559693
1158559716 1158559758
1158559840 1158560161
1158560192 1158560208
1158560262 1158560268
1158560438 1158560605
1158560726 1158560729
1158561024 1158561028
1158561127 1158561128
1158561168 1158561186
1158561547 1158561553
1158561749 1158561923
1158562424 1158562431
1158562600 1158562607
1158562780 1158562787
1158562960 1158562967
1158563140 1158563147
1158563316 1158563323
1158563496 1158563503
1158563676 1158563683
1158563856 1158563863
1158564032 1158564040
1158564213 1158564220
1158564393 1158564400
1158564570 1158564577
1158564750 1158564757
1158564930 1158564937
1158565106 1158565113
1158565286 1158565293
1158565466 1158567621
1158620560 1158622317
1158656859 1158663353
1158726666 1158727931
1158733531 1158738133
1158800077 1158800360
1158802391 1158803443
1158824955 1158826258
1158826601 1158833926
1158844826 1158845403
1158913165 1158938045
1158948365 1158948885
1159003989 1159006981
1159014173 1159014291
1159016274 1159016452
1159018231 1159024789
1159081925 1159087795
1159125101 1159125202
1159125237 1159126286
1159148763 1159150021
1159155305 1159155363
1159166614 1159175721
1159225114 1159225403
1159225414 1159225568
1159225589 1159225648
1159225670 1159225712
1159225733 1159226028
1159226030 1159226053
1159226074 1159226467
1159226488 1159226607
1159226628 1159226686
1159226708 1159227041
1159227063 1159227286
1159227307 1159227511
1159227532 1159227565
1159227586 1159228172
1159228303 1159228637
1159231077 1159232265
1159236004 1159241543
1159243742 1159246026
1159768514 1159769115
1159769118 1159769809
1159769812 1159771349
1159773832 1159778274
1159780596 1159798379
1159799869 1159801944
1159808156 1159808882
1159808892 1159808917
1159808932 1159809028
1159809047 1159809066
1159809080 1159809093
1159809106 1159809118
1159809133 1159809148
1159809169 1159809195
1159809209 1159809322
1159809338 1159809512
1159813042 1159813061
1160341591 1160342079
1160348177 1160351078
1160355774 1160359996
1160361849 1160361860
1160361863 1160362969
1160363524 1160363861
1160363869 1160366567
1160371382 1160371697
1160376117 1160377678
1160377681 1160382051
1160382147 1160408494
1160434088 1160434114
1160593035 1160609238
1160666296 1160691921
1160782190 1160783805
1160783991 1160784067
1160784094 1160784170
1160784197 1160784228
1160784244 1160784247
1160784274 1160784298
1160784351 1160784357
1160784383 1160785967
1160785992 1160787275
1160787301 1160787319
1160787346 1160787386
1160787412 1160788981
1160789007 1160789032
1160789058 1160789133
1161326143 1161359150
1161359221 1161359365
1161359436 1161359778
1161359849 1161363199
1161423418 1161424007
1161588013 1161589316
1161589324 1161589396
1161589417 1161589579
1161589649 1161589650
1161589799 1161589823
1161589976 1161590172
1161590251 1161590276
1161590355 1161590604
1161590683 1161590849
1161590905 1161590908
1161591091 1161593247
1161595248 1161605289
1161615163 1161624364
1161641501 1161641943
1161931737 1161956413
1161956421 1161958315
1161964618 1161965597
1161965607 1161970678
1162123778 1162124757
1162124830 1162125196
1162125269 1162125485
1162127110 1162129211
1162134265 1162137154
1162162160 1162163380
1162370086 1162403643
1162403644 1162413452
1162542377 1162571066
1162571077 1162571154
1162571164 1162576616
1162577519 1162578075
1162607864 1162607881
1162612374 1162613145
1162613278 1162613324
1162613330 1162613336
1162615152 1162615782
1162616140 1162616172
1162616486 1162616508
1162616612 1162616618
1162617577 1162618161
1162619290 1162620346
1162622537 1162625187
1162625196 1162629242
1162629246 1162629248
1162629254 1162642171
1162684133 1162684415
1162687111 1162687233
1162692081 1162692152
1162699842 1162700252
1162700628 1162701429
1162703527 1162704543
1162715677 1162717541
1162753075 1162753127
1162757996 1162758008
1162811778 1162824804
1162842553 1162842618
1162842628 1162842711
1162843505 1162843567
1162844345 1162844481
1162845026 1162845144
1162845690 1162845920
1162846209 1162846220
1162846559 1162847019
1162849697 1162849849
1162849888 1162849903
1162849943 1162850245
1162850285 1162850318
1162850358 1162850479
1162850544 1162850546
1162857497 1162858475
1162859577 1162860107
1162864079 1162868141
1162869214 1162869239
1162869316 1162869341
1162869721 1162869762
1162878552 1162880162
1162880190 1162880749
1162880757 1162881242
1162882321 1162882330
1162887685 1162887702
1162890553 1162890626
1162896491 1162907680
1162910970 1162913439
1162916122 1162916312
1162918482 1162920191
1162926527 1162928185
1162929454 1162929477
1162929555 1162929582
1162929660 1162930323
1162930397 1162930576
1162930654 1162931498
1162931610 1162934690
1162939024 1162939092
1162948080 1162948263
1162948674 1162948805
1162948879 1162949730
1162955026 1162955027
1162956442 1162956443
1162957328 1162960489
1162961322 1162961424
1162961804 1162962094
1162962168 1162962707
1162962781 1162963746
1162964263 1162964324
1162964401 1162964466
1162964540 1162964586
1162964759 1162964800
1162966215 1162966781
1162966859 1162967450
1162968228 1162968398
1162968943 1162969229
1162969774 1162969870
1162973281 1162973286
1162973316 1162973318
1162973348 1162973350
1162973438 1162973495
1162973513 1162973521
1162973557 1162973562
1162973592 1162973596
1162973625 1162973651
1162973712 1162973860
1162973938 1162973943
1162973974 1162973991
1162974031 1162974033
1162974082 1162974086
1162974148 1162974153
1162974198 1162974199
1162974243 1162974250
1162974321 1162974335
1162974368 1162974375
1162974411 1162974422
1162974430 1162974447
1162974466 1162974472
1162974502 1162974507
1162974567 1162974995
1162975005 1162975013
1162975074 1162975101
1162975135 1162975136
1162975175 1162975185
1162975228 1162975232
1162975276 1162975278
1162975338 1162975926
1162976013 1162976029
1162976117 1162976140
1162976227 1162976611
1162976728 1162976774
1162977173 1162977243
1162977536 1162977553
1162978363 1162985375
1162987426 1162987447
1162988759 1162988821
1162988898 1162988983
1162989061 1162989640
1162989724 1162989807
1162989884 1163004053
1163004869 1163004993
1163005646 1163005878
1163005952 1163006137
1163006211 1163006244
1163006317 1163018957
1163019711 1163019798
1163019876 1163020135
1163020213 1163020476
1163020549 1163020557
1163020635 1163020637
1163020715 1163020885
1163020963 1163021093
1163021166 1163022621
1163037151 1163038179
1163038252 1163038300
1163038373 1163038502
1163041217 1163041560
1163041639 1163041800
1163041873 1163042060
1163042133 1163042368
1163042447 1163042575
1163042654 1163047217
1163047283 1163047333
1163047359 1163047364
1163047390 1163047467
1163047513 1163047559
1163047605 1163047626
1163047672 1163047786
1163047833 1163047860
1163047906 1163049319
1163049392 1163049839
1163049910 1163049913
1163049984 1163049986
1163050108 1163050450
1163050863 1163050929
1163051346 1163051439
1163051518 1163051767
1163051847 1163052153
1163052171 1163052216
1163052446 1163052461
1163052478 1163052489
1163052868 1163054376
1163054450 1163054714
1163056480 1163056580
1163056824 1163056828
1163056954 1163057192
1163057320 1163058221
1163058253 1163058254
1163058449 1163058492
1163058608 1163058655
1163058667 1163058744
1163058817 1163059086
1163059094 1163059840
1163060593 1163060670
1163060748 1163060861
1163061249 1163066558
1163067695 1163067732
1163069956 1163069968
1163070046 1163070087
1163070165 1163070192
1163070266 1163070502
1163070580 1163070740
1163212966 1163213035
1163214723 1163215471
1163217166 1163218458
1163220246 1163221468
1163223199 1163224656
1163241198 1163245061
1163245835 1163248333
1163255384 1163261356
1163302426 1163305833
1163305841 1163306260
1163306268 1163307292
1163307310 1163307428
1163309556 1163333344
1163334118 1163352350
1163352505 1163361047
1163361198 1163366361
1163366365 1163368051
1163390273 1163390720
1163390792 1163390818
1163390872 1163390934
1163390987 1163391043
1163391092 1163391106
1163391155 1163391230
1163391304 1163391338
1163391354 1163392164
1163394289 1163394813
1163394831 1163394916
1163395259 1163395710
1163395853 1163395932
1163396165 1163396235
1163396581 1163396648
1163396891 1163396973
1163397426 1163397601
1163397637 1163397641
1163397693 1163397730
1163397779 1163397782
1163397797 1163397804
1163397858 1163398770
1163402664 1163404262
1163404285 1163404381
1163406329 1163416096
1163419610 1163425056
1163426778 1163438413
1163441628 1163468245
1163468253 1163468278
1163473437 1163474282
1163475060 1163475447
1163475992 1163476368
1163476913 1163477283
1163478057 1163478679
1163478739 1163479008
1163479068 1163479181
1163479241 1163479312
1163479373 1163479505
1163479565 1163479635
1163480444 1163508489
1163512262 1163530664
1163534747 1163538194
1163544586 1163547037
1163551851 1163553091
1163565890 1163565986
1163565999 1163566041
1163588866 1163595553
1163598488 1163600273
1163604625 1163640374
1163640423 1163640936
1163640955 1163641285
1163641317 1163643486
1163643552 1163643566
1163643760 1163643809
1163644183 1163645328
1163645336 1163645477
1163645491 1163709616
1163710659 1163711455
1163735621 1163756583
1163758634 1163790118
1163790167 1163790869
1163790918 1163794790
1163796390 1163797886
1163816051 1163816112
1163822519 1163832975
1163834930 1163868409
1163894751 1163894806
1163896550 1163896911
1163896936 1163897260
1163900514 1163903047
1163904637 1163908106
1163908109 1163915911
1163915914 1163916021
1163916027 1163916462
1163916466 1163917380
1163917385 1163918079
1163918091 1163918462
1163918465 1163918711
1163918717 1163918913
1163918917 1163918971
1163918978 1163919066
1163937199 1163949503
1163961960 1163966065
1163967948 1163976945
1163976947 1163982017
1163982021 1163983454
1163983959 1163984612
1163984912 1163990579
1163996029 1163999799
1164003077 1164007150
1164009389 1164013651
1164017853 1164017924
1164027906 1164028431
1164087552 1164089542
1164094916 1164120774
1164134292 1164134609
1164179562 1164202781
1164246997 1164252176
1164282084 1164305053
1164362287 1164389859
1164465103 1164474651
1164508339 1164508455
1164508458 1164508494
1164508501 1164508503
1164508504 1164508628
1164508630 1164508635
1164508639 1164508699
1164508941 1164508964
1164509933 1164509940
1164509942 1164509952
1164509954 1164510071
1164510073 1164510101
1164510103 1164510278
1164510283 1164510395
1164510397 1164510427
1164510430 1164510515
1164510519 1164510522
1164510530 1164510578
1164510580 1164510596
1164510599 1164510624
1164510641 1164510647
1164510649 1164510669
1164510672 1164510684
1164510687 1164510993
1164513086 1164513117
1164530018 1164530145
1164530250 1164530491
1164530668 1164532520
1164532595 1164549708
1164549981 1164555150
1164559052 1164559164
1164559334 1164559657
1164559678 1164559680
1164559813 1164559987
1164560558 1164561395
1164562059 1164569778
1164569804 1164574895
1164574898 1164575238
1164596587 1164604307
1164664599 1164665296
1164667171 1164669951
1164672443 1164672525
1164672566 1164672891
1164672935 1164673505
1164673507 1164674322
1164674395 1164674794
1164674796 1164700285
1164700303 1164745007
1164745534 1164747079
1164750249 1164756097
1164756104 1164756165
1164756184 1164756398
1164756406 1164756770
1164756780 1164756809
1164756818 1164758203
1164769544 1164770018
1164770110 1164793994
1164811906 1164811917
1164811925 1164853578
1164853580 1164853588
1164853592 1164853599
1164853606 1164853607
1164853669 1164954634
1164961115 1164961958
1164962227 1164988979
1165024024 1165024701
1165026275 1165039811
1165044291 1165053956
1165055740 1165071819
1165072088 1165077870
1165077874 1165077929
1165077934 1165078035
1165078036 1165078038
1165078043 1165080729
1165097912 1165098131
1165098132 1165100870
1165109136 1165110363
1165110364 1165110603
1165110871 1165171827
1165171855 1165191024
1165191054 1165191419
1165191472 1165192467
1165192759 1165193149
1165193274 1165212584
1165217780 1165220142
1165220410 1165226051
1165229093 1165230438
1165232705 1165234254
1165237605 1165242745
1165243014 1165243922
1165303784 1165305481
1165307232 1165309290
1165312472 1165312913
1165313294 1165314119
1165319973 1165321633
1165327140 1165346648
1165366419 1165372322
1165372590 1165432802
1165432803 1165432805
1165432807 1165432809
1165432811 1165435741
1165435769 1165453205
1165453473 1165503815
1165508599 1165518951
1165519397 1165531178
1165531180 1165531181
1165531225 1165531504
1165531506 1165531509
1165531511 1165531519
1165531521 1165531539
1165531543 1165531544
1165531598 1165598576
1165614471 1165616049
1165616319 1165674304
