1126071838 1126086553
1126086556 1126111138
1126153391 1126156260
1126156262 1126159668
1126164072 1126165915
1126233804 1126240704
1126241260 1126247542
1126248525 1126248688
1126256581 1126264691
1126301002 1126304365
1126304417 1126364087
1126394268 1126410042
1126414855 1126414953
1126414956 1126420940
1126420942 1126425848
1126552095 1126555046
1126555049 1126603333
1126625071 1126628100
1126643286 1126645392
1126645689 1126675574
1126685977 1126691334
1126693300 1126703536
1126729556 1126733225
1126736374 1126771420
1126786527 1126788161
1126790463 1126832426
1126832428 1126849861
1126868696 1126873675
1126883713 1126893057
1126908528 1126942368
1126954898 1126963846
1126983568 1126991792
1126994309 1127072295
1127072297 1127074207
1127085964 1127086904
1127087551 1127092215
1127093984 1127126633
1127126636 1127135244
1127145278 1127145629
1127145646 1127146500
1127159653 1127172026
1127174378 1127229875
1127233421 1127233538
1127233611 1127233660
1127233662 1127233670
1127233697 1127233917
1127233919 1127233921
1127233939 1127233994
1127234012 1127234090
1127234092 1127234117
1127234129 1127234209
1127234312 1127271521
1127307451 1127311315
1127315022 1127316090
1127326048 1127378210
1127384363 1127409172
1127420335 1127423155
1127424656 1127436818
1127441684 1127460551
1127464559 1127464898
1127466746 1127480974
1127480976 1127483227
1127487617 1127487634
1127487637 1127489197
1127489199 1127489224
1127489226 1127489239
1127489240 1127489258
1127489272 1127489289
1127489292 1127490294
1127490315 1127490378
1127496491 1127506096
1127507256 1127508497
1127511936 1127565200
1127588220 1127613329
1127616159 1127658897
1127663602 1127663621
1127663626 1127663926
1127664016 1127664042
1127664047 1127669226
1127676768 1127676901
1127676927 1127676932
1127677954 1127679029
1127687715 1127742723
1127743567 1127744349
1127746697 1127747334
1127754730 1127754748
1127756899 1127757085
1127760649 1127760820
1127767197 1127767205
1127771849 1127772831
1127776856 1127778360
1127779323 1127797784
1127806679 1127820439
1127820442 1127822144
1127822684 1127824340
1127824343 1127828337
1127831184 1127831193
1127833346 1127833914
1127841105 1127841131
1127858745 1127858856
1127865015 1127865626
1127868684 1127868979
1127876257 1127876260
1127902316 1127903412
1127905363 1127905553
1127905647 1127922265
1127923846 1127923871
1127929763 1127929829
1127941775 1127941812
1127943895 1127943968
1127946608 1127946623
1127947924 1127949187
1127956612 1127956722
1127972485 1127972675
1127975286 1127975579
1127976555 1128007755
1128016345 1128017661
1128018940 1128019034
1128024996 1128025003
1128030419 1128030653
1128034909 1128037349
1128038976 1128039150
1128039671 1128072514
1128116301 1128122075
1128122076 1128154234
1128154237 1128171655
1128197877 1128205124
1128207165 1128207193
1128207197 1128239734
1128240295 1128299091
1128307587 1128351843
1128353701 1128353730
1128353895 1128354190
1128386778 1128406196
1128406198 1128459504
1128459688 1128459747
1128463176 1128463512
1128463637 1128464059
1128464846 1128466476
1128466477 1128504361
1128537768 1128539723
1128547318 1128547626
1128557868 1128558017
1128559148 1128562149
1128571834 1128577921
1128577924 1128578293
1128579210 1128593870
1128616559 1128688467
1128688469 1128706899
1128718983 1128719036
1128719188 1128719379
1128734026 1128735212
1128735538 1128775559
1128775674 1128776467
1128776472 1128776490
1128776606 1128776618
1128798714 1128798906
1128799168 1128799753
1128799760 1128800430
1128812998 1128813025
1128813027 1128813032
1128813034 1128813043
1128813045 1128813060
1128813062 1128813077
1128813093 1128824629
1128824656 1128830762
1128833406 1128837966
1128870689 1128876141
1128876144 1128876769
1128876772 1128880179
1128880278 1128880353
1128880449 1128880968
1128887752 1128888408
1128888410 1128889359
1128891196 1128891556
1128891559 1128894292
1128894295 1128895813
1128898431 1128898499
1128899030 1128904753
1128904756 1128913468
1128913470 1128922967
1128923016 1128926705
1128926708 1128933662
1128933665 1128938925
1128938928 1128940022
1128940024 1128947402
1128947405 1128956822
1128987312 1128987364
1128987764 1129035366
1129035631 1129052629
1129060946 1129061254
1129065330 1129085557
1129087571 1129118969
1129215953 1129218462
1129243881 1129244126
1129244562 1129257252
1129273738 1129294718
1129299135 1129299718
1129300137 1129301343
1129304341 1129304399
1129308832 1129312920
1129328388 1129334469
1129336870 1129341548
1129342218 1129343018
1129343549 1129364894
1129364895 1129370154
1129370155 1129381413
1129435896 1129463781
1129466993 1129467237
1129467693 1129476408
1129482322 1129486741
1129488599 1129489149
1129491347 1129491377
1129491507 1129491620
1129493861 1129494159
1129496272 1129497642
1129498255 1129498757
1129503851 1129503938
1129508009 1129508140
1129508264 1129508897
1129510474 1129511372
1129511829 1129566062
1129580118 1129580172
1129607464 1129608346
1129619236 1129637853
1129638066 1129648547
1129659790 1129661856
1129671826 1129672803
1129673795 1129676975
1129681407 1129681547
1129682407 1129688795
1129697286 1129701523
1129701715 1129702730
1129703208 1129713096
1129715653 1129716717
1129717385 1129736377
1129742484 1129743298
1129744928 1129745360
1129746978 1129752779
1129755476 1129756505
1129758304 1129760577
1129771450 1129773047
1129773190 1129776761
1129780164 1129780167
1129780238 1129801218
1129801658 1129808686
1129811560 1129811749
1129812191 1129820508
1129823346 1129824035
1129826859 1129830212
1129834559 1129835873
1129979484 1129986320
1130005073 1130005155
1130005273 1130005291
1130005372 1130006628
1130006951 1130008403
1130008848 1130024424
1130024454 1130066809
1130067495 1130067886
1130072494 1130085214
1130085333 1130085438
1130085928 1130089659
1130092851 1130098644
1130098737 1130099286
1130099329 1130099337
1130099406 1130099416
1130099482 1130099494
1130099615 1130099626
1130103473 1130103506
1130110897 1130113951
1130113957 1130113961
1130113965 1130114097
1130114102 1130114106
1130114110 1130114211
1130117357 1130117368
1130126705 1130127225
1130127600 1130302708
1130312695 1130313828
1130316793 1130331197
1130331686 1130331810
1130331892 1130337668
1130346061 1130348640
1130355103 1130355185
1130362270 1130364342
1130385375 1130387500
1130387817 1130387866
1130387948 1130407065
1130407350 1130430897
1130433397 1130434447
1130437647 1130441732
1130444667 1130444677
1130446811 1130447589
1130456254 1130458956
1130473921 1130474486
1130474568 1130474609
1130474691 1130474810
1130475211 1130489318
1130496105 1130496257
1130496339 1130496345
1130496672 1130545228
1130545858 1130594981
1130615579 1130615752
1130616092 1130616596
1130616913 1130616915
1130617064 1130617569
1130620830 1130620952
1130621034 1130625792
1130628442 1130645991
1130666788 1130699513
1130699514 1130701072
1130701078 1130719356
1130723012 1130723014
1130723258 1130723385
1130723388 1130760984
1130761975 1130864444
1130864548 1130889672
1130892497 1130916247
1130929198 1130929282
1130929364 1130929459
1130929974 1130930318
1130932443 1130932641
1130932906 1130935398
1130942168 1130943617
1130945067 1130945189
1130945271 1130945612
1130962308 1130967823
1130967905 1130973763
1131101411 1131120882
1131143567 1131145874
1131145881 1131148211
1131148214 1131165990
1131166273 1131190718
1131190800 1131190885
1131191155 1131193714
1131226626 1131226739
1131226741 1131226911
1131227345 1131227808
1131227890 1131242738
1131269495 1131276472
1131276907 1131280072
1131282694 1131282807
1131282889 1131283103
1131283348 1131298722
1131299060 1131299207
1131305940 1131334751
1131335089 1131343451
1131347023 1131347425
1131347666 1131363901
1131364239 1131372171
1131376706 1131397345
1131397659 1131405141
1131405161 1131426271
1131437294 1131448381
1131448719 1131454096
1131462917 1131463167
1131463249 1131463321
1131463755 1131465647
1131468384 1131468744
1131468826 1131468846
1131468991 1131475244
1131478290 1131479200
1131482477 1131482536
1131482617 1131482927
1131483168 1131484814
1131521205 1131533755
1131533756 1131541124
1131541559 1131549056
1131552789 1131552848
1131552933 1131553099
1131553436 1131553564
1131553646 1131553697
1131553779 1131559060
1131559120 1131567672
1131594569 1131594768
1131594850 1131595199
1131595538 1131616331
1131632429 1131632489
1131632571 1131633426
1131633957 1131655959
1131656393 1131669996
1131678255 1131717706
1131718337 1131727640
1131729053 1131729059
1131734632 1131734990
1131735231 1131735345
1131735427 1131737249
1131739516 1131739939
1131740021 1131742158
1131746802 1131746923
1131747004 1131772337
1131892870 1131896269
1131896607 1131902712
1131902713 1131907592
1131932604 1131938819
1131939912 1131940115
1131940129 1131940148
1131940149 1131950992
1131985803 1131986506
1131986768 1131996800
1131997331 1131998889
1131999130 1132016671
1132016740 1132026662
1132027628 1132027979
1132028649 1132035892
1132043508 1132043514
1132044238 1132057647
1132057888 1132064682
1132065140 1132080829
1132084654 1132084698
1132087429 1132091337
1132093979 1132119510
1132119849 1132175510
1132175750 1132184025
1132221018 1132223315
1132225920 1132228049
1132260094 1132261506
1132266175 1132266361
1132266452 1132273105
1132273539 1132296544
1132332298 1132341307
1132342224 1132342897
1132345703 1132345819
1132360857 1132361095
1132361432 1132361591
1132370110 1132409063
1132434036 1132435387
1132437541 1132437637
1132437782 1132438650
1132438864 1132438873
1132500160 1132501274
1132501365 1132501599
1132502144 1132502147
1132502160 1132502167
1132502715 1132502766
1132503106 1132507118
1132532876 1132535604
1132544627 1132552487
1132576615 1132576636
1132577640 1132584130
1132584216 1132584327
1132613780 1132615536
1132617114 1132617534
1132617679 1132639378
1132639715 1132652680
1132666222 1132666232
1132666523 1132666565
1132669229 1132670080
1132670417 1132671334
1132672887 1132673796
1132674036 1132674954
1132682409 1132683758
1132686680 1132687163
1132687404 1132687847
1132688017 1132688141
1132693707 1132693923
1132701449 1132702107
1132712471 1132727714
1132730571 1132759497
1132759834 1132860677
1132871765 1132912454
1132915253 1132915624
1132915961 1132998601
1132998939 1133008612
1133009234 1133014420
1133033062 1133033309
1133034588 1133034688
1133040629 1133040849
1133042301 1133042453
1133042695 1133043447
1133043453 1133043455
1133043465 1133043777
1133044830 1133045414
1133045470 1133045477
1133045595 1133045618
1133045690 1133046336
1133049122 1133093673
1133102283 1133102365
1133104346 1133111101
1133111345 1133165673
1133165674 1133175480
1133175817 1133189449
1133190111 1133190151
1133191868 1133194808
1133204836 1133211518
1133216227 1133266369
1133285023 1133285717
1133286250 1133304337
1133324899 1133325284
1133325720 1133325752
1133325925 1133342844
1133343375 1133349541
1133368208 1133368391
1133368922 1133368941
1133369032 1133369138
1133369797 1133383498
1133384223 1133387031
1133400451 1133404972
1133407863 1133407980
1133409740 1133410173
1133410610 1133421611
1133438942 1133439100
1133439536 1133471940
1133472308 1133501248
1133501491 1133511032
1133531201 1133543083
1133585194 1133598094
1133598626 1133599309
1133600564 1133619415
1133648052 1133648252
1133648591 1133649362
1133652535 1133670669
1133671450 1133674541
1133674544 1133692917
1133715950 1133718521
1133718524 1133722321
1133729240 1133729356
1133730614 1133736459
1133736476 1133778817
1133779731 1133801109
1133823696 1133826217
1133826643 1133827263
1133827267 1133843303
1133862657 1133875196
1133875430 1133875599
1133875602 1133898442
1133898555 1133899201
1133899599 1133899608
1133901438 1133937005
1133937006 1133959715
1133962102 1133966022
1133995230 1133995890
1133996196 1134014032
1134014169 1134018840
1134031023 1134031543
1134031546 1134032110
1134144061 1134144143
1134147277 1134158838
1134158975 1134159001
1134159044 1134159695
1134159699 1134180242
1134180381 1134218565
1134218701 1134219018
1134223274 1134224390
1134245636 1134246107
1134252074 1134258352
1134262706 1134270649
1134270786 1134270906
1134277494 1134281568
1134281705 1134330274
1134330507 1134330887
1134332840 1134369981
1134376645 1134399524
1134402365 1134408291
1134426740 1134441040
1134441345 1134447815
1134453469 1134458382
1134458519 1134476696
1134486776 1134502961
1134503599 1134506057
1134511816 1134529421
1134538758 1134539006
1134539009 1134582894
1134583128 1134589596
1134618854 1134637242
1134637243 1134637462
1134637463 1134644028
1134768365 1134768404
1134768710 1134784829
1134784966 1134785334
1134785593 1134829873
1134862963 1134879371
1134904195 1134910183
1134910320 1134928384
1134964494 1134968893
1134968994 1134970219
1134970356 1134972135
1134972707 1134973997
1134974009 1135002116
1135020542 1135020959
1135023015 1135024279
1135032163 1135040786
1135043700 1135048320
1135054887 1135096408
1135100467 1135103160
1135117038 1135161704
1135172479 1135187459
1135192459 1135195359
1135198606 1135205074
1135205211 1135271487
1135436826 1135437030
1135445903 1135446977
1135450073 1135451521
1135466327 1135497678
1135497815 1135519336
1135519673 1135559211
1135559348 1135561114
1135575341 1135586799
1135591144 1135594919
1135602775 1135606977
1135608969 1135618455
1135624445 1135651710
1135663225 1135665510
1135669333 1135669839
1135676957 1135683893
1135689100 1135698612
1135709152 1135709384
1135709404 1135709430
1135709444 1135739115
1135740199 1135753175
1135753176 1135755777
1135771757 1135797963
1135799631 1135805676
1135818044 1135848214
1135848447 1135879750
1135881948 1135891968
1135892710 1135898830
1135913276 1135925322
1135925555 1135941071
1135941304 1135957339
1135968259 1135999106
1136010188 1136015492
1136074911 1136081513
1136093839 1136093888
1136105321 1136109246
1136117331 1136122686
1136184611 1136193180
1136193512 1136200611
1136205787 1136218107
1136262482 1136292414
1136292649 1136295892
1136353153 1136373590
1136374113 1136388447
1136388680 1136406509
1136407003 1136408698
1136426051 1136429921
1136429988 1136430970
1136449849 1136458963
1136459604 1136469536
1136483563 1136483712
1136483778 1136497456
1136497595 1136497786
1136498300 1136506785
1136506924 1136507597
1136514581 1136523292
1136523432 1136524022
1136524024 1136532380
1136532615 1136538441
1136538480 1136542526
1136543621 1136548545
1136548647 1136551547
1136551879 1136553459
1136582222 1136596319
1136597279 1136622836
1136622974 1136630354
1136630456 1136643491
1136643724 1136649636
1136690727 1136700410
1136700548 1136701219
1136749158 1136755624
1136762094 1136763431
1136767519 1136767543
1136770046 1136777972
1136792807 1136807178
1136807179 1136807664
1136813540 1136826340
1136832444 1136832725
1136833152 1136835852
1136847461 1136848124
1136860802 1136867196
1136879081 1136879110
1136879539 1136883216
1136897693 1136917325
1136954049 1136954050
1136954068 1136954094
1136954232 1136954586
1136954593 1136954594
1136954637 1136956031
1137006073 1137009469
1137009632 1137021792
1137021929 1137026163
1137205925 1137215324
1137215325 1137248329
1137248331 1137250767
1137297064 1137322820
1137334336 1137334503
1137342405 1137342542
1137998141 1138025952
1138041740 1138042007
1138042531 1138042637
1138042640 1138048151
1138048442 1138048558
1138052211 1138052221
1138052732 1138052827
1138076015 1138090312
1138756371 1138758782
1138761384 1138765822
1139797594 1139840229
1157436187 1157436600
1157436721 1157436897
1157437033 1157441694
1157759513 1157760189
1157770125 1157803305
1158472336 1158474614
1158558970 1158598513
1158721853 1158729076
1158809058 1158844585
1158844587 1158849063
1158989806 1159020072
1159058152 1159058154
1159063250 1159063311
1159064793 1159065433
1159068419 1159076242
1159147431 1159191401
1159677633 1159678572
1159680083 1159684124
1159684482 1159684514
1159690120 1159714444
1159747931 1159748778
1159761890 1159761938
1159762983 1159762986
1159764317 1159764318
1159766623 1159767021
1159769889 1159773209
1159775608 1159776269
1159777562 1159799336
1159815930 1159818400
1159822023 1159823017
1159832142 1159832958
1159833303 1159833340
1159833370 1159833381
1159833434 1159833451
1159833478 1159839537
1159860980 1159876637
1159884960 1159890235
1159908364 1159908516
1159914430 1159914642
1159915830 1159916520
1159916793 1159917935
1159947477 1159947564
1159993772 1159994237
1159996865 1159997000
1159998197 1160026370
1160031298 1160065799
1160123959 1160140330
1160142736 1160149128
1160151154 1160151869
1160153198 1160156143
1160172843 1160175757
1160180166 1160180356
1160248691 1160248693
1160251024 1160252973
1160255875 1160258326
1160260256 1160262267
1160380113 1160402021
1160543337 1160555563
1160572177 1160573410
1160581601 1160585286
1160587395 1160588914
1160605436 1160615411
1160617709 1160622177
1160624345 1160625459
1160626945 1160629527
1160631825 1160647039
1160660424 1160670544
1160670711 1160673575
1160675716 1160684050
1160767751 1160767785
1160768838 1160768908
1160769985 1160770106
1160770995 1160771168
1160772115 1160773066
1160773955 1160774436
1160776803 1160778048
1160790068 1160793758
1160798828 1160798832
1160798887 1160799200
1160799304 1160799457
1160799500 1160799504
1160799524 1160799535
1160799638 1160799695
1160799799 1160800118
1160800222 1160800775
1160801057 1160803100
1160803236 1160803260
1160805653 1160830717
1160970469 1160971001
1160978882 1161010699
1161010992 1161012460
1161132819 1161133215
1161363542 1161364797
1161365241 1161366356
1161372058 1161372125
1161381647 1161381703
1161385550 1161385907
1161385920 1161385979
1161386765 1161388304
1161466246 1161467185
1161467187 1161467393
1161467448 1161467454
1161467464 1161467466
1161467489 1161467492
1161467534 1161467546
1161467773 1161467927
1161468149 1161468420
1161468641 1161469551
1161490033 1161490450
1161490451 1161495971
1161509918 1161526077
1161558043 1161558288
1161562688 1161564188
1161576985 1161578609
1161579224 1161580716
1161585798 1161585999
1161586001 1161586030
1161586059 1161586063
1161586188 1161586190
1161586389 1161587390
1161587496 1161588004
1161588657 1161605788
1161629912 1161630280
1161630316 1161630370
1161630396 1161630397
1161630422 1161630431
1161630453 1161636329
1161651717 1161652328
1161652330 1161652819
1161652837 1161652840
1161652863 1161652867
1161652893 1161652896
1161653090 1161664406
1161721758 1161727702
1161728198 1161729119
1161734647 1161735032
1161746132 1161787556
1161819668 1161845573
1161863365 1161877339
1161881018 1161885819
1161888490 1161890595
1161895120 1161895506
1161895520 1161895585
1161895614 1161895770
1161895794 1161895811
1161895855 1161895941
1161895961 1161895975
1161896004 1161896017
1161896094 1161896113
1161896235 1161899411
1161921149 1161922604
1161933563 1161947211
1161952736 1161962398
1161971789 1161974971
1161981312 1161982978
1161984212 1161985118
1161985119 1161985221
1161985223 1161985339
1161985340 1161985776
1161985777 1161986040
1161986041 1161991936
1161995635 1161995814
1161995816 1162044036
1162086742 1162095951
1162167706 1162167904
1162168004 1162168079
1162168255 1162170253
1162170489 1162170615
1162170714 1162170837
1162172222 1162172517
1162173742 1162175885
1162181987 1162182007
1162182009 1162185598
1162189394 1162202657
1162251752 1162254224
1162256315 1162267836
1162271776 1162273356
1162274819 1162276168
1162277766 1162301294
1162343354 1162343941
1162343943 1162344351
1162344352 1162345752
1162345753 1162347826
1162348431 1162348438
1162349524 1162349796
1162350883 1162351185
1162352132 1162352230
1162352341 1162352362
1162352364 1162352375
1162353277 1162353438
1162353440 1162353443
1162353990 1162354488
1162354490 1162354702
1162354703 1162358132
1162399530 1162408874
1162413914 1162430892
1162444135 1162488777
1162496334 1162517271
1162528717 1162580763
1162580823 1162580954
1162581012 1162581286
1162581329 1162581335
1162582412 1162582604
1162583659 1162583826
1162584373 1162584464
1162585411 1162585496
1162585560 1162585598
1162585600 1162585648
1162586549 1162586833
1162587253 1162595573
1162609857 1162615498
1162686197 1162686248
1162686375 1162686505
1162686524 1162686610
1162686612 1162688524
1162689835 1162691310
1162699037 1162740042
1162748184 1162749899
1162749900 1162750120
1162750122 1162750180
1162750182 1162752284
1162752908 1162752952
1162753071 1162753227
1162754339 1162754417
1162755238 1162755263
1162756373 1162756699
1162758258 1162758602
1162759503 1162759986
1162760933 1162761129
1162761676 1162764735
1162782215 1162803749
1162803750 1162805306
1162805333 1162810017
1162810037 1162810049
1162866796 1162867504
1162867506 1162895252
1162900662 1162902633
1162932715 1162935972
1162936255 1162936261
1162936395 1162936643
1162950612 1162950853
1162951106 1162951384
1162952872 1162953417
1162953961 1162954086
1162955163 1162955344
1162956701 1162957487
1162958376 1162958808
1162959751 1162960167
1162960680 1162961448
1162962349 1162962372
1162962545 1162962601
1162963678 1162964231
1162964616 1162964723
1162965123 1162965290
1162965488 1162965523
1162965863 1162966224
1162974716 1162984291
1162986034 1162989436
1162994254 1162994943
1162998531 1163004096
1163010025 1163013407
1163014170 1163014174
1163014220 1163014268
1163014483 1163014521
1163014523 1163014524
1163014570 1163014701
1163014747 1163016541
1163016610 1163016702
1163021891 1163022051
1163022267 1163022598
1163022814 1163022987
1163023197 1163023467
1163023677 1163024237
1163024447 1163024539
1163024799 1163024808
1163027091 1163029550
1163039434 1163071118
1163112376 1163120660
1163196061 1163196524
1163196650 1163196652
1163196931 1163197780
1163197781 1163204271
1163217287 1163217430
1163226072 1163240847
1163283174 1163284836
1163284838 1163285587
1163301969 1163303005
1163311990 1163313057
1163313599 1163334293
1163343121 1163343430
1163352746 1163352771
1163353939 1163354509
1163462974 1163463158
1163477730 1163477865
1163496532 1163508135
1163510748 1163513952
1163515659 1163518531
1163519894 1163519999
1163521253 1163527425
1163551292 1163551327
1163555206 1163555228
1163558623 1163562149
1163579170 1163579645
1163640159 1163643375
1163647982 1163648055
1163653722 1163653745
1163654269 1163654441
1163655423 1163655949
1163657780 1163658564
1163666459 1163666496
1163674571 1163675197
1163676896 1163677110
1163679378 1163679382
1163682932 1163683410
1163685837 1163685962
1163687904 1163688163
1163710947 1163711317
1163726080 1163758014
1163766144 1163775539
1163782068 1163782555
1163784320 1163784353
1163785786 1163786686
1163786939 1163787208
1163787462 1163788604
1163788605 1163798033
1163827103 1163861488
1163892932 1163898233
1163904145 1163909218
1163913643 1163949818
1163958237 1163960679
1163963636 1163964187
1163966215 1163966249
1163966294 1163966455
1163966801 1163966817
1163966920 1163966977
1163967040 1163967043
1163967966 1163968033
1163968605 1163968714
1163970315 1163970836
1163971134 1163971206
1163971354 1163971391
1163973254 1163973389
1163974312 1163974687
1163984627 1163984732
1163986781 1163987614
1163988186 1163988309
1163988613 1163988626
1163988756 1163988782
1163989010 1163989165
1163993238 1164048508
1164070501 1164077361
1164078731 1164120820
1164146282 1164146717
1164156363 1164158893
1164160066 1164160199
1164160219 1164160273
1164160323 1164160365
1164160415 1164160433
1164160536 1164160597
1164161744 1164161831
1164162774 1164162893
1164163103 1164163209
1164163211 1164163385
1164164033 1164164105
1164164952 1164165053
1164165154 1164165223
1164166903 1164168846
1164169261 1164169645
1164169875 1164169879
1164170304 1164170676
1164171091 1164171445
1164171865 1164172180
1164173537 1164173698
1164174887 1164175761
1164187124 1164190707
1164192109 1164236922
1164236924 1164248537
1164251829 1164310484
1164320690 1164343934
1164348622 1164360978
1164365210 1164374170
1164529838 1164537641
1164598213 1164616198
1164629581 1164635962
1164651694 1164651934
1164651957 1164651962
1164652326 1164652331
1164659734 1164660710
1164660752 1164667800
1164683443 1164710983
1164710986 1164720689
1164736100 1164740204
1164753634 1164755132
1164755233 1164756405
1164756481 1164760106
1164761649 1164776579
1164777445 1164777611
1164777808 1164782047
1164786135 1164791079
1164791082 1164793478
1164801911 1164806028
1164806032 1164812491
1164815648 1164816998
1164817001 1164818182
1164819796 1164826379
1164828741 1164833253
1165040673 1165042197
1165066612 1165071622
1165116029 1165116239
1165116661 1165117344
1165117347 1165136319
1165142527 1165142571
1165142574 1165155683
1165155686 1165161123
1165161126 1165178869
1165178872 1165197631
1165207609 1165208572
1165208926 1165208932
1165209550 1165211014
1165221232 1165227393
1165229984 1165240617
1165297098 1165302024
1165308970 1165309754
1165341112 1165343066
1165372462 1165374017
1165374020 1165374037
1165374040 1165376278
1165385930 1165416478
1165441485 1165445047
1165447375 1165448955
1165449265 1165449444
1165453453 1165456312
1165459278 1165462288
1165464174 1165465529
1165470793 1165470802
1165471925 1165473451
1165482071 1165486470
1165495961 1165497692
1165502888 1165502934
1165515159 1165515180
1165531646 1165533089
1165536831 1165537768
1165559091 1165559164
1165560429 1165560486
1165560570 1165564889
1165564904 1165566146
1165578342 1165591469
1165593834 1165594449
1165597164 1165598120
1165599681 1165599906
1165603130 1165603727
1165605224 1165610167
1165617972 1165624798
1165626205 1165645273
1165654811 1165671638
1165700468 1165700770
1165702027 1165702624
1165702806 1165702922
1165703008 1165715197
1165715226 1165717877
1165727393 1165728496
1165728652 1165729094
1165729202 1165730211
1165730229 1165754544
1165759683 1165760989
1165764848 1165765381
1165766247 1165769597
1165776518 1165786892
1165787044 1165787072
1165787354 1165789195
1165791340 1165799780
1165799868 1165819029
1165822036 1165852738
1165852750 1165852789
1165852800 1165852905
1165852917 1165853005
1165853056 1165855618
1165866324 1165879420
1165888525 1165888656
1165889226 1165901544
1165901555 1165901605
1165901609 1165901629
1165901636 1165901681
1165901688 1165901730
1165901735 1165901779
1165901783 1165901808
1165901814 1165901840
1165901846 1165901881
1165901886 1165923574
1165929856 1165930213
1165930310 1165937065
1165942390 1165949514
1165954667 1165954818
1165955105 1165956633
1165956769 1165981022
1165986480 1165987880
1165989561 1165990327
1165990467 1165990565
1165991947 1165992889
1165994138 1165994763
1165996557 1165997700
1165999454 1166000635
1166221095 1166222968
1166226653 1166228548
1166232676 1166234252
1166234273 1166234688
1166234821 1166236071
1166240577 1166244085
1166258989 1166259033
1166259616 1166260336
1166262082 1166262373
1166264338 1166264834
1166272188 1166273631
1166299815 1166299989
1166305774 1166307934
1166309106 1166309142
1166309436 1166309620
1166335698 1166337592
1166338844 1166342773
1166344588 1166344604
1166344669 1166345564
1166358044 1166360599
1166362900 1166364482
1166365825 1166368401
1166387360 1166394981
1166394982 1166395080
1166398563 1166398577
1166398579 1166402759
1166404943 1166404965
1166405047 1166411643
1166412931 1166414934
1166426581 1166460329
1166463456 1166463555
1166463628 1166464368
1166465492 1166465514
1166466011 1166466018
1166466801 1166482879
1166482932 1166482957
1166482958 1166482960
1166492213 1166537992
1166565725 1166566224
1166567331 1166580162
1167536630 1167576843
1167587209 1167591502
1167593828 1167598966
1167599409 1167630078
1167633771 1167633950
1167634085 1167645305
1167654170 1167654616
1167656515 1167664848
1167667654 1167668652
1167674020 1167674112
1167678922 1167681010
1167684040 1167685973
1167690123 1167699199
1167700506 1167700529
1167705727 1167705733
1167709737 1167714001
1167715380 1167720779
1167724027 1167731834
1167734210 1167736772
1167738586 1167738623
1167740243 1167744536
1167750999 1167751084
1167751121 1167751308
1167902993 1167903008
1167940587 1167942015
1167943434 1167949648
1167979992 1167980026
1167980085 1167981254
1167982036 1167982684
1167983356 1167997482
1168004115 1168004182
1168006070 1168006138
1168008582 1168008594
1168008730 1168009047
1168017437 1168017541
1168041704 1168041746
1168041748 1168041780
1168041917 1168042137
1168042688 1168065114
1168127721 1168141499
1168147774 1168187064
1168212050 1168212384
1168217439 1168227043
1168230698 1168253757
1168257336 1168257340
1168257416 1168257554
1168257630 1168257725
1168257801 1168258405
1168258480 1168258523
1168258595 1168258902
1168258977 1168259519
1168259598 1168259820
1168259896 1168262273
1168262302 1168274146
1168277973 1168278684
1168278710 1168283398
1168286540 1168287449
1168287515 1168287783
1168287889 1168288111
1168288132 1168288692
1168290605 1168291360
1168297657 1168324637
1168331644 1168362858
1168365610 1168368715
1168376431 1168376707
1168378711 1168411190
1168417721 1168417808
1168418871 1168419095
1168419403 1168445950
1168453560 1168456930
1168458896 1168459007
1168459046 1168459775
1168459820 1168474986
1168481392 1168483585
1168483623 1168500207
1168503573 1168503625
1168503776 1168568058
1168575869 1168610505
1168620734 1168621871
1168625676 1168627502
1168629215 1168630469
1168630486 1168631793
1168632096 1168637882
1168649389 1168679566
1168693161 1168701721
1168723178 1168734522
1168734523 1168734530
1168734532 1168752594
1168761213 1168772279
1168780595 1168784610
1168790410 1168797803
1168802189 1168802217
1168802420 1168802843
1168802866 1168813588
1168813600 1168845695
1168849231 1168878582
1168878924 1168883629
1168883777 1168903467
1168920517 1168921158
1168921393 1168940105
1168949101 1169015396
1169018743 1169024595
1169035071 1169095525
1169207448 1169218066
